0.0	-1.0e-9	1.4028919614225046
0.2501563477173233	-1.0e-9	1.4028912669097955
0.5003126954346466	-1.0e-9	1.4028891833515846
0.7504690431519699	-1.0e-9	1.4028857106151909
1.0006253908692933	-1.0e-9	1.4028808484933888
1.2507817385866167	-1.0e-9	1.4028745967248726
1.5009380863039399	-1.0e-9	1.4028669549259698
1.7510944340212633	-1.0e-9	1.402857922681577
2.0012507817385865	-1.0e-9	1.402847499421635
2.25140712945591	-1.0e-9	1.4028356845805459
2.5015634771732334	-1.0e-9	1.4028224774786429
2.7517198248905568	-1.0e-9	1.40280787733308
3.0018761726078798	-1.0e-9	1.4027918832912039
3.252032520325203	-1.0e-9	1.4027744944144638
3.5021888680425266	-1.0e-9	1.4027557097306227
3.75234521575985	-1.0e-9	1.4027355281040703
4.002501563477173	-1.0e-9	1.402713948369415
4.252657911194497	-1.0e-9	1.4026909692672807
4.50281425891182	-1.0e-9	1.402666589445074
4.752970606629143	-1.0e-9	1.4026408074694443
5.003126954346467	-1.0e-9	1.4026136218301268
5.25328330206379	-1.0e-9	1.4025850309244716
5.5034396497811136	-1.0e-9	1.4025550330584484
5.7535959974984365	-1.0e-9	1.40252362646348
6.0037523452157595	-1.0e-9	1.4024908092779333
6.253908692933083	-1.0e-9	1.4024565795437194
6.504065040650406	-1.0e-9	1.4024209352385852
6.75422138836773	-1.0e-9	1.4023838741973393
7.004377736085053	-1.0e-9	1.4023453942243385
7.254534083802376	-1.0e-9	1.4023054930140337
7.5046904315197	-1.0e-9	1.4022641681434214
7.754846779237023	-1.0e-9	1.4022214171281666
8.005003126954346	-1.0e-9	1.402177237366555
8.25515947467167	-1.0e-9	1.4021316261718602
8.505315822388994	-1.0e-9	1.4020845807827835
8.755472170106316	-1.0e-9	1.4020360982864954
9.00562851782364	-1.0e-9	1.4019861757217156
9.255784865540964	-1.0e-9	1.4019348100033258
9.505941213258286	-1.0e-9	1.4018819979487687
9.75609756097561	-1.0e-9	1.4018277362914708
10.006253908692933	-1.0e-9	1.4017720216126905
10.256410256410257	-1.0e-9	1.4017148504423658
10.50656660412758	-1.0e-9	1.401656219179263
10.756722951844903	-1.0e-9	1.4015961241275003
11.006879299562227	-1.0e-9	1.401534561441733
11.25703564727955	-1.0e-9	1.4014715272223444
11.507191994996873	-1.0e-9	1.4014070174023343
11.757348342714197	-1.0e-9	1.4013410278552834
12.007504690431519	-1.0e-9	1.401273554280265
12.257661038148843	-1.0e-9	1.4012045923195036
12.507817385866167	-1.0e-9	1.401134137432641
12.757973733583489	-1.0e-9	1.401062184996115
13.008130081300813	-1.0e-9	1.4009887302450865
13.258286429018137	-1.0e-9	1.4009137683116524
13.50844277673546	-1.0e-9	1.4008372941635907
13.758599124452783	-1.0e-9	1.4007593026667804
14.008755472170106	-1.0e-9	1.400679788541368
14.25891181988743	-1.0e-9	1.4005987463532839
14.509068167604752	-1.0e-9	1.4005161705808198
14.759224515322076	-1.0e-9	1.4004320555032468
15.0093808630394	-1.0e-9	1.4003463952820492
15.259537210756722	-1.0e-9	1.4002591839418554
15.509693558474046	-1.0e-9	1.4001704153349428
15.75984990619137	-1.0e-9	1.4000800831689688
16.010006253908692	-1.0e-9	1.3999881809902153
16.260162601626018	-1.0e-9	1.3998947022146822
16.51031894934334	-1.0e-9	1.3997996400354267
16.760475297060662	-1.0e-9	1.3997029875320364
17.010631644777988	-1.0e-9	1.39960473759966
17.26078799249531	-1.0e-9	1.3995048829361991
17.51094434021263	-1.0e-9	1.3994034160913402
17.761100687929957	-1.0e-9	1.399300329405059
18.01125703564728	-1.0e-9	1.3991956150534444
18.2614133833646	-1.0e-9	1.3990892649941364
18.511569731081927	-1.0e-9	1.3989812710273013
18.76172607879925	-1.0e-9	1.398871624693698
19.01188242651657	-1.0e-9	1.3987603173920904
19.262038774233897	-1.0e-9	1.3986473402563808
19.51219512195122	-1.0e-9	1.3985326842300496
19.76235146966854	-1.0e-9	1.398416340029714
20.012507817385867	-1.0e-9	1.3982982981292744
20.26266416510319	-1.0e-9	1.3981785487915463
20.512820512820515	-1.0e-9	1.3980570820147276
20.762976860537837	-1.0e-9	1.3979338875582263
21.01313320825516	-1.0e-9	1.3978089549307122
21.263289555972484	-1.0e-9	1.3976822733554635
21.513445903689806	-1.0e-9	1.3975538318173688
21.76360225140713	-1.0e-9	1.397423618990817
22.013758599124454	-1.0e-9	1.3972916232894192
22.263914946841776	-1.0e-9	1.3971578328043177
22.5140712945591	-1.0e-9	1.3970222353444877
22.764227642276424	-1.0e-9	1.3968848184045561
23.014383989993746	-1.0e-9	1.3967455691218496
23.264540337711068	-1.0e-9	1.3966044743450343
23.514696685428394	-1.0e-9	1.3964615205451274
23.764853033145716	-1.0e-9	1.3963166938489102
24.015009380863038	-1.0e-9	1.3961699800154357
24.265165728580364	-1.0e-9	1.3960213643985329
24.515322076297686	-1.0e-9	1.3958708320011652
24.765478424015008	-1.0e-9	1.3957183673694546
25.015634771732334	-1.0e-9	1.395563954659614
25.265791119449656	-1.0e-9	1.3954075775964878
25.515947467166978	-1.0e-9	1.395249219389633
25.766103814884303	-1.0e-9	1.3950888628802731
26.016260162601625	-1.0e-9	1.3949264903170433
26.26641651031895	-1.0e-9	1.3947620834902066
26.516572858036273	-1.0e-9	1.3945956236949075
26.766729205753595	-1.0e-9	1.3944270916114316
27.01688555347092	-1.0e-9	1.3942564673874047
27.267041901188243	-1.0e-9	1.3940837305863745
27.517198248905565	-1.0e-9	1.3939088601266827
27.76735459662289	-1.0e-9	1.3937318343052034
28.017510944340213	-1.0e-9	1.3935526307393329
28.267667292057535	-1.0e-9	1.3933712263643572
28.51782363977486	-1.0e-9	1.393187597363926
28.767979987492183	-1.0e-9	1.3930017191584778
29.018136335209505	-1.0e-9	1.3928135664068169
29.26829268292683	-1.0e-9	1.3926231128781652
29.518449030644152	-1.0e-9	1.3924303315152833
29.768605378361475	-1.0e-9	1.3922351943259912
30.0187617260788	-1.0e-9	1.3920376723776324
30.268918073796122	-1.0e-9	1.3918377356916807
30.519074421513444	-1.0e-9	1.3916353532868209
30.76923076923077	-1.0e-9	1.39143049302712
31.019387116948092	-1.0e-9	1.391223121619704
31.269543464665414	-1.0e-9	1.3910132045458616
31.51969981238274	-1.0e-9	1.3908007059739462
31.769856160100062	-1.0e-9	1.3905855887147682
32.020012507817384	-1.0e-9	1.3903678141050617
32.270168855534706	-1.0e-9	1.3901473420004413
32.520325203252035	-1.0e-9	1.3899241305484553
32.77048155096936	-1.0e-9	1.3896981362497955
33.02063789868668	-1.0e-9	1.3894693137179643
33.270794246404	-1.0e-9	1.3892376156978177
33.520950594121324	-1.0e-9	1.3890029927513647
33.771106941838646	-1.0e-9	1.3887653933328714
34.021263289555975	-1.0e-9	1.388524763467135
34.2714196372733	-1.0e-9	1.3882810466924131
34.52157598499062	-1.0e-9	1.3880341838199894
34.77173233270794	-1.0e-9	1.3877841127705435
35.02188868042526	-1.0e-9	1.3875307683312554
35.27204502814259	-1.0e-9	1.3872740819276932
35.522201375859915	-1.0e-9	1.3870139813456748
35.77235772357724	-1.0e-9	1.386750390445587
36.02251407129456	-1.0e-9	1.386483228798251
36.27267041901188	-1.0e-9	1.38621241136347
36.5228267667292	-1.0e-9	1.3859378479939763
36.77298311444653	-1.0e-9	1.3856594430626705
37.023139462163854	-1.0e-9	1.385377094832119
37.273295809881176	-1.0e-9	1.38509069487842
37.5234521575985	-1.0e-9	1.3848001274361095
37.77360850531582	-1.0e-9	1.384505268536978
38.02376485303314	-1.0e-9	1.3842059851251889
38.27392120075047	-1.0e-9	1.3839021339640738
38.524077548467794	-1.0e-9	1.383593560403725
38.774233896185116	-1.0e-9	1.3832800969201222
39.02439024390244	-1.0e-9	1.3829615613100295
39.27454659161976	-1.0e-9	1.3826377546813209
39.52470293933708	-1.0e-9	1.3823084588872248
39.77485928705441	-1.0e-9	1.3819734334603746
40.025015634771734	-1.0e-9	1.3816324118591392
40.275171982489056	-1.0e-9	1.3812850967321362
40.52532833020638	-1.0e-9	1.3809311539427302
40.7754846779237	-1.0e-9	1.380570204784587
41.02564102564103	-1.0e-9	1.3802018160536442
41.27579737335835	-1.0e-9	1.3798254861727408
41.52595372107567	-1.0e-9	1.3794406266481445
41.776110068792995	-1.0e-9	1.379046535213377
42.02626641651032	-1.0e-9	1.3786423562274814
42.27642276422764	-1.0e-9	1.378227018789303
42.52657911194497	-1.0e-9	1.3777991339023907
42.77673545966229	-1.0e-9	1.3773568070871531
43.02689180737961	-1.0e-9	1.3768972488726505
43.277048155096935	-1.0e-9	1.376415765572004
43.52720450281426	-1.0e-9	1.3759014165010286
43.77736085053158	-1.0e-9	1.375330956008537
44.02751719824891	-1.0e-9	1.3747623391840464
44.27767354596623	-1.0e-9	1.3742016686441778
44.52782989368355	-1.0e-9	1.3736487292374715
44.777986241400875	-1.0e-9	1.3731033264801245
45.0281425891182	-1.0e-9	1.3725652523892051
45.27829893683552	-1.0e-9	1.3720343529530752
45.52845528455285	-1.0e-9	1.3715104655322505
45.77861163227017	-1.0e-9	1.3709934081084416
46.02876797998749	-1.0e-9	1.3704830437918147
46.278924327704814	-1.0e-9	1.36997924553682
46.529080675422136	-1.0e-9	1.3694818817992382
46.779237023139466	-1.0e-9	1.3689908166036435
47.02939337085679	-1.0e-9	1.3685059116087863
47.27954971857411	-1.0e-9	1.3680270613348
47.52970606629143	-1.0e-9	1.3675541574540069
47.779862414008754	-1.0e-9	1.367087092078718
48.030018761726076	-1.0e-9	1.3666257589781896
48.280175109443405	-1.0e-9	1.3661700519950533
48.53033145716073	-1.0e-9	1.365719870549694
48.78048780487805	-1.0e-9	1.365275121433258
49.03064415259537	-1.0e-9	1.3648357123747266
49.280800500312694	-1.0e-9	1.364401553586643
49.530956848030016	-1.0e-9	1.3639725583568463
49.781113195747345	-1.0e-9	1.3635486438915998
50.03126954346467	-1.0e-9	1.3631297349453213
50.28142589118199	-1.0e-9	1.362715747294304
50.53158223889931	-1.0e-9	1.3623065960877345
50.78173858661663	-1.0e-9	1.361902201614371
51.031894934333955	-1.0e-9	1.3615024873116868
51.282051282051285	-1.0e-9	1.3611073794270634
51.53220762976861	-1.0e-9	1.360716807103657
51.78236397748593	-1.0e-9	1.3603307030179925
52.03252032520325	-1.0e-9	1.3599490049129046
52.28267667292057	-1.0e-9	1.359571663139804
52.5328330206379	-1.0e-9	1.3591986067641104
52.782989368355224	-1.0e-9	1.3588297599493453
53.033145716072546	-1.0e-9	1.358465055236507
53.28330206378987	-1.0e-9	1.3581044286734074
53.53345841150719	-1.0e-9	1.357747818990616
53.78361475922451	-1.0e-9	1.357395167562176
54.03377110694184	-1.0e-9	1.3570464186232845
54.283927454659164	-1.0e-9	1.3567015201075692
54.534083802376486	-1.0e-9	1.3563604274626722
54.78424015009381	-1.0e-9	1.3560231055544218
55.03439649781113	-1.0e-9	1.355689483347614
55.28455284552845	-1.0e-9	1.3553594990887916
55.53470919324578	-1.0e-9	1.3550330967096123
55.784865540963104	-1.0e-9	1.354710223136143
56.035021888680426	-1.0e-9	1.3543908274384309
56.28517823639775	-1.0e-9	1.3540748609059314
56.53533458411507	-1.0e-9	1.3537622769300555
56.78549093183239	-1.0e-9	1.3534530312921333
57.03564727954972	-1.0e-9	1.3531470832241743
57.28580362726704	-1.0e-9	1.3528443983891796
57.535959974984365	-1.0e-9	1.3525449540664176
57.78611632270169	-1.0e-9	1.352248689264246
58.03627267041901	-1.0e-9	1.3519555504107816
58.28642901813634	-1.0e-9	1.3516654903047507
58.53658536585366	-1.0e-9	1.3513784643743667
58.78674171357098	-1.0e-9	1.351094430073902
59.036898061288305	-1.0e-9	1.350813346391195
59.28705440900563	-1.0e-9	1.3505351740064426
59.53721075672295	-1.0e-9	1.3502598751165606
59.78736710444028	-1.0e-9	1.3499874135512568
60.0375234521576	-1.0e-9	1.3497177553260413
60.28767979987492	-1.0e-9	1.3494508693641238
60.537836147592245	-1.0e-9	1.3491867320153645
60.78799249530957	-1.0e-9	1.348925324648172
61.03814884302689	-1.0e-9	1.3486665939485551
61.28830519074422	-1.0e-9	1.3484104969597757
61.53846153846154	-1.0e-9	1.348156995350955
61.78861788617886	-1.0e-9	1.3479060530130762
62.038774233896184	-1.0e-9	1.347657635339431
62.288930581613506	-1.0e-9	1.3474117089440623
62.53908692933083	-1.0e-9	1.3471682416260247
62.78924327704816	-1.0e-9	1.3469272022419545
63.03939962476548	-1.0e-9	1.3466885607036299
63.2895559724828	-1.0e-9	1.3464522880944823
63.539712320200124	-1.0e-9	1.3462183567208188
63.789868667917446	-1.0e-9	1.3459867404601513
64.04002501563477	-1.0e-9	1.3457574153577985
64.29018136335209	-1.0e-9	1.34553036239777
64.54033771106941	-1.0e-9	1.3453055720482843
64.79049405878675	-1.0e-9	1.345083002811051
65.04065040650407	-1.0e-9	1.3448626183184302
65.29080675422139	-1.0e-9	1.3446443875651246
65.54096310193871	-1.0e-9	1.344428281398243
65.79111944965604	-1.0e-9	1.3442142721660668
66.04127579737336	-1.0e-9	1.344002333015574
66.29143214509068	-1.0e-9	1.3437924380655075
66.541588492808	-1.0e-9	1.3435845619728384
66.79174484052533	-1.0e-9	1.3433786804034749
67.04190118824265	-1.0e-9	1.3431747693670522
67.29205753595997	-1.0e-9	1.3429728058458734
67.54221388367729	-1.0e-9	1.342772767485649
67.79237023139463	-1.0e-9	1.3425746325760333
68.04252657911195	-1.0e-9	1.3423783802340554
68.29268292682927	-1.0e-9	1.3421839907503164
68.5428392745466	-1.0e-9	1.3419914455731456
68.79299562226392	-1.0e-9	1.3418007289562217
69.04315196998124	-1.0e-9	1.3416118331883748
69.29330831769856	-1.0e-9	1.3414247345172543
69.54346466541588	-1.0e-9	1.3412394024386374
69.7936210131332	-1.0e-9	1.341055812779836
70.04377736085053	-1.0e-9	1.3408739433098087
70.29393370856785	-1.0e-9	1.340693772711457
70.54409005628519	-1.0e-9	1.3405152804885565
70.79424640400251	-1.0e-9	1.340338446810269
71.04440275171983	-1.0e-9	1.3401632522971838
71.29455909943715	-1.0e-9	1.3399896781598097
71.54471544715447	-1.0e-9	1.3398177062083676
71.7948717948718	-1.0e-9	1.3396473183366135
72.04502814258912	-1.0e-9	1.3394784972966856
72.29518449030644	-1.0e-9	1.3393112261212676
72.54534083802376	-1.0e-9	1.3391454884976741
72.79549718574108	-1.0e-9	1.3389812684765539
73.0456535334584	-1.0e-9	1.3388185508905368
73.29580988117573	-1.0e-9	1.3386573215091686
73.54596622889306	-1.0e-9	1.3384975680134295
73.79612257661039	-1.0e-9	1.3383392832539978
74.04627892432771	-1.0e-9	1.3381824487260385
74.29643527204503	-1.0e-9	1.338027042472924
74.54659161976235	-1.0e-9	1.3378730465884188
74.79674796747967	-1.0e-9	1.3377204443969415
75.046904315197	-1.0e-9	1.337569219909809
75.29706066291432	-1.0e-9	1.3374193575722393
75.54721701063164	-1.0e-9	1.3372708423872428
75.79737335834896	-1.0e-9	1.3371236596755631
76.04752970606629	-1.0e-9	1.3369777951185586
76.29768605378362	-1.0e-9	1.336833234669056
76.54784240150094	-1.0e-9	1.3366899645751422
76.79799874921827	-1.0e-9	1.3365479715334663
77.04815509693559	-1.0e-9	1.3364072423900708
77.29831144465291	-1.0e-9	1.336267764399203
77.54846779237023	-1.0e-9	1.3361295250858973
77.79862414008755	-1.0e-9	1.3359925123617393
78.04878048780488	-1.0e-9	1.3358567145301268
78.2989368355222	-1.0e-9	1.335722120455439
78.54909318323952	-1.0e-9	1.3355887197503737
78.79924953095684	-1.0e-9	1.3354565042404236
79.04940587867416	-1.0e-9	1.3353254670449144
79.2995622263915	-1.0e-9	1.335195590575296
79.54971857410882	-1.0e-9	1.3350668606338234
79.79987492182615	-1.0e-9	1.3349392642918376
80.05003126954347	-1.0e-9	1.3348127891287678
80.30018761726079	-1.0e-9	1.3346874235481456
80.55034396497811	-1.0e-9	1.3345631558332434
80.80050031269543	-1.0e-9	1.33443997497051
81.05065666041276	-1.0e-9	1.334317869735738
81.30081300813008	-1.0e-9	1.3341968294350006
81.5509693558474	-1.0e-9	1.334076843559277
81.80112570356472	-1.0e-9	1.3339579018034606
82.05128205128206	-1.0e-9	1.3338399938185799
82.30143839899938	-1.0e-9	1.3337231098172495
82.5515947467167	-1.0e-9	1.3336072400762804
82.80175109443402	-1.0e-9	1.333492374846582
83.05190744215135	-1.0e-9	1.333378504885912
83.30206378986867	-1.0e-9	1.3332656212405696
83.55222013758599	-1.0e-9	1.3331537147815817
83.80237648530331	-1.0e-9	1.3330427768967292
84.05253283302063	-1.0e-9	1.332932799589406
84.30268918073796	-1.0e-9	1.3328237754323873
84.55284552845528	-1.0e-9	1.3327156994459426
84.8030018761726	-1.0e-9	1.3326085616067331
85.05315822388994	-1.0e-9	1.3325023502735742
85.30331457160726	-1.0e-9	1.3323970557663176
85.55347091932458	-1.0e-9	1.3322926687773478
85.8036272670419	-1.0e-9	1.3321891805023902
86.05378361475923	-1.0e-9	1.3320865822234385
86.30393996247655	-1.0e-9	1.3319848654629858
86.55409631019387	-1.0e-9	1.3318840220583337
86.80425265791119	-1.0e-9	1.3317840436288868
87.05440900562851	-1.0e-9	1.3316849223696812
87.30456535334584	-1.0e-9	1.331586650484771
87.55472170106316	-1.0e-9	1.3314892199884028
87.8048780487805	-1.0e-9	1.3313926235218763
88.05503439649782	-1.0e-9	1.3312968536428627
88.30519074421514	-1.0e-9	1.3312019028488697
88.55534709193246	-1.0e-9	1.3311077641138354
88.80550343964978	-1.0e-9	1.3310144301390578
89.0556597873671	-1.0e-9	1.3309218942460976
89.30581613508443	-1.0e-9	1.3308301493400359
89.55597248280175	-1.0e-9	1.3307391889788118
89.80612883051907	-1.0e-9	1.33064900653135
90.0562851782364	-1.0e-9	1.3305595958681447
90.30644152595372	-1.0e-9	1.3304709509769133
90.55659787367104	-1.0e-9	1.330383068696771
90.80675422138837	-1.0e-9	1.3302959403856096
91.0569105691057	-1.0e-9	1.3302095589439036
91.30706691682302	-1.0e-9	1.3301239175719617
91.55722326454034	-1.0e-9	1.3300390089739371
91.80737961225766	-1.0e-9	1.3299548261087868
92.05753595997498	-1.0e-9	1.3298713635535815
92.3076923076923	-1.0e-9	1.3297886139119466
92.55784865540963	-1.0e-9	1.3297065715800402
92.80800500312695	-1.0e-9	1.3296252311856944
93.05816135084427	-1.0e-9	1.3295445853197356
93.3083176985616	-1.0e-9	1.3294646289712868
93.55847404627893	-1.0e-9	1.3293853563874511
93.80863039399625	-1.0e-9	1.3293067618114711
94.05878674171358	-1.0e-9	1.3292288392209906
94.3089430894309	-1.0e-9	1.3291515829488918
94.55909943714822	-1.0e-9	1.3290749881850676
94.80925578486554	-1.0e-9	1.3289990496087194
95.05941213258286	-1.0e-9	1.3289237611638882
95.30956848030019	-1.0e-9	1.3288491175985926
95.55972482801751	-1.0e-9	1.328775115315292
95.80988117573483	-1.0e-9	1.328701747134837
96.06003752345215	-1.0e-9	1.3286290092179132
96.31019387116947	-1.0e-9	1.3285568970967023
96.56035021888681	-1.0e-9	1.328485404999117
96.81050656660413	-1.0e-9	1.3284145286607907
97.06066291432145	-1.0e-9	1.3283442638305434
97.31081926203878	-1.0e-9	1.3282746065117275
97.5609756097561	-1.0e-9	1.328205552629372
97.81113195747342	-1.0e-9	1.3281370959578789
98.06128830519074	-1.0e-9	1.3280692315587874
98.31144465290807	-1.0e-9	1.3280019538716532
98.56160100062539	-1.0e-9	1.327935258948052
98.81175734834271	-1.0e-9	1.3278691420069608
99.06191369606003	-1.0e-9	1.3278035984595686
99.31207004377737	-1.0e-9	1.3277386226670596
99.56222639149469	-1.0e-9	1.327674212244215
99.81238273921201	-1.0e-9	1.3276103615594272
100.06253908692933	-1.0e-9	1.327547066433302
100.31269543464666	-1.0e-9	1.3274843222080168
100.56285178236398	-1.0e-9	1.327422125979544
100.8130081300813	-1.0e-9	1.3273604721020587
101.06316447779862	-1.0e-9	1.3272993574394372
101.31332082551594	-1.0e-9	1.3272387776515993
101.56347717323327	-1.0e-9	1.3271787288051424
101.81363352095059	-1.0e-9	1.32711920675355
102.06378986866791	-1.0e-9	1.327060207739642
102.31394621638525	-1.0e-9	1.3270017279022177
102.56410256410257	-1.0e-9	1.3269437639237072
102.81425891181989	-1.0e-9	1.3268863107827225
103.06441525953721	-1.0e-9	1.326829366123348
103.31457160725454	-1.0e-9	1.3267729257123335
103.56472795497186	-1.0e-9	1.3267169862353236
103.81488430268918	-1.0e-9	1.326661543378104
104.0650406504065	-1.0e-9	1.3266065947730845
104.31519699812382	-1.0e-9	1.3265521364939759
104.56535334584115	-1.0e-9	1.3264981658729953
104.81550969355847	-1.0e-9	1.3264446787942665
105.0656660412758	-1.0e-9	1.3263916718978632
105.31582238899313	-1.0e-9	1.3263391412431313
105.56597873671045	-1.0e-9	1.3262870833214973
105.81613508442777	-1.0e-9	1.32623549515583
106.06629143214509	-1.0e-9	1.3261843728949814
106.31644777986241	-1.0e-9	1.326133713548224
106.56660412757974	-1.0e-9	1.3260835136546365
106.81676047529706	-1.0e-9	1.326033770336866
107.06691682301438	-1.0e-9	1.3259844800694498
107.3170731707317	-1.0e-9	1.3259356396992426
107.56722951844903	-1.0e-9	1.3258872465058273
107.81738586616635	-1.0e-9	1.3258392968064954
108.06754221388368	-1.0e-9	1.325791787482766
108.317698561601	-1.0e-9	1.3257447165431806
108.56785490931833	-1.0e-9	1.3256980797827025
108.81801125703565	-1.0e-9	1.3256518750801671
109.06816760475297	-1.0e-9	1.3256060992470728
109.3183239524703	-1.0e-9	1.3255607494270674
109.56848030018762	-1.0e-9	1.3255158227345927
109.81863664790494	-1.0e-9	1.3254713164991399
110.06879299562226	-1.0e-9	1.3254272274505041
110.31894934333958	-1.0e-9	1.3253835533165765
110.5691056910569	-1.0e-9	1.3253402914612398
110.81926203877424	-1.0e-9	1.3252974379259943
111.06941838649156	-1.0e-9	1.325254991547121
111.31957473420889	-1.0e-9	1.325212949700473
111.56973108192621	-1.0e-9	1.3251713092038688
111.81988742964353	-1.0e-9	1.3251300670412658
112.07004377736085	-1.0e-9	1.3250892214453012
112.32020012507817	-1.0e-9	1.3250487693727053
112.5703564727955	-1.0e-9	1.3250087090927238
112.82051282051282	-1.0e-9	1.3249690371005052
113.07066916823014	-1.0e-9	1.3249297515376852
113.32082551594746	-1.0e-9	1.3248908491032445
113.57098186366478	-1.0e-9	1.3248523283537523
113.82113821138212	-1.0e-9	1.3248141859801816
114.07129455909944	-1.0e-9	1.3247764205044323
114.32145090681676	-1.0e-9	1.324739028869728
114.57160725453409	-1.0e-9	1.3247020084930934
114.82176360225141	-1.0e-9	1.3246653583533499
115.07191994996873	-1.0e-9	1.3246290745049079
115.32207629768605	-1.0e-9	1.324593155609036
115.57223264540337	-1.0e-9	1.324557600379656
115.8223889931207	-1.0e-9	1.3245224037552914
116.07254534083802	-1.0e-9	1.3244875657964428
116.32270168855534	-1.0e-9	1.324453083449851
116.57285803627268	-1.0e-9	1.324418955388303
116.82301438399	-1.0e-9	1.324385178815917
117.07317073170732	-1.0e-9	1.3243517510466813
117.32332707942464	-1.0e-9	1.3243186714139417
117.57348342714197	-1.0e-9	1.3242859369321376
117.82363977485929	-1.0e-9	1.324253545099976
118.07379612257661	-1.0e-9	1.3242214948451334
118.32395247029393	-1.0e-9	1.3241897829009843
118.57410881801125	-1.0e-9	1.3241584093643246
118.82426516572858	-1.0e-9	1.3241273696200937
119.0744215134459	-1.0e-9	1.3240966632360882
119.32457786116322	-1.0e-9	1.3240662878583687
119.57473420888056	-1.0e-9	1.3240362423645662
119.82489055659788	-1.0e-9	1.3240065233426763
120.0750469043152	-1.0e-9	1.3239771294064377
120.32520325203252	-1.0e-9	1.3239480592748238
120.57535959974985	-1.0e-9	1.323919310755794
120.82551594746717	-1.0e-9	1.3238908813693364
121.07567229518449	-1.0e-9	1.3238627695751333
121.32582864290181	-1.0e-9	1.3238349735818389
121.57598499061913	-1.0e-9	1.3238074934451316
121.82614133833646	-1.0e-9	1.3237803248043263
122.07629768605378	-1.0e-9	1.323753465944972
122.32645403377111	-1.0e-9	1.3237269177865034
122.57661038148844	-1.0e-9	1.3237006768150088
122.82676672920576	-1.0e-9	1.323674741655841
123.07692307692308	-1.0e-9	1.3236491095062186
123.3270794246404	-1.0e-9	1.3236237790945697
123.57723577235772	-1.0e-9	1.3235987506976585
123.82739212007505	-1.0e-9	1.3235740199836812
124.07754846779237	-1.0e-9	1.3235495884043627
124.32770481550969	-1.0e-9	1.323525451289097
124.57786116322701	-1.0e-9	1.3235016084747082
124.82801751094433	-1.0e-9	1.323478057757354
125.07817385866166	-1.0e-9	1.323454798612281
125.328330206379	-1.0e-9	1.3234318284841646
125.57848655409632	-1.0e-9	1.323409146186045
125.82864290181364	-1.0e-9	1.323386749899491
126.07879924953096	-1.0e-9	1.3233646384935631
126.32895559724828	-1.0e-9	1.3233428099688005
126.5791119449656	-1.0e-9	1.3233212631488882
126.82926829268293	-1.0e-9	1.3232999975211237
127.07942464040025	-1.0e-9	1.3232790093438596
127.32958098811757	-1.0e-9	1.3232582993003381
127.57973733583489	-1.0e-9	1.3232378640129785
127.82989368355221	-1.0e-9	1.3232177031792935
128.08005003126954	-1.0e-9	1.3231978199365375
128.33020637898687	-1.0e-9	1.3231782020736051
128.58036272670418	-1.0e-9	1.3231588556591316
128.83051907442152	-1.0e-9	1.32313977728246
129.08067542213882	-1.0e-9	1.3231209663612093
129.33083176985616	-1.0e-9	1.3231024183811217
129.5809881175735	-1.0e-9	1.323084138304765
129.8311444652908	-1.0e-9	1.32306611966428
130.08130081300814	-1.0e-9	1.3230483614888995
130.33145716072545	-1.0e-9	1.323030865248281
130.58161350844279	-1.0e-9	1.3230136287001542
130.8317698561601	-1.0e-9	1.3229966497035301
131.08192620387743	-1.0e-9	1.3229799263543642
131.33208255159474	-1.0e-9	1.32296346123538
131.58223889931207	-1.0e-9	1.3229472468737093
131.83239524702938	-1.0e-9	1.322931288273999
132.08255159474672	-1.0e-9	1.3229155813851305
132.33270794246403	-1.0e-9	1.3229001230553212
132.58286429018136	-1.0e-9	1.3228849148842514
132.8330206378987	-1.0e-9	1.3228699545522689
133.083176985616	-1.0e-9	1.3228552438602517
133.33333333333334	-1.0e-9	1.322840776219448
133.58348968105065	-1.0e-9	1.3228265537225812
133.833646028768	-1.0e-9	1.3228125741360648
134.0838023764853	-1.0e-9	1.3227988376035713
134.33395872420263	-1.0e-9	1.3227853421238993
134.58411507191994	-1.0e-9	1.322772087955146
134.83427141963728	-1.0e-9	1.3227590700797562
135.08442776735458	-1.0e-9	1.3227462906397864
135.33458411507192	-1.0e-9	1.3227337484327184
135.58474046278926	-1.0e-9	1.3227214411735861
135.83489681050656	-1.0e-9	1.322709369799135
136.0850531582239	-1.0e-9	1.3226975287544482
136.3352095059412	-1.0e-9	1.3226859228744905
136.58536585365854	-1.0e-9	1.3226745463830374
136.83552220137585	-1.0e-9	1.3226634002340198
137.0856785490932	-1.0e-9	1.322652481902438
137.3358348968105	-1.0e-9	1.3226417933913908
137.58599124452783	-1.0e-9	1.3226313277924533
137.83614759224514	-1.0e-9	1.3226210902933777
138.08630393996248	-1.0e-9	1.3226110777090199
138.3364602876798	-1.0e-9	1.3226012863329797
138.58661663539712	-1.0e-9	1.3225917182678744
138.83677298311446	-1.0e-9	1.322582373070362
139.08692933083177	-1.0e-9	1.3225732472588383
139.3370856785491	-1.0e-9	1.3225643419172433
139.5872420262664	-1.0e-9	1.3225556540121544
139.83739837398375	-1.0e-9	1.3225471858301618
140.08755472170105	-1.0e-9	1.3225389350781727
140.3377110694184	-1.0e-9	1.3225308987861237
140.5878674171357	-1.0e-9	1.322523079717277
140.83802376485303	-1.0e-9	1.3225154735494857
141.08818011257037	-1.0e-9	1.3225080804572564
141.33833646028768	-1.0e-9	1.3225009010404243
141.58849280800501	-1.0e-9	1.3224939336052182
141.83864915572232	-1.0e-9	1.3224871754088898
142.08880550343966	-1.0e-9	1.322480628514242
142.33896185115697	-1.0e-9	1.322474290797014
142.5891181988743	-1.0e-9	1.3224681597578536
142.8392745465916	-1.0e-9	1.322462235543361
143.08943089430895	-1.0e-9	1.3224565199055613
143.33958724202625	-1.0e-9	1.322451008291464
143.5897435897436	-1.0e-9	1.3224457012635913
143.8398999374609	-1.0e-9	1.3224405988627754
144.09005628517824	-1.0e-9	1.3224356984708399
144.34021263289557	-1.0e-9	1.322431002060784
144.59036898061288	-1.0e-9	1.3224265051082384
144.84052532833022	-1.0e-9	1.3224222085665711
145.09068167604752	-1.0e-9	1.322418113034919
145.34083802376486	-1.0e-9	1.322414216339226
145.59099437148217	-1.0e-9	1.3224105159496735
145.8411507191995	-1.0e-9	1.3224070131145091
146.0913070669168	-1.0e-9	1.3224037067851746
146.34146341463415	-1.0e-9	1.322400595547481
146.59161976235146	-1.0e-9	1.3223976817919634
146.8417761100688	-1.0e-9	1.3223949612977703
147.09193245778613	-1.0e-9	1.3223924309398043
147.34208880550344	-1.0e-9	1.3223900939257327
147.59224515322077	-1.0e-9	1.3223879491579735
147.84240150093808	-1.0e-9	1.3223859942539167
148.09255784865542	-1.0e-9	1.3223842286296197
148.34271419637273	-1.0e-9	1.3223826526878324
148.59287054409006	-1.0e-9	1.3223812639527681
148.84302689180737	-1.0e-9	1.3223800653307438
149.0931832395247	-1.0e-9	1.3223790537558902
149.343339587242	-1.0e-9	1.3223782297657325
149.59349593495935	-1.0e-9	1.3223775897283643
149.8436522826767	-1.0e-9	1.322377134865421
150.093808630394	-1.0e-9	1.3223768673474434
150.34396497811133	-1.0e-9	1.3223767829911863
150.59412132582864	-1.0e-9	1.322376880824113
150.84427767354597	-1.0e-9	1.3223771631974295
151.09443402126328	-1.0e-9	1.3223776250646513
151.34459036898062	-1.0e-9	1.3223782687895176
151.59474671669793	-1.0e-9	1.3223790947383927
151.84490306441526	-1.0e-9	1.322380098532329
152.09505941213257	-1.0e-9	1.3223812848967742
152.3452157598499	-1.0e-9	1.3223826475186409
152.59537210756724	-1.0e-9	1.3223841878806792
152.84552845528455	-1.0e-9	1.322385908883998
153.0956848030019	-1.0e-9	1.322387803668711
153.3458411507192	-1.0e-9	1.3223898745471778
153.59599749843653	-1.0e-9	1.3223921208940608
153.84615384615384	-1.0e-9	1.3223945440701679
154.09631019387118	-1.0e-9	1.3223971395859615
154.34646654158848	-1.0e-9	1.3223999102875112
154.59662288930582	-1.0e-9	1.3224028512490542
154.84677923702313	-1.0e-9	1.322405968251551
155.09693558474046	-1.0e-9	1.322409255766609
155.34709193245777	-1.0e-9	1.3224127141499182
155.5972482801751	-1.0e-9	1.3224163438918932
155.84740462789244	-1.0e-9	1.322420141596222
156.09756097560975	-1.0e-9	1.3224241103677623
156.3477173233271	-1.0e-9	1.3224282465838637
156.5978736710444	-1.0e-9	1.3224325511505455
156.84803001876173	-1.0e-9	1.3224370242030046
157.09818636647904	-1.0e-9	1.322441661766311
157.34834271419638	-1.0e-9	1.3224464674941199
157.59849906191369	-1.0e-9	1.3224514357967232
157.84865540963102	-1.0e-9	1.3224565727534061
158.09881175734833	-1.0e-9	1.3224618708593068
158.34896810506567	-1.0e-9	1.3224673345923876
158.599124452783	-1.0e-9	1.322472960135971
158.8492808005003	-1.0e-9	1.3224787518677368
159.09943714821765	-1.0e-9	1.3224847064401888
159.34959349593495	-1.0e-9	1.3224908218071814
159.5997498436523	-1.0e-9	1.3224970981742263
159.8499061913696	-1.0e-9	1.3225035377131042
160.10006253908693	-1.0e-9	1.3225101340892655
160.35021888680424	-1.0e-9	1.322516897630776
160.60037523452158	-1.0e-9	1.3225238143606983
160.8505315822389	-1.0e-9	1.3225308930022464
161.10068792995622	-1.0e-9	1.3225381326494494
161.35084427767356	-1.0e-9	1.3225455271306765
161.60100062539087	-1.0e-9	1.322553081443051
161.8511569731082	-1.0e-9	1.3225607910331352
162.1013133208255	-1.0e-9	1.3225686602233986
162.35146966854285	-1.0e-9	1.3225766832081995
162.60162601626016	-1.0e-9	1.3225848657527486
162.8517823639775	-1.0e-9	1.3225931996666214
163.1019387116948	-1.0e-9	1.3226016911106917
163.35209505941214	-1.0e-9	1.3226103348001466
163.60225140712944	-1.0e-9	1.3226191321942242
163.85240775484678	-1.0e-9	1.322628087047701
164.10256410256412	-1.0e-9	1.3226371912224584
164.35272045028142	-1.0e-9	1.3226464511612817
164.60287679799876	-1.0e-9	1.3226558626758855
164.85303314571607	-1.0e-9	1.322665422846283
165.1031894934334	-1.0e-9	1.3226751373729555
165.3533458411507	-1.0e-9	1.3226850013007936
165.60350218886805	-1.0e-9	1.3226950189487172
165.85365853658536	-1.0e-9	1.3227051838699992
166.1038148843027	-1.0e-9	1.322715498421682
166.35397123202	-1.0e-9	1.32272596060249
166.60412757973734	-1.0e-9	1.3227365734587682
166.85428392745465	-1.0e-9	1.3227473332783322
167.10444027517198	-1.0e-9	1.3227582422802486
167.35459662288932	-1.0e-9	1.3227692961932855
167.60475297060663	-1.0e-9	1.3227804986625897
167.85490931832396	-1.0e-9	1.3227918459958075
168.10506566604127	-1.0e-9	1.3228033406344184
168.3552220137586	-1.0e-9	1.3228149790699104
168.6053783614759	-1.0e-9	1.3228267638689228
168.85553470919325	-1.0e-9	1.3228386930182197
169.10569105691056	-1.0e-9	1.322850766319074
169.3558474046279	-1.0e-9	1.3228629829251473
169.6060037523452	-1.0e-9	1.3228753442569148
169.85616010006254	-1.0e-9	1.322887843390378
170.10631644777988	-1.0e-9	1.3229004873442636
170.35647279549718	-1.0e-9	1.3229132745024723
170.60662914321452	-1.0e-9	1.322926200122241
170.85678549093183	-1.0e-9	1.3229392700601126
171.10694183864916	-1.0e-9	1.3229524780842583
171.35709818636647	-1.0e-9	1.32296582932872
171.6072545340838	-1.0e-9	1.3229793205381912
171.85741088180112	-1.0e-9	1.3229929518541443
172.10756722951845	-1.0e-9	1.3230067217557342
172.35772357723576	-1.0e-9	1.3230206307845949
172.6078799249531	-1.0e-9	1.3230346818254932
172.85803627267043	-1.0e-9	1.323048868964998
173.10819262038774	-1.0e-9	1.323063195762385
173.35834896810508	-1.0e-9	1.323077658478982
173.60850531582238	-1.0e-9	1.3230922614459335
173.85866166353972	-1.0e-9	1.3231070004390284
174.10881801125703	-1.0e-9	1.323121878062649
174.35897435897436	-1.0e-9	1.3231368905011465
174.60913070669167	-1.0e-9	1.3231520402696981
174.859287054409	-1.0e-9	1.3231673251792
175.10944340212632	-1.0e-9	1.3231827480147946
175.35959974984365	-1.0e-9	1.3231983044020361
175.609756097561	-1.0e-9	1.3232139932553295
175.8599124452783	-1.0e-9	1.3232298227662387
176.11006879299563	-1.0e-9	1.3232457825288215
176.36022514071294	-1.0e-9	1.3232618769538829
176.61038148843028	-1.0e-9	1.3232781077246025
176.86053783614759	-1.0e-9	1.3232944676510787
177.11069418386492	-1.0e-9	1.3233109627152737
177.36085053158223	-1.0e-9	1.3233275911495586
177.61100687929957	-1.0e-9	1.3233443496458657
177.86116322701687	-1.0e-9	1.323361242241882
178.1113195747342	-1.0e-9	1.3233782680734851
178.36147592245152	-1.0e-9	1.3233954233807401
178.61163227016885	-1.0e-9	1.3234127081527132
178.8617886178862	-1.0e-9	1.3234301274585685
179.1119449656035	-1.0e-9	1.3234476776821433
179.36210131332084	-1.0e-9	1.3234653548959177
179.61225766103814	-1.0e-9	1.3234831620576077
179.86241400875548	-1.0e-9	1.3235010994423562
180.1125703564728	-1.0e-9	1.3235191660826149
180.36272670419012	-1.0e-9	1.3235373638302175
180.61288305190743	-1.0e-9	1.3235556885275401
180.86303939962477	-1.0e-9	1.323574142605768
181.11319574734208	-1.0e-9	1.3235927195221786
181.3633520950594	-1.0e-9	1.3236114296780928
181.61350844277675	-1.0e-9	1.3236302665251278
181.86366479049406	-1.0e-9	1.3236492289792134
182.1138211382114	-1.0e-9	1.3236683174589445
182.3639774859287	-1.0e-9	1.3236875367062855
182.61413383364604	-1.0e-9	1.3237068797601348
182.86429018136334	-1.0e-9	1.3237263455061683
183.11444652908068	-1.0e-9	1.3237459407249232
183.364602876798	-1.0e-9	1.3237656586084117
183.61475922451532	-1.0e-9	1.3237855003335737
183.86491557223263	-1.0e-9	1.3238054664502292
184.11507191994997	-1.0e-9	1.3238255595438784
184.3652282676673	-1.0e-9	1.3238457747308814
184.6153846153846	-1.0e-9	1.3238661132515084
184.86554096310195	-1.0e-9	1.3238865773570028
185.11569731081926	-1.0e-9	1.323907161818495
185.3658536585366	-1.0e-9	1.3239278730822504
185.6160100062539	-1.0e-9	1.3239487069093665
185.86616635397124	-1.0e-9	1.3239696628808522
186.11632270168855	-1.0e-9	1.3239907410813911
186.36647904940588	-1.0e-9	1.3240119408773148
186.6166353971232	-1.0e-9	1.3240332650703712
186.86679174484053	-1.0e-9	1.3240547104795335
187.11694809255786	-1.0e-9	1.3240762769012722
187.36710444027517	-1.0e-9	1.3240979656368308
187.6172607879925	-1.0e-9	1.3241197740480921
187.86741713570981	-1.0e-9	1.3241417061887852
188.11757348342715	-1.0e-9	1.3241637559483714
188.36772983114446	-1.0e-9	1.3241859280546944
188.6178861788618	-1.0e-9	1.3242082193887277
188.8680425265791	-1.0e-9	1.3242306317963994
189.11819887429644	-1.0e-9	1.3242531647263973
189.36835522201375	-1.0e-9	1.3242758151783183
189.61851156973108	-1.0e-9	1.3242985883940477
189.8686679174484	-1.0e-9	1.3243214765968168
190.11882426516573	-1.0e-9	1.3243444845935208
190.36898061288306	-1.0e-9	1.324367614469481
190.61913696060037	-1.0e-9	1.3243908604246146
190.8692933083177	-1.0e-9	1.3244142249310809
191.11944965603502	-1.0e-9	1.324437710855196
191.36960600375235	-1.0e-9	1.3244613083086663
191.61976235146966	-1.0e-9	1.3244850277109357
191.869918699187	-1.0e-9	1.3245088621178627
192.1200750469043	-1.0e-9	1.3245328166073222
192.37023139462164	-1.0e-9	1.324556887800598
192.62038774233895	-1.0e-9	1.32458107418915
192.87054409005628	-1.0e-9	1.324605375967092
193.12070043777362	-1.0e-9	1.324629795956819
193.37085678549093	-1.0e-9	1.3246543316281052
193.62101313320827	-1.0e-9	1.324678981276444
193.87116948092557	-1.0e-9	1.3247037510740427
194.1213258286429	-1.0e-9	1.324728633944719
194.37148217636022	-1.0e-9	1.3247536314272734
194.62163852407755	-1.0e-9	1.3247787430349278
194.87179487179486	-1.0e-9	1.3248039692921527
195.1219512195122	-1.0e-9	1.3248293128502482
195.3721075672295	-1.0e-9	1.3248547708523866
195.62226391494684	-1.0e-9	1.3248803415020165
195.87242026266418	-1.0e-9	1.3249060263206274
196.1225766103815	-1.0e-9	1.3249318246793167
196.37273295809882	-1.0e-9	1.3249577350675528
196.62288930581613	-1.0e-9	1.324983761711301
196.87304565353347	-1.0e-9	1.325009898382626
197.12320200125077	-1.0e-9	1.3250361502954124
197.3733583489681	-1.0e-9	1.3250625118089314
197.62351469668542	-1.0e-9	1.3250889892318838
197.87367104440276	-1.0e-9	1.325115575260545
198.12382739212006	-1.0e-9	1.3251422749784199
198.3739837398374	-1.0e-9	1.3251690843479933
198.62414008755474	-1.0e-9	1.3251960047484268
198.87429643527204	-1.0e-9	1.3252230355765795
199.12445278298938	-1.0e-9	1.3252501806184005
199.3746091307067	-1.0e-9	1.3252774336216933
199.62476547842402	-1.0e-9	1.3253048006412662
199.87492182614133	-1.0e-9	1.3253322758049428
200.12507817385867	-1.0e-9	1.3253598646292373
200.37523452157598	-1.0e-9	1.3253875595879905
200.6253908692933	-1.0e-9	1.3254153678704244
200.87554721701062	-1.0e-9	1.3254432853768714
201.12570356472796	-1.0e-9	1.325471313232001
201.37585991244526	-1.0e-9	1.3254994505342443
201.6260162601626	-1.0e-9	1.32552769823548
201.87617260787994	-1.0e-9	1.3255560554237824
202.12632895559724	-1.0e-9	1.3255845217972715
202.37648530331458	-1.0e-9	1.3256130963769153
202.6266416510319	-1.0e-9	1.3256417798147795
202.87679799874923	-1.0e-9	1.325670575876405
203.12695434646653	-1.0e-9	1.3256994767974921
203.37711069418387	-1.0e-9	1.325728490216838
203.62726704190118	-1.0e-9	1.325757608575058
203.8774233896185	-1.0e-9	1.3257868350267035
204.12757973733582	-1.0e-9	1.3258161699765756
204.37773608505316	-1.0e-9	1.3258456164705499
204.6278924327705	-1.0e-9	1.3258751692892803
204.8780487804878	-1.0e-9	1.3259048275647827
205.12820512820514	-1.0e-9	1.3259345954316282
205.37836147592245	-1.0e-9	1.3259644683992684
205.62851782363978	-1.0e-9	1.32599445394065
205.8786741713571	-1.0e-9	1.3260245410740057
206.12883051907443	-1.0e-9	1.326054737759763
206.37898686679173	-1.0e-9	1.3260850409841243
206.62914321450907	-1.0e-9	1.326115453576648
206.87929956222638	-1.0e-9	1.3261459677485887
207.12945590994372	-1.0e-9	1.326176590267995
207.37961225766105	-1.0e-9	1.3262073192230723
207.62976860537836	-1.0e-9	1.3262381549809632
207.8799249530957	-1.0e-9	1.326269097849822
208.130081300813	-1.0e-9	1.3263001435579296
208.38023764853034	-1.0e-9	1.3263312969486254
208.63039399624765	-1.0e-9	1.3263625556544236
208.88055034396498	-1.0e-9	1.3263939167778338
209.1307066916823	-1.0e-9	1.3264253863868984
209.38086303939963	-1.0e-9	1.3264569579230143
209.63101938711694	-1.0e-9	1.3264886377060492
209.88117573483427	-1.0e-9	1.3265204213084
210.1313320825516	-1.0e-9	1.3265523099894165
210.38148843026892	-1.0e-9	1.3265843025361952
210.63164477798625	-1.0e-9	1.3266163980892256
210.88180112570356	-1.0e-9	1.3266485998043165
211.1319574734209	-1.0e-9	1.3266809055000146
211.3821138211382	-1.0e-9	1.3267133131662192
211.63227016885554	-1.0e-9	1.3267458261976297
211.88242651657285	-1.0e-9	1.326778439667359
212.13258286429019	-1.0e-9	1.3268111612142925
212.3827392120075	-1.0e-9	1.3268439829746514
212.63289555972483	-1.0e-9	1.3268769087271761
212.88305190744214	-1.0e-9	1.3269099370895463
213.13320825515947	-1.0e-9	1.3269430696339455
213.3833646028768	-1.0e-9	1.3269763048209282
213.63352095059412	-1.0e-9	1.327009638873236
213.88367729831145	-1.0e-9	1.3270430789807572
214.13383364602876	-1.0e-9	1.3270766194520969
214.3839899937461	-1.0e-9	1.327110262911945
214.6341463414634	-1.0e-9	1.327144004983009
214.88430268918074	-1.0e-9	1.3271778509344447
215.13445903689805	-1.0e-9	1.3272117956243736
215.3846153846154	-1.0e-9	1.327245844297582
215.6347717323327	-1.0e-9	1.3272799942192002
215.88492808005003	-1.0e-9	1.3273142446230697
216.13508442776737	-1.0e-9	1.3273485938224594
216.38524077548468	-1.0e-9	1.3273830494495855
216.635397123202	-1.0e-9	1.327417604004543
216.88555347091932	-1.0e-9	1.327452257141133
217.13570981863666	-1.0e-9	1.3274870129648533
217.38586616635396	-1.0e-9	1.3275218738860115
217.6360225140713	-1.0e-9	1.327556831273053
217.8861788617886	-1.0e-9	1.3275918886110636
218.13633520950594	-1.0e-9	1.3276270475008296
218.38649155722325	-1.0e-9	1.3276623097023958
218.6366479049406	-1.0e-9	1.327697667204723
218.88680425265792	-1.0e-9	1.3277331278150497
219.13696060037523	-1.0e-9	1.3277686892482146
219.38711694809257	-1.0e-9	1.3278043495372847
219.63727329580988	-1.0e-9	1.3278401096249886
219.8874296435272	-1.0e-9	1.3278759706622436
220.13758599124452	-1.0e-9	1.3279119287973176
220.38774233896186	-1.0e-9	1.327947990090655
220.63789868667916	-1.0e-9	1.3279841492283138
220.8880550343965	-1.0e-9	1.3280204097180426
221.1382113821138	-1.0e-9	1.3280567696258463
221.38836772983115	-1.0e-9	1.3280932250738364
221.63852407754848	-1.0e-9	1.3281297820680504
221.8886804252658	-1.0e-9	1.3281664395692019
222.13883677298313	-1.0e-9	1.328203191477048
222.38899312070043	-1.0e-9	1.3282400460943387
222.63914946841777	-1.0e-9	1.3282769980776477
222.88930581613508	-1.0e-9	1.3283140514875398
223.13946216385241	-1.0e-9	1.3283511985531162
223.38961851156972	-1.0e-9	1.3283884499950047
223.63977485928706	-1.0e-9	1.3284257950197014
223.88993120700437	-1.0e-9	1.3284632404555576
224.1400875547217	-1.0e-9	1.3285007848466024
224.390243902439	-1.0e-9	1.3285384251015335
224.64040025015635	-1.0e-9	1.328576165398306
224.89055659787368	-1.0e-9	1.3286140049495403
225.140712945591	-1.0e-9	1.3286519377452692
225.39086929330833	-1.0e-9	1.3286899692395109
225.64102564102564	-1.0e-9	1.328728100788497
225.89118198874297	-1.0e-9	1.328766328995763
226.14133833646028	-1.0e-9	1.3288046536827638
226.39149468417762	-1.0e-9	1.328843075951721
226.64165103189492	-1.0e-9	1.3288815962476865
226.89180737961226	-1.0e-9	1.3289202144342418
227.14196372732957	-1.0e-9	1.3289589291761201
227.3921200750469	-1.0e-9	1.328997739204696
227.64227642276424	-1.0e-9	1.3290366479529645
227.89243277048155	-1.0e-9	1.3290756523048248
228.14258911819888	-1.0e-9	1.3291147518631057
228.3927454659162	-1.0e-9	1.329153952434235
228.64290181363353	-1.0e-9	1.3291932454142206
228.89305816135084	-1.0e-9	1.3292326364749167
229.14321450906817	-1.0e-9	1.3292721219131136
229.39337085678548	-1.0e-9	1.329311706066016
229.64352720450282	-1.0e-9	1.329351385005547
229.89368355222012	-1.0e-9	1.329391158186163
230.14383989993746	-1.0e-9	1.32943103031691
230.3939962476548	-1.0e-9	1.3294709988601416
230.6441525953721	-1.0e-9	1.3295110577342346
230.89430894308944	-1.0e-9	1.3295512144305786
231.14446529080675	-1.0e-9	1.3295914668022752
231.3946216385241	-1.0e-9	1.3296318167508219
231.6447779862414	-1.0e-9	1.329672256667292
231.89493433395873	-1.0e-9	1.3297127956861852
232.14509068167604	-1.0e-9	1.3297534266462405
232.39524702939337	-1.0e-9	1.3297941549269148
232.64540337711068	-1.0e-9	1.3298349733543657
232.89555972482802	-1.0e-9	1.3298758911437307
233.14571607254535	-1.0e-9	1.3299169008598573
233.39587242026266	-1.0e-9	1.329958007126218
233.64602876798	-1.0e-9	1.329999205031547
233.8961851156973	-1.0e-9	1.3300405008007932
234.14634146341464	-1.0e-9	1.330081888523984
234.39649781113195	-1.0e-9	1.3301233736914277
234.6466541588493	-1.0e-9	1.3301649531668571
234.8968105065666	-1.0e-9	1.3302066237160073
235.14696685428393	-1.0e-9	1.3302483922663801
235.39712320200124	-1.0e-9	1.3302902514998318
235.64727954971858	-1.0e-9	1.3303322096389738
235.89743589743588	-1.0e-9	1.3303742607342202
236.14759224515322	-1.0e-9	1.330416404086246
236.39774859287056	-1.0e-9	1.3304586413883264
236.64790494058786	-1.0e-9	1.3305009752405703
236.8980612883052	-1.0e-9	1.3305434013404926
237.1482176360225	-1.0e-9	1.3305859218985097
237.39837398373984	-1.0e-9	1.3306285346159077
237.64853033145715	-1.0e-9	1.3306712446687272
237.8986866791745	-1.0e-9	1.3307140430805895
238.1488430268918	-1.0e-9	1.3307569378229533
238.39899937460913	-1.0e-9	1.3307999249987885
238.64915572232644	-1.0e-9	1.3308430101352515
238.89931207004378	-1.0e-9	1.3308861868970654
239.1494684177611	-1.0e-9	1.3309294545741002
239.39962476547842	-1.0e-9	1.3309728177650961
239.64978111319576	-1.0e-9	1.3310162708402242
239.89993746091307	-1.0e-9	1.3310598194583836
240.1500938086304	-1.0e-9	1.33110346199439
240.4002501563477	-1.0e-9	1.3311472013085541
240.65040650406505	-1.0e-9	1.331191028080173
240.90056285178235	-1.0e-9	1.3312349516133195
241.1507191994997	-1.0e-9	1.3312789662513622
241.400875547217	-1.0e-9	1.331323072553155
241.65103189493433	-1.0e-9	1.3313672729595782
241.90118824265167	-1.0e-9	1.331411563370249
242.15134459036898	-1.0e-9	1.3314559500948657
242.40150093808631	-1.0e-9	1.3315004267299357
242.65165728580362	-1.0e-9	1.3315449981613456
242.90181363352096	-1.0e-9	1.331589662728226
243.15196998123827	-1.0e-9	1.331634418924784
243.4021263289556	-1.0e-9	1.3316792639596085
243.6522826766729	-1.0e-9	1.331724204837494
243.90243902439025	-1.0e-9	1.3317692391336229
244.15259537210756	-1.0e-9	1.331814363071841
244.4027517198249	-1.0e-9	1.331859582063447
244.65290806754223	-1.0e-9	1.3319048886474762
244.90306441525954	-1.0e-9	1.3319502907984169
245.15322076297687	-1.0e-9	1.3319957845305848
245.40337711069418	-1.0e-9	1.332041370121039
245.65353345841152	-1.0e-9	1.3320870460417884
245.90368980612882	-1.0e-9	1.3321328172590023
246.15384615384616	-1.0e-9	1.332178677062784
246.40400250156347	-1.0e-9	1.33222462841426
246.6541588492808	-1.0e-9	1.3322706712768868
246.9043151969981	-1.0e-9	1.3323168075372203
247.15447154471545	-1.0e-9	1.332363033868362
247.40462789243276	-1.0e-9	1.3324093491688105
247.6547842401501	-1.0e-9	1.3324557631899356
247.90494058786743	-1.0e-9	1.3325022618704205
248.15509693558474	-1.0e-9	1.3325488549384228
248.40525328330207	-1.0e-9	1.3325955374579792
248.65540963101938	-1.0e-9	1.3326423086266115
248.90556597873672	-1.0e-9	1.3326891729411567
249.15572232645403	-1.0e-9	1.3327361316134567
249.40587867417136	-1.0e-9	1.3327831775636756
249.65603502188867	-1.0e-9	1.3328303147144982
249.906191369606	-1.0e-9	1.3328775426383694
250.1563477173233	-1.0e-9	1.332924860187883
250.40650406504065	-1.0e-9	1.3329722692491344
250.656660412758	-1.0e-9	1.333019768244544
250.9068167604753	-1.0e-9	1.3330673530259844
251.15697310819263	-1.0e-9	1.3331150318121758
251.40712945590994	-1.0e-9	1.3331628033262497
251.65728580362727	-1.0e-9	1.3332106601434903
251.90744215134458	-1.0e-9	1.3332586086960578
252.15759849906192	-1.0e-9	1.3333066498126263
252.40775484677923	-1.0e-9	1.333354781060459
252.65791119449656	-1.0e-9	1.3334029979326656
252.90806754221387	-1.0e-9	1.3334513117636027
253.1582238899312	-1.0e-9	1.3334997111380527
253.40838023764854	-1.0e-9	1.3335482037026036
253.65853658536585	-1.0e-9	1.3335967841735366
253.9086929330832	-1.0e-9	1.333645457696565
254.1588492808005	-1.0e-9	1.333694217174763
254.40900562851783	-1.0e-9	1.3337430704459217
254.65916197623514	-1.0e-9	1.333792011214624
254.90931832395248	-1.0e-9	1.3338410449275937
255.15947467166978	-1.0e-9	1.3338901654290203
255.40963101938712	-1.0e-9	1.3339393817304197
255.65978736710443	-1.0e-9	1.333988682686785
255.90994371482176	-1.0e-9	1.334038074536335
256.1601000625391	-1.0e-9	1.3340875654837647
256.4102564102564	-1.0e-9	1.334137137791124
256.66041275797375	-1.0e-9	1.3341867990190601
256.9105691056911	-1.0e-9	1.334236551057088
257.16072545340836	-1.0e-9	1.3342863939821739
257.4108818011257	-1.0e-9	1.3343363228408587
257.66103814884303	-1.0e-9	1.3343863441888397
257.91119449656037	-1.0e-9	1.3344364579165169
258.16135084427765	-1.0e-9	1.3344866555877741
258.411507191995	-1.0e-9	1.3345369455722724
258.6616635397123	-1.0e-9	1.334587323980541
258.91181988742966	-1.0e-9	1.3346377973461427
259.161976235147	-1.0e-9	1.3346883550629633
259.4121325828643	-1.0e-9	1.334739003653585
259.6622889305816	-1.0e-9	1.3347897388733956
259.91244527829895	-1.0e-9	1.3348405695007868
260.1626016260163	-1.0e-9	1.3348914856682017
260.41275797373356	-1.0e-9	1.334942486675828
260.6629143214509	-1.0e-9	1.3349935854299921
260.91307066916823	-1.0e-9	1.335044773131993
261.16322701688557	-1.0e-9	1.33509604413389
261.41338336460285	-1.0e-9	1.335147409992857
261.6635397123202	-1.0e-9	1.335198860265944
261.9136960600375	-1.0e-9	1.3352504022192708
262.16385240775486	-1.0e-9	1.3353020345588402
262.4140087554722	-1.0e-9	1.3353537507796585
262.6641651031895	-1.0e-9	1.3354055619385081
262.9143214509068	-1.0e-9	1.3354574605182263
263.16447779862415	-1.0e-9	1.3355094460864814
263.4146341463415	-1.0e-9	1.3355615178653046
263.66479049405876	-1.0e-9	1.3356136855149625
263.9149468417761	-1.0e-9	1.335665941671801
264.16510318949344	-1.0e-9	1.3357182838713917
264.4152595372108	-1.0e-9	1.3357707138809776
264.66541588492805	-1.0e-9	1.3358232356705764
264.9155722326454	-1.0e-9	1.3358758454990165
265.1657285803627	-1.0e-9	1.3359285436002963
265.41588492808006	-1.0e-9	1.3359813300380667
265.6660412757974	-1.0e-9	1.336034203910574
265.9161976235147	-1.0e-9	1.3360871642003846
266.166353971232	-1.0e-9	1.3361402198678942
266.41651031894935	-1.0e-9	1.336193359993655
266.6666666666667	-1.0e-9	1.3362465903210072
266.91682301438397	-1.0e-9	1.3362999068190038
267.1669793621013	-1.0e-9	1.3363533106906587
267.41713570981864	-1.0e-9	1.3364068095993131
267.667292057536	-1.0e-9	1.3364603922888856
267.9174484052533	-1.0e-9	1.33651405912227
268.1676047529706	-1.0e-9	1.3365678231561713
268.4177611006879	-1.0e-9	1.3366216692290083
268.66791744840526	-1.0e-9	1.3366756032076477
268.9180737961226	-1.0e-9	1.3367296277070715
269.1682301438399	-1.0e-9	1.3367837409929495
269.4183864915572	-1.0e-9	1.3368379386212785
269.66854283927455	-1.0e-9	1.3368922266532755
269.9186991869919	-1.0e-9	1.336946604365519
270.16885553470917	-1.0e-9	1.3370010663336087
270.4190118824265	-1.0e-9	1.3370556145792685
270.66916823014384	-1.0e-9	1.3371102552488094
270.9193245778612	-1.0e-9	1.3371649805651913
271.1694809255785	-1.0e-9	1.337219793114866
271.4196372732958	-1.0e-9	1.3372746895730614
271.6697936210131	-1.0e-9	1.3373296825181038
271.91994996873046	-1.0e-9	1.337384758792418
272.1701063164478	-1.0e-9	1.3374399215718769
272.4202626641651	-1.0e-9	1.3374951749481323
272.6704190118824	-1.0e-9	1.3375505122149722
272.92057535959975	-1.0e-9	1.3376059385006795
273.1707317073171	-1.0e-9	1.3376614530147684
273.4208880550344	-1.0e-9	1.337717060581911
273.6710444027517	-1.0e-9	1.3377727500152201
273.92120075046904	-1.0e-9	1.3378285304914526
274.1713570981864	-1.0e-9	1.3378843967764962
274.4215134459037	-1.0e-9	1.3379403492734534
274.671669793621	-1.0e-9	1.33799639018328
274.92182614133833	-1.0e-9	1.3380525223040585
275.17198248905567	-1.0e-9	1.3381087396331524
275.422138836773	-1.0e-9	1.3381650465163435
275.6722951844903	-1.0e-9	1.338221438991011
275.9224515322076	-1.0e-9	1.3382779215474727
276.17260787992495	-1.0e-9	1.3383344881139567
276.4227642276423	-1.0e-9	1.3383911461730844
276.6729205753596	-1.0e-9	1.338447886676234
276.9230769230769	-1.0e-9	1.338504719610385
277.17323327079424	-1.0e-9	1.3385616422623203
277.4233896185116	-1.0e-9	1.3386186466295324
277.6735459662289	-1.0e-9	1.338675743416916
277.9237023139462	-1.0e-9	1.338732929051926
278.17385866166353	-1.0e-9	1.3387901969664069
278.42401500938087	-1.0e-9	1.3388475556807866
278.6741713570982	-1.0e-9	1.3389050007599503
278.9243277048155	-1.0e-9	1.3389625359651474
279.1744840525328	-1.0e-9	1.3390201572921292
279.42464040025015	-1.0e-9	1.33907786367363
279.6747967479675	-1.0e-9	1.3391356592164085
279.9249530956848	-1.0e-9	1.339193539799553
280.1751094434021	-1.0e-9	1.339251515646924
280.42526579111944	-1.0e-9	1.339309571742196
280.6754221388368	-1.0e-9	1.3393677182163504
280.9255784865541	-1.0e-9	1.3394259552057586
281.1757348342714	-1.0e-9	1.3394842766201296
281.42589118198873	-1.0e-9	1.3395426852615155
281.67604752970607	-1.0e-9	1.3396011803080254
281.9262038774234	-1.0e-9	1.339659762966583
282.17636022514074	-1.0e-9	1.3397184341636421
282.426516572858	-1.0e-9	1.3397771956040183
282.67667292057536	-1.0e-9	1.3398360391805846
282.9268292682927	-1.0e-9	1.3398949725389013
283.17698561601003	-1.0e-9	1.3399539947435335
283.4271419637273	-1.0e-9	1.340013105085325
283.67729831144464	-1.0e-9	1.3400722971278154
283.927454659162	-1.0e-9	1.3401315826590539
284.1776110068793	-1.0e-9	1.3401909513191534
284.4277673545966	-1.0e-9	1.3402504120258496
284.67792370231393	-1.0e-9	1.34030995438259
284.92808005003127	-1.0e-9	1.3403695880686788
285.1782363977486	-1.0e-9	1.340429309461137
285.42839274546594	-1.0e-9	1.3404891152796479
285.6785490931832	-1.0e-9	1.3405490089584238
285.92870544090056	-1.0e-9	1.3406089904108176
286.1788617886179	-1.0e-9	1.3406690624883455
286.42901813633523	-1.0e-9	1.340729215840811
286.6791744840525	-1.0e-9	1.340789458813307
286.92933083176985	-1.0e-9	1.3408497894796556
287.1794871794872	-1.0e-9	1.3409102057790017
287.4296435272045	-1.0e-9	1.3409707103496642
287.6797998749218	-1.0e-9	1.341031303889392
287.92995622263913	-1.0e-9	1.3410919861940322
288.18011257035647	-1.0e-9	1.3411527511030639
288.4302689180738	-1.0e-9	1.341213604237654
288.68042526579114	-1.0e-9	1.3412745417342669
288.9305816135084	-1.0e-9	1.3413355684939736
289.18073796122576	-1.0e-9	1.3413966840813463
289.4308943089431	-1.0e-9	1.341457887031931
289.68105065666043	-1.0e-9	1.3415191719093726
289.9312070043777	-1.0e-9	1.34158055054282
290.18136335209505	-1.0e-9	1.3416420093087558
290.4315196998124	-1.0e-9	1.341703559566225
290.6816760475297	-1.0e-9	1.3417651948788305
290.93183239524706	-1.0e-9	1.3418269164247774
291.18198874296434	-1.0e-9	1.341888725918552
291.4321450906817	-1.0e-9	1.3419506171453088
291.682301438399	-1.0e-9	1.342012602112992
291.93245778611634	-1.0e-9	1.3420746687177691
292.1826141338336	-1.0e-9	1.3421368245236442
292.43277048155096	-1.0e-9	1.342199061308818
292.6829268292683	-1.0e-9	1.3422613880131096
292.93308317698563	-1.0e-9	1.3423238088013023
293.1832395247029	-1.0e-9	1.3423863043975854
293.43339587242025	-1.0e-9	1.3424488947491455
293.6835522201376	-1.0e-9	1.3425115725504067
293.9337085678549	-1.0e-9	1.3425743323511061
294.18386491557226	-1.0e-9	1.342637177176675
294.43402126328954	-1.0e-9	1.3427001161745644
294.6841776110069	-1.0e-9	1.3427631360861136
294.9343339587242	-1.0e-9	1.3428262446510977
295.18449030644155	-1.0e-9	1.3428894439500971
295.4346466541588	-1.0e-9	1.3429527279798141
295.68480300187616	-1.0e-9	1.3430160969175444
295.9349593495935	-1.0e-9	1.3430795553921586
296.18511569731083	-1.0e-9	1.3431430984199075
296.43527204502817	-1.0e-9	1.3432067304155257
296.68542839274545	-1.0e-9	1.3432704503889688
296.9355847404628	-1.0e-9	1.3433342530347905
297.1857410881801	-1.0e-9	1.343398146003234
297.43589743589746	-1.0e-9	1.3434621242781037
297.68605378361474	-1.0e-9	1.3435261881320422
297.9362101313321	-1.0e-9	1.3435903431653868
298.1863664790494	-1.0e-9	1.3436545825355695
298.43652282676675	-1.0e-9	1.34371891354215
298.686679174484	-1.0e-9	1.343783326179976
298.93683552220136	-1.0e-9	1.3438478302301284
299.1869918699187	-1.0e-9	1.3439124123239503
299.43714821763604	-1.0e-9	1.343977093611174
299.6873045653534	-1.0e-9	1.3440418556330342
299.93746091307065	-1.0e-9	1.3441067070886852
300.187617260788	-1.0e-9	1.3441716434014626
300.4377736085053	-1.0e-9	1.3442366663849914
300.68792995622266	-1.0e-9	1.3443017765352645
300.93808630393994	-1.0e-9	1.3443669785041625
301.1882426516573	-1.0e-9	1.3444322599195284
301.4383989993746	-1.0e-9	1.3444976357582858
301.68855534709195	-1.0e-9	1.3445630932421835
301.93871169480923	-1.0e-9	1.3446286436265131
302.18886804252656	-1.0e-9	1.3446942785356821
302.4390243902439	-1.0e-9	1.344759997036282
302.68918073796124	-1.0e-9	1.3448258073682426
302.9393370856786	-1.0e-9	1.3448917028412852
303.18949343339585	-1.0e-9	1.3449576869179598
303.4396497811132	-1.0e-9	1.3450237560163965
303.6898061288305	-1.0e-9	1.3450899159323777
303.93996247654786	-1.0e-9	1.3451561535794296
304.19011882426514	-1.0e-9	1.3452224898129586
304.4402751719825	-1.0e-9	1.3452889049447498
304.6904315196998	-1.0e-9	1.345355415283991
304.94058786741715	-1.0e-9	1.345422008431926
305.1907442151345	-1.0e-9	1.3454886897955827
305.44090056285177	-1.0e-9	1.3455554528629072
305.6910569105691	-1.0e-9	1.3456223119518536
305.94121325828644	-1.0e-9	1.3456892493897634
306.1913696060038	-1.0e-9	1.345756277912035
306.44152595372105	-1.0e-9	1.3458233972514242
306.6916823014384	-1.0e-9	1.345890598684606
306.9418386491557	-1.0e-9	1.345957887787497
307.19199499687306	-1.0e-9	1.3460252667709882
307.44215134459034	-1.0e-9	1.3460927320933647
307.6923076923077	-1.0e-9	1.3461602875488483
307.942464040025	-1.0e-9	1.3462279260426167
308.19262038774235	-1.0e-9	1.3462956508524095
308.4427767354597	-1.0e-9	1.3463634634345716
308.69293308317697	-1.0e-9	1.3464313658025915
308.9430894308943	-1.0e-9	1.3464993534166305
309.19324577861164	-1.0e-9	1.3465674296083552
309.443402126329	-1.0e-9	1.3466355878627105
309.69355847404626	-1.0e-9	1.346703838892592
309.9437148217636	-1.0e-9	1.3467721767656566
310.19387116948093	-1.0e-9	1.3468406010256737
310.44402751719826	-1.0e-9	1.3469091161321927
310.69418386491554	-1.0e-9	1.346977716302571
310.9443402126329	-1.0e-9	1.3470463980950989
311.1944965603502	-1.0e-9	1.3471151705339626
311.44465290806755	-1.0e-9	1.3471840282480025
311.6948092557849	-1.0e-9	1.3472529724001037
311.94496560350217	-1.0e-9	1.347322012976337
312.1951219512195	-1.0e-9	1.3473911324887915
312.44527829893684	-1.0e-9	1.3474603407401213
312.6954346466542	-1.0e-9	1.3475296352823274
312.94559099437146	-1.0e-9	1.347599017263638
313.1957473420888	-1.0e-9	1.3476684866064501
313.44590368980613	-1.0e-9	1.347738042726686
313.69606003752347	-1.0e-9	1.347807682015883
313.9462163852408	-1.0e-9	1.3478774134098348
314.1963727329581	-1.0e-9	1.3479472291997665
314.4465290806754	-1.0e-9	1.3480171312834852
314.69668542839275	-1.0e-9	1.3480871240737013
314.9468417761101	-1.0e-9	1.3481571956875937
315.19699812382737	-1.0e-9	1.3482273631428245
315.4471544715447	-1.0e-9	1.3482976076486999
315.69731081926204	-1.0e-9	1.3483679502321464
315.9474671669794	-1.0e-9	1.34843837413886
316.19762351469666	-1.0e-9	1.3485088877646394
316.447779862414	-1.0e-9	1.3485794848219612
316.69793621013133	-1.0e-9	1.348650167549177
316.94809255784867	-1.0e-9	1.3487209459316125
317.198248905566	-1.0e-9	1.3487918059824282
317.4484052532833	-1.0e-9	1.3488627559541977
317.6985616010006	-1.0e-9	1.3489337949814992
317.94871794871796	-1.0e-9	1.3490049148350902
318.1988742964353	-1.0e-9	1.3490761259163684
318.4490306441526	-1.0e-9	1.3491474232663403
318.6991869918699	-1.0e-9	1.3492188112189996
318.94934333958724	-1.0e-9	1.349290285352394
319.1994996873046	-1.0e-9	1.3493618467340824
319.4496560350219	-1.0e-9	1.349433495548576
319.6998123827392	-1.0e-9	1.3495052303116484
319.94996873045653	-1.0e-9	1.3495770539601848
320.20012507817387	-1.0e-9	1.349648966427955
320.4502814258912	-1.0e-9	1.3497209711866847
320.7004377736085	-1.0e-9	1.3497930538121587
320.9505941213258	-1.0e-9	1.3498652303888405
321.20075046904316	-1.0e-9	1.3499374901172094
321.4509068167605	-1.0e-9	1.3500098458346357
321.7010631644778	-1.0e-9	1.3500822802599715
321.9512195121951	-1.0e-9	1.3501548007057336
322.20137585991245	-1.0e-9	1.3502274196703026
322.4515322076298	-1.0e-9	1.350300119067776
322.7016885553471	-1.0e-9	1.350372910901067
322.9518449030644	-1.0e-9	1.3504457905266172
323.20200125078173	-1.0e-9	1.3505187521451574
323.45215759849907	-1.0e-9	1.3505918055466943
323.7023139462164	-1.0e-9	1.3506649508368114
323.9524702939337	-1.0e-9	1.3507381764684847
324.202626641651	-1.0e-9	1.3508114962102065
324.45278298936836	-1.0e-9	1.3508848981063657
324.7029393370857	-1.0e-9	1.3509583931381843
324.953095684803	-1.0e-9	1.3510319744087929
325.2032520325203	-1.0e-9	1.3511056460073658
325.45340838023765	-1.0e-9	1.3511794013574916
325.703564727955	-1.0e-9	1.3512532477075827
325.9537210756723	-1.0e-9	1.3513271765310286
326.2038774233896	-1.0e-9	1.351401198365674
326.45403377110694	-1.0e-9	1.351475310922675
326.7041901188243	-1.0e-9	1.3515495067942913
326.9543464665416	-1.0e-9	1.3516237951696368
327.2045028142589	-1.0e-9	1.3516981711310414
327.4546591619762	-1.0e-9	1.351772632502142
327.70481550969356	-1.0e-9	1.3518471854277323
327.9549718574109	-1.0e-9	1.3519218175882473
328.20512820512823	-1.0e-9	1.351996549164553
328.4552845528455	-1.0e-9	1.3520713654358856
328.70544090056285	-1.0e-9	1.3521462657309389
328.9555972482802	-1.0e-9	1.3522212587334885
329.2057535959975	-1.0e-9	1.3522963403001818
329.4559099437148	-1.0e-9	1.3523715113268038
329.70606629143214	-1.0e-9	1.352446764452409
329.9562226391495	-1.0e-9	1.3525221128431948
330.2063789868668	-1.0e-9	1.352597541046992
330.4565353345841	-1.0e-9	1.352673070219935
330.7066916823014	-1.0e-9	1.3527486744757915
330.95684803001876	-1.0e-9	1.352824374711385
331.2070043777361	-1.0e-9	1.3529001610374813
331.45716072545343	-1.0e-9	1.3529760401268185
331.7073170731707	-1.0e-9	1.3530520017941425
331.95747342088805	-1.0e-9	1.3531280520233844
332.2076297686054	-1.0e-9	1.3532041966395723
332.4577861163227	-1.0e-9	1.3532804255435145
332.70794246404	-1.0e-9	1.3533567446556738
332.95809881175734	-1.0e-9	1.3534331524603063
333.2082551594747	-1.0e-9	1.3535096460707852
333.458411507192	-1.0e-9	1.3535862314562637
333.7085678549093	-1.0e-9	1.3536629034594412
333.9587242026266	-1.0e-9	1.3537396626330023
334.20888055034396	-1.0e-9	1.3538165163687927
334.4590368980613	-1.0e-9	1.3538934479339917
334.70919324577864	-1.0e-9	1.3539704767802363
334.9593495934959	-1.0e-9	1.354047588048266
335.20950594121325	-1.0e-9	1.35412479501161
335.4596622889306	-1.0e-9	1.354202085995778
335.7098186366479	-1.0e-9	1.3542794650653511
335.9599749843652	-1.0e-9	1.3543569332081602
336.21013133208254	-1.0e-9	1.3544344885345923
336.4602876797999	-1.0e-9	1.3545121401444227
336.7104440275172	-1.0e-9	1.3545898734878201
336.96060037523455	-1.0e-9	1.3546676974180156
337.2107567229518	-1.0e-9	1.354745609400657
337.46091307066916	-1.0e-9	1.354823606072224
337.7110694183865	-1.0e-9	1.3549016951119732
337.96122576610384	-1.0e-9	1.354979873978474
338.2113821138211	-1.0e-9	1.3550581337478003
338.46153846153845	-1.0e-9	1.3551364887321058
338.7116948092558	-1.0e-9	1.3552149283580852
338.9618511569731	-1.0e-9	1.3552934564445045
339.2120075046904	-1.0e-9	1.3553720754785494
339.46216385240774	-1.0e-9	1.3554507794862778
339.7123202001251	-1.0e-9	1.355529581106073
339.9624765478424	-1.0e-9	1.3556084641666593
340.21263289555975	-1.0e-9	1.3556874362320641
340.46278924327703	-1.0e-9	1.35576649820067
340.71294559099437	-1.0e-9	1.3558456481186718
340.9631019387117	-1.0e-9	1.3559248908418313
341.21325828642904	-1.0e-9	1.3560042173761966
341.4634146341463	-1.0e-9	1.3560836352526369
341.71357098186365	-1.0e-9	1.356163147495812
341.963727329581	-1.0e-9	1.3562427377020985
342.2138836772983	-1.0e-9	1.3563224309478974
342.46404002501566	-1.0e-9	1.356402203256669
342.71419637273294	-1.0e-9	1.3564820669715059
342.9643527204503	-1.0e-9	1.3565620225404533
343.2145090681676	-1.0e-9	1.356642065437138
343.46466541588495	-1.0e-9	1.356722198966031
343.71482176360223	-1.0e-9	1.3568024257251645
343.96497811131957	-1.0e-9	1.356882732932433
344.2151344590369	-1.0e-9	1.3569631339445576
344.46529080675424	-1.0e-9	1.3570436266024115
344.7154471544715	-1.0e-9	1.357124207431235
344.96560350218886	-1.0e-9	1.3572048724473973
345.2157598499062	-1.0e-9	1.3572856376642024
345.4659161976235	-1.0e-9	1.357366486200535
345.71607254534086	-1.0e-9	1.3574474288057958
345.96622889305814	-1.0e-9	1.357528453412059
346.2163852407755	-1.0e-9	1.357609575364052
346.4665415884928	-1.0e-9	1.3576907826774152
346.71669793621015	-1.0e-9	1.357772080518428
346.96685428392743	-1.0e-9	1.3578534727772744
347.21701063164477	-1.0e-9	1.3579349441867876
347.4671669793621	-1.0e-9	1.358016516761555
347.71732332707944	-1.0e-9	1.3580981746632028
347.9674796747967	-1.0e-9	1.3581799200812172
348.21763602251406	-1.0e-9	1.358261760182294
348.4677923702314	-1.0e-9	1.3583436867783636
348.71794871794873	-1.0e-9	1.3584257075277717
348.96810506566607	-1.0e-9	1.3585078178483156
349.21826141338335	-1.0e-9	1.358590015481538
349.4684177611007	-1.0e-9	1.3586723069334254
349.718574108818	-1.0e-9	1.3587546809700242
349.96873045653535	-1.0e-9	1.3588371561429589
350.21888680425263	-1.0e-9	1.3589197104983126
350.46904315196997	-1.0e-9	1.3590023658918888
350.7191994996873	-1.0e-9	1.359085101342939
350.96935584740464	-1.0e-9	1.3591679382318742
351.219512195122	-1.0e-9	1.3592508541638384
351.46966854283926	-1.0e-9	1.3593338639397263
351.7198248905566	-1.0e-9	1.3594169670855991
351.96998123827393	-1.0e-9	1.359500160144406
352.22013758599127	-1.0e-9	1.359583441128543
352.47029393370855	-1.0e-9	1.3596668213904262
352.7204502814259	-1.0e-9	1.3597502814347584
352.9706066291432	-1.0e-9	1.3598338393375868
353.22076297686056	-1.0e-9	1.3599174809369405
353.47091932457784	-1.0e-9	1.360001217114416
353.72107567229517	-1.0e-9	1.3600850445359554
353.9712320200125	-1.0e-9	1.360168961300989
354.22138836772984	-1.0e-9	1.3602529672297152
354.4715447154472	-1.0e-9	1.3603370675338606
354.72170106316446	-1.0e-9	1.3604212598414402
354.9718574108818	-1.0e-9	1.3605055380836915
355.22201375859913	-1.0e-9	1.3605899055194848
355.47217010631647	-1.0e-9	1.3606743687576253
355.72232645403375	-1.0e-9	1.3607589227313313
355.9724828017511	-1.0e-9	1.3608435630269242
356.2226391494684	-1.0e-9	1.3609282953845199
356.47279549718576	-1.0e-9	1.3610131261377492
356.72295184490304	-1.0e-9	1.361098042397627
356.9731081926204	-1.0e-9	1.3611830490549464
357.2232645403377	-1.0e-9	1.3612681438507364
357.47342088805505	-1.0e-9	1.3613533338970414
357.7235772357724	-1.0e-9	1.3614386166142924
357.97373358348966	-1.0e-9	1.361523988154304
358.223889931207	-1.0e-9	1.361609452357761
358.47404627892433	-1.0e-9	1.3616950021242584
358.72420262664167	-1.0e-9	1.3617806476027148
358.97435897435895	-1.0e-9	1.3618663846107193
359.2245153220763	-1.0e-9	1.3619522087783449
359.4746716697936	-1.0e-9	1.3620381321680957
359.72482801751096	-1.0e-9	1.3621241383502667
359.9749843652283	-1.0e-9	1.3622102348661382
360.2251407129456	-1.0e-9	1.362296430404314
360.4752970606629	-1.0e-9	1.3623827109880946
360.72545340838025	-1.0e-9	1.3624690836310607
360.9756097560976	-1.0e-9	1.3625555525441526
361.22576610381486	-1.0e-9	1.3626421077387971
361.4759224515322	-1.0e-9	1.3627287580413057
361.72607879924954	-1.0e-9	1.3628154906533616
361.97623514696687	-1.0e-9	1.3629023237758844
362.22639149468415	-1.0e-9	1.362989277923389
362.4765478424015	-1.0e-9	1.363076287732056
362.7267041901188	-1.0e-9	1.3631633901516986
362.97686053783616	-1.0e-9	1.36325058685814
363.2270168855535	-1.0e-9	1.3633378699656373
363.4771732332708	-1.0e-9	1.3634252455832898
363.7273295809881	-1.0e-9	1.3635127144065526
363.97748592870545	-1.0e-9	1.3636002732640813
364.2276422764228	-1.0e-9	1.363687923089872
364.47779862414006	-1.0e-9	1.3637756625156627
364.7279549718574	-1.0e-9	1.3638634962052953
364.97811131957474	-1.0e-9	1.3639514136784185
365.2282676672921	-1.0e-9	1.364039434478834
365.4784240150094	-1.0e-9	1.3641275457723279
365.7285803627267	-1.0e-9	1.3642157454373465
365.978736710444	-1.0e-9	1.3643040375840205
366.22889305816136	-1.0e-9	1.3643924214787606
366.4790494058787	-1.0e-9	1.3644808988750625
366.729205753596	-1.0e-9	1.364569466590615
366.9793621013133	-1.0e-9	1.3646581264605602
367.22951844903065	-1.0e-9	1.3647468750084744
367.479674796748	-1.0e-9	1.3648357169722238
367.72983114446527	-1.0e-9	1.3649246610523424
367.9799874921826	-1.0e-9	1.3650136912455413
368.23014383989994	-1.0e-9	1.3651028091397353
368.4803001876173	-1.0e-9	1.365192026210392
368.7304565353346	-1.0e-9	1.3652813321726889
368.9806128830519	-1.0e-9	1.3653707280315421
369.2307692307692	-1.0e-9	1.3654602187389537
369.48092557848656	-1.0e-9	1.365549804725225
369.7310819262039	-1.0e-9	1.3656394818320379
369.9812382739212	-1.0e-9	1.365729254979411
370.2313946216385	-1.0e-9	1.3658191131929993
370.48155096935585	-1.0e-9	1.3659090704919272
370.7317073170732	-1.0e-9	1.3659991207774567
370.98186366479047	-1.0e-9	1.3660892658019148
371.2320200125078	-1.0e-9	1.3661794970314347
371.48217636022514	-1.0e-9	1.3662698254483812
371.7323327079425	-1.0e-9	1.3663602425401797
371.9824890556598	-1.0e-9	1.3664507550331635
372.2326454033771	-1.0e-9	1.3665413620874136
372.4828017510944	-1.0e-9	1.3666320634270892
372.73295809881176	-1.0e-9	1.366722856132978
372.9831144465291	-1.0e-9	1.3668137442679582
373.2332707942464	-1.0e-9	1.3669047198250301
373.4834271419637	-1.0e-9	1.366995794708077
373.73358348968105	-1.0e-9	1.3670869611299679
373.9837398373984	-1.0e-9	1.3671782185068329
374.2338961851157	-1.0e-9	1.367269576453438
374.484052532833	-1.0e-9	1.3673610138606929
374.73420888055034	-1.0e-9	1.3674525566732973
374.9843652282677	-1.0e-9	1.3675441901086918
375.234521575985	-1.0e-9	1.3676359154392843
375.4846779237023	-1.0e-9	1.3677277402104253
375.73483427141963	-1.0e-9	1.3678196505735005
375.98499061913697	-1.0e-9	1.367911657390524
376.2351469668543	-1.0e-9	1.3680037621801382
376.4853033145716	-1.0e-9	1.368095962674598
376.7354596622889	-1.0e-9	1.3681882450666711
376.98561601000625	-1.0e-9	1.368280629896515
377.2357723577236	-1.0e-9	1.3683731065933125
377.4859287054409	-1.0e-9	1.3684656750501254
377.7360850531582	-1.0e-9	1.368558342874696
377.98624140087554	-1.0e-9	1.3686511052535288
378.2363977485929	-1.0e-9	1.3687439515508353
378.4865540963102	-1.0e-9	1.3688369010271186
378.7367104440275	-1.0e-9	1.3689299452415347
378.98686679174483	-1.0e-9	1.3690230791236115
379.23702313946217	-1.0e-9	1.3691163086637097
379.4871794871795	-1.0e-9	1.3692096337759396
379.7373358348968	-1.0e-9	1.369303051889431
379.9874921826141	-1.0e-9	1.369396562674581
380.23764853033146	-1.0e-9	1.3694901686909156
380.4878048780488	-1.0e-9	1.3695838746677407
380.7379612257661	-1.0e-9	1.3696776665570896
380.9881175734834	-1.0e-9	1.3697715586780952
381.23827392120074	-1.0e-9	1.3698655383135137
381.4884302689181	-1.0e-9	1.3699596198331805
381.7385866166354	-1.0e-9	1.3700537956903105
381.9887429643527	-1.0e-9	1.3701480667657768
382.23889931207003	-1.0e-9	1.3702424274734732
382.48905565978737	-1.0e-9	1.3703368935157563
382.7392120075047	-1.0e-9	1.3704314383491978
382.98936835522204	-1.0e-9	1.3705260873621885
383.2395247029393	-1.0e-9	1.3706208233831252
383.48968105065666	-1.0e-9	1.3707156674990626
383.739837398374	-1.0e-9	1.3708105922542007
383.98999374609133	-1.0e-9	1.3709056223779663
384.2401500938086	-1.0e-9	1.371000742719396
384.49030644152595	-1.0e-9	1.3710959620623133
384.7404627892433	-1.0e-9	1.3711912720567436
384.9906191369606	-1.0e-9	1.3712866796367456
385.2407754846779	-1.0e-9	1.3713821778928659
385.49093183239523	-1.0e-9	1.37147777847516
385.74108818011257	-1.0e-9	1.3715734672213304
385.9912445278299	-1.0e-9	1.3716692528681858
386.24140087554724	-1.0e-9	1.3717651354058338
386.4915572232645	-1.0e-9	1.371861111366099
386.74171357098186	-1.0e-9	1.3719571855819563
386.9918699186992	-1.0e-9	1.3720533464643512
387.24202626641653	-1.0e-9	1.3721496150922954
387.4921826141338	-1.0e-9	1.3722459670045912
387.74233896185115	-1.0e-9	1.3723424204097308
387.9924953095685	-1.0e-9	1.3724389724982962
388.2426516572858	-1.0e-9	1.3725356149420775
388.49280800500316	-1.0e-9	1.3726323596485952
388.74296435272043	-1.0e-9	1.3727291863603268
388.99312070043777	-1.0e-9	1.3728261109917814
389.2432770481551	-1.0e-9	1.372923142183757
389.49343339587244	-1.0e-9	1.3730202506279146
389.7435897435897	-1.0e-9	1.3731174656450102
389.99374609130706	-1.0e-9	1.373214778888888
390.2439024390244	-1.0e-9	1.3733121801324377
390.49405878674173	-1.0e-9	1.3734096816602892
390.744215134459	-1.0e-9	1.3735072702160895
390.99437148217635	-1.0e-9	1.3736049612657737
391.2445278298937	-1.0e-9	1.3737027530949815
391.494684177611	-1.0e-9	1.3738006242547676
391.74484052532836	-1.0e-9	1.3738986052232223
391.99499687304564	-1.0e-9	1.3739966792613496
392.245153220763	-1.0e-9	1.3740948493425265
392.4953095684803	-1.0e-9	1.3741931146326167
392.74546591619765	-1.0e-9	1.3742914707538259
392.9956222639149	-1.0e-9	1.3743899338401993
393.24577861163226	-1.0e-9	1.3744884832419364
393.4959349593496	-1.0e-9	1.3745871336121511
393.74609130706693	-1.0e-9	1.374685884252451
393.9962476547842	-1.0e-9	1.3747847219594638
394.24640400250155	-1.0e-9	1.3748836651709104
394.4965603502189	-1.0e-9	1.3749827055270027
394.7467166979362	-1.0e-9	1.3750818360631252
394.99687304565356	-1.0e-9	1.3751810668716515
395.24702939337084	-1.0e-9	1.375280392957993
395.4971857410882	-1.0e-9	1.3753798202290266
395.7473420888055	-1.0e-9	1.3754793363938507
395.99749843652285	-1.0e-9	1.3755789577569992
396.2476547842401	-1.0e-9	1.3756786684570397
396.49781113195746	-1.0e-9	1.3757784803101205
396.7479674796748	-1.0e-9	1.375878395950337
396.99812382739213	-1.0e-9	1.3759783979953206
397.24828017510947	-1.0e-9	1.3760785012767565
397.49843652282675	-1.0e-9	1.3761787024711614
397.7485928705441	-1.0e-9	1.3762790000193141
397.9987492182614	-1.0e-9	1.376379400782298
398.24890556597876	-1.0e-9	1.376479892463511
398.49906191369604	-1.0e-9	1.376580480511186
398.7492182614134	-1.0e-9	1.3766811725448314
398.9993746091307	-1.0e-9	1.3767819557488554
399.24953095684805	-1.0e-9	1.3768828417287042
399.4996873045653	-1.0e-9	1.376983819954043
399.74984365228266	-1.0e-9	1.3770849019708207
400.0	-1.0e-9	1.3771860839259837
