7.193699878009491e-6
7.361687549719064e-6
7.53359801771878e-6
7.709522978683785e-6
7.889556153095243e-6
8.073793471147613e-6
8.26233309980453e-6
8.45527553255026e-6
8.652723534624944e-6
8.854782418445014e-6
9.061559746208277e-6
9.273165797766203e-6
9.489713234238578e-6
9.71131752388949e-6
9.938096753967677e-6
1.0170171721278865e-5
1.0407666130790456e-5
1.065070653783363e-5
1.0899422441814557e-5
1.1153946340078659e-5
1.141441391445908e-5
1.1680963988564286e-5
1.1953738531140117e-5
1.2232882950515832e-5
1.251854595323379e-5
1.2810879836989675e-5
1.3110040305431168e-5
1.3416186731279854e-5
1.372948237593335e-5
1.4050094088186179e-5
1.4378192800379515e-5
1.4713953326322113e-5
1.5057554521727583e-5
1.540917957611512e-5
1.5769015792470638e-5
1.6137254930560404e-5
1.651409325694789e-5
1.689973151817587e-5
1.7294375324443153e-5
1.769823480496694e-5
1.811152531828117e-5
1.8534467066795023e-5
1.8967285412791362e-5
1.9410210996703527e-5
1.9863479790493318e-5
2.032733348508202e-5
2.0802019072194597e-5
2.128778968294216e-5
2.1784904008259516e-5
2.229362709146203e-5
2.2814229950287892e-5
2.3346990082518066e-5
2.3892191212393742e-5
2.445012407888392e-5
2.5021085776038676e-5
2.560538090695286e-5
2.6203320577506225e-5
2.681522339455509e-5
2.744141555691521e-5
2.8082230714230543e-5
2.873801041975311e-5
2.94091039795277e-5
3.0095869154547395e-5
3.079867181087782e-5
3.151788661660392e-5
3.2253896733761415e-5
3.300709437010586e-5
3.377788106115589e-5
3.4566667290446803e-5
3.5373873652457766e-5
3.6199930122311525e-5
3.7045277041500406e-5
3.7910364916115555e-5
3.879565473136582e-5
3.970161797719584e-5
4.0628737940120764e-5
4.157750867065298e-5
4.254843523947472e-5
4.354203573602563e-5
4.4558839091800825e-5
4.559938746741332e-5
4.666423556151089e-5
4.775395042951478e-5
4.886911311684055e-5
5.00103181723794e-5
5.117817316388931e-5
5.2373301029354935e-5
5.359633824645554e-5
5.484793707481895e-5
5.612876428517279e-5
5.743950243168739e-5
5.878085036007566e-5
6.015352270056323e-5
6.155825121490835e-5
6.299578434433746e-5
6.446688848977141e-5
6.597234765710318e-5
6.751296385239655e-5
6.908955901612563e-5
7.070297267249578e-5
7.23540655365562e-5
7.404371663721693e-5
7.577282717141207e-5
7.754231915116654e-5
7.93531347677946e-5
8.12062402345385e-5
8.310262296536783e-5
8.504329348715682e-5
8.702928643989005e-5
8.906166070240727e-5
9.114149954946787e-5
9.3269911695104e-5
9.544803146729779e-5
9.767702072765124e-5
9.995806715145145e-5
0.00010229238694846893
0.0001046812247661104
0.00010712585388440402
0.0001096275780625228
0.0001121877313306034
0.00011480767795058395
0.00011748881481729095
0.00012023257229537019
0.0001230404134179358
0.00012591383467893525
0.0001288543688977786
0.00013186358432073508
0.0001349430857258022
0.0001380945154169571
0.00014131955369461958
0.0001446199212580523
0.00014799737796921213
0.00015145372644200902
0.00015499080875122718
0.00015861051336253488
0.0001623147704019579
0.0001661055568613623
0.00016998489426721318
0.0001739548537180014
0.00017801755280095197
0.00018217516033932398
0.00018642989466875472
0.00019078402614235146
0.0001952398804285352
0.0001997998344634606
0.00020446632319722806
0.00020924183784105097
0.00021412892845185365
0.00021913020565344357
0.00022424833907331307
0.00022948606192300995
0.00023484617335491133
0.0002403315362810213
0.0002459450813879639
0.00025168980841166414
0.00025756878724979255
0.0002635851604669908
0.00026974214346359225
0.0002760430298667818
0.00028249118775705817
0.00028909006519097706
0.00029584319404917105
0.0003027541844075012
0.00030982673752875023
0.0003170646371940699
0.00032447175751890243
0.0003320520661328304
0.000339809620898791
0.0003477485814000341
0.0003558731967111144
0.0003641878242020641
0.0003726969213839549
0.00038140504990636086
0.0003903168837817321
0.0003994372024248249
0.0004087709037090125
0.00041832299705819355
0.00042809861557515283
0.0004381030116790874
0.000448341563906415
0.00045881977787581634
0.0004695432919811875
0.000480517874447314
0.0004917494428683393
0.0005032440426513524
0.0005150078737378925
0.0005270472764576613
0.0005393687556630905
0.000551978961595134
0.0005648847028158977
0.0005780929654508821
0.000591610892840797
0.0006054458084542297
0.000619605198833009
0.0006340967550447021
0.000648928331439969
0.0006641079922698586
0.0006796439862772769
0.0006955447710628007
0.000711819010505783
0.0007284755776840123
0.000745523561820922
0.0007629722845933782
0.0007808312944793599
0.0007991103749431428
0.0008178195548322049
0.0008369691105225432
0.000856569581286801
0.0008766317582715726
0.0008971667182988676
0.0009181858096284244
0.0009397006700593023
0.0009617232355722264
0.0009842657410787305
0.001007340744784866
0.0010309611188408588
0.001055140064536834
0.001079891146934261
0.0011052282574403251
0.0011311656715182869
0.0011577180306366116
0.0011849003708621195
0.001212728128139277
0.001241217138298012
0.00127038367984873
0.0013002444721593649
0.001330816675007037
0.00136211794031417
0.0013941663902740972
0.0014269806658774647
0.0014605799126456076
0.0014949838446842948
0.0015302127095630348
0.0015662873604355917
0.0016032292381146804
0.0016410604123721787
0.0016798036042344343
0.0017194822243528814
0.0017601203747045506
0.0018017428932301561
0.0018443753780820235
0.001888044204274412
0.001932776613345383
0.0019786006822853277
0.0020255453885620438
0.0020736406673914297
0.00212291740386954
0.0021734075498631546
0.0022251441084866178
0.002278161216002774
0.0023324941970842786
0.0023881795847995684
0.002445255243976188
0.002503760391919877
0.002563735667071418
0.0026252232351676365
0.002688266828422249
0.0027529118577572283
0.0028192054790313567
0.002887196711125215
0.0029569365260253425
0.003028477960504128
0.0031018762128567907
0.0031771887704747145
0.003254475583494638
0.0033337991169907657
0.0034152245579666825
0.0034988199675289725
0.0035846564007218948
0.003672808103974387
0.0037633526773469487
0.003856371270023816
0.003951948765162923
0.004050173942440586
0.0041511397088388555
0.004254943299492868
0.004361686427750105
0.004471475510702746
0.004584421820910769
0.004700641685989612
0.004820256573720605
0.004943393250124913
0.005070183814110888
0.005200765732403115
0.005335281835749642
0.0054738801587212015
0.00561671379007158
0.0057639406285113146
0.005915722982460181
0.006072227119341852
0.006233622719488761
0.006400082261279187
0.006571780256348642
0.006748892562735776
0.0069315956292343
0.007120065669149438
0.0073144781322220555
0.007515007173231329
0.007721825264930609
0.007935103103680497
0.008162058959790611
0.008388922155789425
0.008622777580739465
0.00886379179591692
0.009137367505482188
0.009393798041124746
0.009658023941192246
0.009930215079972042
0.010224936296235282
0.010513933801115977
0.01081150335138164
0.011117820936004197
0.011456961157309925
0.011782076699205835
0.012116789769853519
0.012460529008196632
0.0128152770920334
0.013180533614756787
0.013556632811149171
0.01398803769972006
0.01438843902698463
0.014801056573382597
0.015226014460151906
0.01566343359205762
0.016113511824050034
0.016576586576322546
0.017053138038423045
0.01754370857814744
0.018086725624977734
0.01860844673848246
0.019146038573724666
0.019699429339573596
0.020268725468652406
0.02085445277851081
0.02145754641478427
0.0221050611033586
0.022746432975570562
0.02340799579713886
0.02408914532315129
0.024789638209428807
0.025510295658122156
0.026252828623153104
0.027037152803363735
0.027827915653534825
0.028642183519110322
0.029478750979752808
0.03033857591484828
0.03122438144587478
0.032150456988060634
0.0330925280163425
0.034060100587167075
0.035053357679748126
0.03607653287627534
0.037140798402171785
0.03823093661328999
0.03935040947581462
0.04050026883990292
0.04169040682618826
0.042916069831308024
0.04417806626538567
0.04547565359408018
0.046815062846241234
0.04819789170566902
0.049611623191160296
0.05105339709976603
0.05253510756264187
0.054069612965096964
0.055656374129668375
0.05730239691223886
0.059011076218098674
0.06077431787431946
0.06257776050059508
0.06441935354972828
0.0662991958506514
0.06821452952946616
0.07018740660958796
0.07224737419281835
0.07439453508436134
0.07661283852464132
0.07889604175708644
0.08122039499700881
0.08357472608355905
0.08595945110283931
0.08844075595705339
0.09104682039199288
0.09374949838513306
0.09653248096073545
0.0993496689893209
0.1021818602200579
0.10505507115496021
0.10808708985988669
0.11126160061789282
0.11453937799417517
0.11784471561277655
0.12112649603670314
0.12448710877063328
0.1280630176532082
0.13179383002647552
0.135568191191765
0.13930652304864563
