141.05
143.05
145.05
147.05
149.05
151.05
153.05
155.05
157.05
159.05
161.05
163.05
165.05
167.05
169.05
171.05
173.05
175.05
177.05
179.05
181.05
183.05
185.05
187.05
189.05
191.05
193.05
195.05
197.05
199.05
201.05
203.05
205.05
207.05
209.05
211.05
213.05
215.05
217.05
219.05
221.05
223.05
225.05
227.05
229.05
231.05
233.05
235.05
237.05
239.05
241.05
243.05
245.05
247.05
249.05
251.05
253.05
255.05
257.05
259.05
261.05
263.05
265.05
267.05
269.05
271.05
273.05
275.05
277.05
279.05
281.05
283.05
285.05
287.05
289.05
291.05
293.05
295.05
297.05
299.05
301.05
303.05
305.05
307.05
309.05
311.05
313.05
315.05
317.05
319.05
321.05
323.05
325.05
327.05
329.05
331.05
333.05
335.05
337.05
339.05
341.05
343.05
345.05
347.05
349.05
351.05
353.05
355.05
357.05
359.05
361.05
363.05
365.05
367.05
369.05
371.05
373.05
375.05
377.05
379.05
381.05
383.05
385.05
387.05
389.05
391.05
393.05
395.05
397.05
399.05
