0.28454909100407255
12.207890425360091
18.662309434311148
23.89477703950349
28.45801138210043
32.5781339408378
36.375218223784344
39.92239368895598
43.26821529251471
46.44690969792217
49.48369149688097
52.39777771027414
55.20421532127416
57.915048706639666
60.54009746705851
63.08749295514172
65.56405926547937
67.97559054437554
70.32705717116096
72.6227619178218
74.86646015918802
77.0614537484758
79.21066527226374
81.31669746378783
83.381881235334
85.40831487613575
87.39789631486556
89.35235087203316
91.27324937532782
93.16203369366063
95.02002794884702
96.84845328123903
98.64843943460164
100.42103471553712
102.16721459657988
103.88788917876978
105.58390969168556
107.25607417738756
108.90513247824515
110.53179062982417
112.1367147420363
113.72053443938397
115.28384591874367
116.8272146759929
118.35117794346748
119.8562468748187
121.34290850869598
122.81162753722434
124.26284790336742
125.69699424631686
127.11447321262777
128.5156746479044
129.9009726822548
131.2707267211297
132.62528235116986
133.96497217016878
135.29011654927479
136.6010243328732
137.89799415671231
139.18131220155567
140.4512572104259
141.70809789566943
142.95209421534298
144.18349781169493
145.4025524187305
146.60949424218708
147.8045523133334
148.98794881983284
150.15989941499296
151.32061350716336
152.47029453135505
153.60914020390354
154.737342762023
155.8550891890448
156.96256142687068
158.05993657573796
159.14738708352016
160.2250809242247
161.29318176676495
162.3518491350849
163.4012385597598
164.44150172165823
165.47278658888646
166.49523754619025
167.50899551878888
168.5141980898595
169.5109796124452
170.4994713164872
171.4798014105782
172.45209517951557
173.4164750770721
174.3730608152869
175.32196944935941
176.26331545926138
177.19721082804847
178.12376511647412
179.04308553557087
179.95527701464258
180.86044226762112
181.7586818574893
182.65009425745862
183.53477590930427
184.41282128069776
185.28432291962142
186.14937150690648
187.00805590754388
187.86046321915092
188.70667881968788
189.54678641332174
190.38086807510962
191.2090042940511
192.03127401530304
192.8477546815678
193.65852227467434
194.46365135776355
195.26321512023597
196.05728542711353
196.84593288204402
197.6292269077738
198.40723588518716
199.18002730802553
199.94766737432576
200.71021673885446
201.4677289041546
202.2202699744189
202.96790858215937
203.71070535230868
204.448718105915
205.1820036464615
205.91061795872008
