85.41329795291121
85.36925474500498
85.29430296527353
85.21947458787838
85.14476926570492
85.07018665299117
84.995726405321
84.92138817961741
84.84717163413589
84.77307642845771
84.6991022234834
84.6252486814261
84.55151546580515
84.47790224143952
84.4044086744414
84.33103443220979
84.25777918342416
84.18464259803812
84.1116243472731
84.03872410361215
83.96594154079368
83.89327633380532
83.82072815887778
83.74829669347875
83.6759816163068
83.60378260728541
83.53169934755694
83.45973151947668
83.38787880660695
83.3161408937112
83.24451746674814
83.17300821286597
83.10161282039655
83.03033097884972
82.95916237890751
82.8881067124185
82.81716367239221
82.74633295299341
82.6756142495366
82.60500725848044
82.53451167742226
82.46412720509255
82.39385354134956
82.3236903871738
82.25363744466273
82.18369441702538
82.11386100857705
82.04413692473396
81.97452187200807
81.90501555800176
81.83561769140275
81.7663279819788
81.69714614057268
81.62807187909698
81.55910491052909
81.49024494890612
81.4214917093199
81.35284490791194
81.28430426186856
81.21586948941584
81.1475403098148
81.07931644335652
81.01119761135722
80.94318353615351
80.87527394109757
80.8074685505524
80.73976708988704
80.67216928547191
80.60467486467408
80.53728355585264
80.46999508835407
80.4028091925076
80.33572559962069
80.2687440419744
80.20186425281895
80.13508596636916
80.06840891779997
80.00183284324203
79.93535747977724
79.86898256543437
79.80270783918466
79.73653304093753
79.67045791153616
79.60448219275325
79.53860562728674
79.47282795875554
79.40714893169532
79.34156829155427
79.27608578468893
79.21070115836007
79.14541416072848
79.08022454085093
79.01513204867605
78.95013643504024
78.88523745166364
78.82043485114615
78.75572838696336
78.69111781346263
78.62660288585909
78.56218336023174
78.49785899351954
78.43362954351747
78.36949476887273
78.30545442908083
78.2415082844818
78.1776560962564
78.11389762642229
78.05023263783029
77.98666089416065
77.92318215991929
77.85979620043416
77.79650278185149
77.73330167113215
77.67019263604806
77.60717544517847
77.54424986790646
77.48141567441529
77.41867263568484
77.35602052348814
77.29345911038773
77.23098816973224
77.16860747565289
77.10631680306
77.04411592763954
76.98200462584974
76.91998267491762
76.85804985283565
76.79620593835834
76.73445071099891
76.67278395102595
76.61120543946004
76.54971495807052
76.4883122893722
76.42699721662206
76.36576952381598
76.30462899568559
76.24357541769496
76.18260857603745
76.12172825763257
76.06093425012271
76.00022634187009
75.93960432195357
75.87906798016556
75.81861710700893
75.75825149369392
75.69797093213505
75.6377752149481
75.57766413544711
75.51763748764128
75.45769506623203
75.39783666661
75.33806208485208
75.27837111771845
75.21876356264966
75.15923921776368
75.09979788185304
75.04043935438187
74.98116343548308
74.92196992595547
74.86285862726089
74.8038293415214
74.7448818715165
74.68601602068023
74.62723159309849
74.56852839350618
74.50990622728452
74.4513649004582
74.39290421969277
74.33452399229184
74.27622402619438
74.21800412997212
74.15986411282674
74.10180378458732
74.04382295570763
73.98592143726353
73.92809904095034
73.87035557908023
73.81269086457961
73.75510471098659
73.69759693244839
73.64016734371879
73.58281576015557
73.52554199771802
73.4683458729644
73.41122720304946
73.35418580572191
73.29722149932199
73.24033410277897
73.18352343560873
73.1267893179113
73.07013157036843
73.01355001424122
72.95704447136764
72.90061476416021
72.84426071560361
72.78798214925229
72.7317788892281
72.67565076021802
72.61959758747177
72.56361919679951
72.50771541456953
72.45188606770596
72.39613098368648
72.34044999054005
72.28484291684467
72.22930959172508
72.17384984485058
72.11846350643278
72.06315040722336
72.00791037851191
71.95274325212368
71.89764886041748
71.84262703628342
71.7876776131408
71.73280042493595
71.67799530614006
71.62326209174714
71.56860061727177
71.51401071874712
71.45949223272274
71.40504499626257
71.35066884694281
71.29636362284985
71.24212916257824
71.18796530522862
71.13387189040569
71.07984875821619
71.0258957492669
70.97201270466257
70.91819946600403
70.86445587538608
70.81078177539563
70.7571770091096
70.7036414200931
70.65017485239741
70.59677715055804
70.5434481595928
70.4901877249999
70.43699569275604
70.38387190931448
70.33081622160317
70.27782847702288
70.22490852344528
70.17205620921112
70.11927138312836
70.06655389447032
70.01390359297383
69.96132032883743
69.90880395271952
69.85635431573657
69.8039712694613
69.75165466592091
69.69940435759526
69.64722019741512
69.5951020387604
69.54304973545837
69.49106314178192
69.43914211244785
69.38728650261507
69.3354961678829
69.28377096428937
69.23211074830952
69.18051537685365
69.12898470726566
69.07751859732134
69.02611690522674
68.97477948961645
68.92350620955195
68.87229692451994
68.82115149443078
68.77006977961672
68.71905164083037
68.66809693924304
68.61720553644312
68.56637729443449
68.51561207563488
68.46490974287433
68.41427015939357
68.36369318884246
68.31317869527842
68.26272654316485
68.21233659736954
68.16200872316325
68.11174278621802
68.0615386526057
68.01139618879647
67.96131526165722
67.91129573845011
67.86133748683105
67.81144037484819
67.76160427094042
67.71182904393592
67.66211456305065
67.61246069788689
67.56286731843177
67.51333429505584
67.46386149851156
67.41444879993193
67.36509607082898
67.31580318309241
67.26657000898811
67.21739642115676
67.16828229261245
67.1192274967412
67.07023190729966
67.02129539841363
66.97241784457674
66.92359912064902
66.87483910185556
66.82613766378513
66.77749468238885
66.72891003397878
66.6803835952266
66.6319152431623
66.58350485517278
66.53515230900058
66.48685748274254
66.43862025484844
66.39044050411978
66.34231810970836
66.29425295111507
66.24624490818854
66.19829386112393
66.15039969046154
66.10256227708561
66.05478150222304
66.00705724744209
65.95938939465117
65.91177782609755
65.86422242436613
65.81672307237818
65.76927965339014
65.72189205099234
65.6745601491078
65.62728383199104
65.5800629842268
65.53289749072889
65.48578723673894
65.43873210782525
65.39173198988155
65.34478676912585
65.29789633209923
65.25106056566469
65.20427935700594
65.15755259362628
65.1108801633474
65.06426195430825
65.01769785496386
64.97118775408423
64.92473154075316
64.87832910436713
64.83198033463415
64.78568512157268
64.73944335551046
64.6932549270834
64.6471197272345
64.6010376472127
64.55500857857184
64.50903241316949
64.4631090431659
64.41723836102294
64.37142025950294
64.3256546316677
64.27994137087735
64.23428037078934
64.1886715253573
64.14311472883004
64.09760987575052
64.05215686095472
64.00675557957065
63.96140592701731
63.916107799003626
63.87086109152745
63.82566570087452
63.78052152361741
63.735428456614564
63.690386397009256
63.64539524222857
63.60045488998241
63.55556523826251
63.510726185341404
63.465937629771474
63.42119947038393
63.37651160628785
63.33187393686919
63.287286361789796
63.242748780986474
63.19826109466999
63.153823203324094
63.10943500770461
63.06509640883845
63.02080730802266
62.976567606823494
62.93237720707546
62.88823601088038
62.844143920606456
62.80010083888737
62.7561066686213
62.71216131297005
62.668264675358124
62.62441665947177
62.580617169258126
62.53686610892428
62.49316338293638
62.44950889601873
62.40590255315289
62.36234425957681
62.3188339207839
62.2753714425222
62.23195673079345
62.188589691852236
62.14527023220513
62.1019982586098
62.05877367807415
62.01559639785547
61.972466325459564
61.92938336863991
61.8863474353968
61.84335843397648
61.80041627287035
61.75752086081406
61.714672106786736
61.67186992001011
61.6291142099477
61.58640488630399
61.54374185902359
61.501125038290446
61.458554334527
61.41602965839338
61.37355092078659
61.33111803283974
61.288730905921184
61.24638945163377
61.204093581814014
61.16184320853133
61.11963824408723
61.077478601014526
61.03536419207658
60.993294930266494
60.95127072880635
60.909291501146434
60.86735716096446
60.825467622164815
60.78362279887779
60.74182260545882
60.70006695648772
60.65835576676793
60.616688951325806
60.5750664254098
60.533488104489784
60.491953904256256
60.45046374061963
60.4090175297095
60.367615187873895
60.32625663167856
60.284941777906226
60.24367054355588
60.20244284584205
60.161258602194096
60.12011773025549
60.07902014788308
60.03796577314642
59.99695452432704
59.95598631991774
59.915061078621925
59.87417871935285
59.83333916123297
59.79254232359324
59.751788125972396
59.71107648811632
59.670407329977316
59.62978057171344
59.58919613368783
59.548653936468014
59.50815390082526
59.4676959477339
59.427279998370636
59.38690597411391
59.34657379654322
59.30628338743848
59.266034668779334
59.22582756274455
59.185661991711314
59.14553787825462
59.10545514514661
59.065413715355916
59.02541351204705
58.98545445857975
58.94553647850834
58.905659495581084
58.86582343373959
58.82602821711817
58.78627377004319
58.746560017032465
58.70688688279465
58.66725429222859
58.627662170422745
58.58811044265454
58.54859903438977
58.50912787128198
58.4696968791719
58.43030598408677
58.3909551122398
58.351644190029546
58.31237314403931
58.27314190103656
58.23395038797232
58.194798531980595
58.15568626037778
58.11661350066206
58.07758018051286
58.03858622779023
57.99963157053429
57.96071613696464
57.92183985547979
57.88300265465659
57.844204463249675
57.80544521019086
57.76672482458862
57.72804323572749
57.68940037306753
57.65079616624376
57.612230545065586
57.57370343951628
57.5352147797524
57.49676449610325
57.45835251907034
57.41997877932682
57.381643207716955
57.34334573525558
57.305086293127566
57.26686481268726
57.22868122545798
57.19053546313147
57.152427457567356
57.114357140792634
57.07632444500115
57.03832930255304
57.00037164597425
56.96245140795599
56.92456852135422
56.88672291918914
56.84891453464466
56.811143301067915
56.773409151968714
56.73571202101907
56.69805184205267
56.660428549064385
56.62284207620975
56.58529235780448
56.54777932832395
56.510302922402715
56.472863074834024
56.4354597205693
56.398092794717655
56.36076223254542
56.32346796947564
56.28620994108758
56.24898808311627
56.211802331451985
56.1746526221398
56.1375388913791
56.10046107552308
56.0634191110783
56.02641293470419
55.989442483212606
55.95250769356733
55.915608502883615
55.87874484842773
55.84191666761647
55.805123898016724
55.768366477344976
55.73164434346689
55.69495743439681
55.65830568829735
55.621689043478874
55.58510743839913
55.54856081166272
55.5120491020207
55.475572248370106
55.439130189753534
55.40272286535867
55.36635021451785
55.330012176707655
55.293708691548424
55.25743969880384
55.2212051383805
55.18500495032746
55.148839074835834
55.11270745223833
55.07661002300884
55.040546727762006
55.00451750725279
54.96852230237607
54.932561054166186
54.896633703796546
54.86074019257918
54.82488046196435
54.78905445354011
54.75326210903191
54.71750337030216
54.68177817934984
54.646086478310075
54.61042820945373
54.574803315187005
54.53921173805102
54.503653420721434
54.468128306008
54.4326363368542
54.39717745633685
54.361751607665646
54.32635873418284
54.29099877936279
54.25567168681159
54.22037740026667
54.18511586359641
54.14988702079974
54.11469081600576
54.07952719347335
54.044396097590784
54.009297472875346
53.974231263972946
53.93919741565774
53.90419587283174
53.86922658052446
53.83428948389251
53.79938452821924
53.76451165891435
53.72967082151353
53.69486196167808
53.66008502519454
53.62533995797432
53.590626706053335
53.55594521559164
53.52129543287306
53.48667730430483
53.452090776417215
53.41753579586319
53.38301230941803
53.34852026397898
53.31405960656491
53.27963028431591
53.245232244492975
53.21086543447766
53.176529801771686
53.142225293996624
53.10795185889353
53.073709444322596
53.03949799826282
53.00531746881162
52.97116780418454
52.93704895271486
52.90296086285329
52.86890348316761
52.83487676234232
52.800880649178325
52.76691509259258
52.73298004161778
52.699075445401974
52.66520125320828
52.63135741441453
52.597543878512944
52.563760595109784
52.53000751392506
52.49628458479215
52.462591757657535
52.428928982580416
52.39529620973242
52.36169338939728
52.32812047197049
52.294577407959004
52.2610641479809
52.22758064276508
52.19412684315094
52.16070270008804
52.12730816463581
52.093943187963234
52.060607721348525
52.02730171617882
51.99402512394986
51.960777896265704
51.927559984838375
51.894371341487606
51.861211918140484
51.82808166683118
51.794980539700624
51.76190848899621
51.7288654670715
51.69585142638589
51.66286631950436
51.62991009909712
51.596982717939355
51.564084128910906
51.53121428499599
51.49837313928287
51.4655606449636
51.43277675533372
51.40002142379194
51.36729460383988
51.33459624908176
51.301926313224136
51.26928475007557
51.236671513546376
51.204086557648324
51.17152983649435
51.13900130429829
51.10650091537456
51.07402862413792
51.04158438510314
51.009168152884776
50.97677988219685
50.94441952785258
50.912087044764114
50.87978238794224
50.84750551249613
50.81525637363302
50.783034926658
50.75084112697369
50.71867493008
50.68653629157383
50.65442516714882
50.622341512595085
50.59028528379893
50.55825643674258
50.526254927503956
50.49428071225634
50.462333747268175
50.43041398890276
50.398521393618
50.366655917966156
50.334817518593574
50.30300615224041
50.27122177574039
50.23946434602056
50.207733820101
50.17603015509458
50.14435330820671
50.11270323673509
50.08107989806945
50.04948324969127
50.017913249173574
49.98636985418065
49.9548530224678
49.92336271188111
49.89189888035717
49.86046148592285
49.829050486695046
49.797665840880434
49.76630750677523
49.73497544276491
49.70366960732404
49.672389959015945
49.64113645649253
49.60990905849402
49.578707723848694
49.547532411472694
49.51638308036974
49.48525968963094
49.454162198434474
49.42309056604546
49.392044751815625
49.361024715183135
49.330030415672326
49.29906181289348
49.26811886654258
49.23720153640111
49.206309782335794
49.17544356429837
49.14460284232538
49.1137875765379
49.08299772714137
49.05223325442531
49.02149411876313
48.99078028061188
48.96009170051205
48.92942833908733
48.898790157044374
48.86817711517261
48.837589174343975
48.80702629551275
48.77648843971527
48.74597556806978
48.71548764177614
48.68502462211566
48.654586470450866
48.62417314822527
48.59378461696317
48.56342083826943
48.53308177382927
48.50276738540803
48.47247763485099
48.44221248408312
48.411971895108906
48.381755830012104
48.35156425095555
48.32139712018093
48.29125440000862
48.2611360528374
48.23104204114431
48.200972327484415
48.170926874490604
48.14090564487338
48.110908601420654
48.08093570699755
48.050986924546194
48.021062217085515
47.99116154771102
47.961284879594636
47.93143217598446
47.90160340020459
47.87179851565492
47.84201748581093
47.81226027422348
47.78252684451866
47.75281716039751
47.72313118563592
47.693468884084346
47.663830219667666
47.63421515638497
47.604623658309364
47.575055689587785
47.54551121444079
47.51599019716239
47.486492602119824
47.45701839375341
47.427567536576305
47.39813999517436
47.36873573420591
47.33935471840158
47.309996912564095
47.28066228156811
47.251350790360014
47.222062403957736
47.19279708745057
47.163554805999
47.13433552483446
47.10513920925924
47.07596582464622
47.04681533643872
47.017687710150334
46.98858291136472
46.959500905735446
46.93044165898577
46.9014051369085
46.872391305365795
46.843400130288984
46.8144315776784
46.785485613603186
46.75656220420114
46.72766131567852
46.69878291430987
46.66992696643784
46.64109343847304
46.612282296893824
46.58349350824614
46.554727039143366
46.525982856266104
46.497260926362046
46.46856121624577
46.43988369279858
46.41122832296836
46.382595073769366
46.35398391228206
46.325394805652984
46.29682772109454
46.26828262588484
46.23975948736755
46.21125827295172
46.18277895011159
46.15432148638648
46.12588584938056
46.09747200676272
46.069079926266426
46.0407095756895
46.012360922894004
45.98403393580607
45.9557285824157
45.92744483077667
45.899182649006306
45.870942005285364
45.842722867857844
45.81452520503084
45.78634898517439
45.75819417672132
45.73006074816704
45.70194866806946
45.67385790504877
45.64578842778731
45.61774020502941
45.58971320558125
45.56170739831066
45.53372275214702
45.50575923608107
45.47781681916476
45.449895470511116
45.42199515929406
45.39411585474828
45.36625752616906
45.33842014291214
45.310603674393576
45.28280809008955
45.25503335953627
45.227279452329775
45.19954633812581
45.17183398663969
45.14414236764611
45.11647145097904
45.08882120653155
45.061191604255676
45.03358261416227
45.00599420632086
44.97842635085947
44.950879017964546
44.92335217788073
44.89584580091078
44.86835985741538
44.840894317813024
44.81344915257988
44.7860243322496
44.75861982741325
44.73123560871909
44.70387164687249
44.676527912635784
44.64920437682809
44.62190101032521
44.59461778405947
44.56735466901961
44.54011163625058
44.512888656853484
44.48568570198538
44.45850274285918
44.43133975074348
44.404196696962465
44.37707355289572
44.349970289978145
44.32288687969979
44.29582329360572
44.2687795032959
44.241755480425056
44.21475119670251
44.18776662389209
44.160801733811965
44.13385649833453
44.10693088938628
44.08002487894764
44.053138439052894
44.026271541789995
43.999424159300474
43.97259626377928
43.94578782747469
43.91899882268813
43.89222922177409
43.86547899713996
43.838748121245935
43.81203656660486
43.78534430578212
43.758671311395496
43.73201755611506
43.70538301266303
43.678767653813644
43.652171452393056
43.625594381279186
43.5990364134016
43.572497521741404
43.545977679331095
43.51947685925445
43.492995034646405
43.46653217869292
43.44008826463088
43.413663265747935
43.387257155382414
43.36086990692319
43.33450149380955
43.30815188953108
43.28182106762757
43.255509001688836
43.22921566535466
43.20294103231463
43.17668507630805
43.15044777112379
43.124229090600195
43.09802900862497
43.07184749913502
43.045684536116376
43.01954009360407
42.99341414568201
42.967306666482855
42.941217630187914
42.91514701102703
42.88909478327846
42.863060921268755
42.837045399372656
42.81104819201297
42.78506927366046
42.75910861883375
42.73316620209917
42.70724199807067
42.68133598140972
42.65544812682516
42.62957840907314
42.60372680295694
42.57789328332692
42.55207782508039
42.52628040316148
42.500500992561044
42.474739568316565
42.44899610551202
42.42327057927779
42.39756296479053
42.37187323727308
42.34620137199435
42.3205473442692
42.29491112945836
42.26929270296829
42.243692040251105
42.218109116804435
42.19254390817134
42.166996389940195
42.1414665377446
42.115954327263246
42.090459734219834
42.06498273438296
42.039523303566014
42.01408141762707
41.988657052468774
41.96325018403827
41.93786078832708
41.91248884137097
41.8871343192499
41.86179719808789
41.83647745405292
41.81117506335683
41.78589000225523
41.76062224704738
41.73537177407611
41.71013855972768
41.68492258043174
41.65972381266117
41.63454223293201
41.60937781780337
41.5842305438773
41.55910038779871
41.53398732625527
41.50889133597732
41.483812393737736
41.458750476351874
41.43370556067746
41.40867762361447
41.38366664210507
41.358672593133484
41.333695453725916
41.30873520095045
41.28379181191696
41.258865263777004
41.23395553372373
41.209062598991785
41.18418643685722
41.159327024637385
41.13448433969086
41.10965835941732
41.084849061257486
41.060056422692995
41.035280421246334
41.01052103448072
40.98577824000002
40.961052015448686
40.9363423385116
40.91164918691405
40.886972538421574
40.86231237083992
40.83766866201494
40.81304138983248
40.7884305322183
40.76383606713801
40.739257972596924
40.71469622664002
40.69015080735184
40.66562169285637
40.64110886131699
40.61661229093635
40.592131959956326
40.567667846657876
40.543219929360994
40.518788186424615
40.4943725962465
40.46997313726318
40.445589787949864
40.42122252682033
40.39687133242686
40.372536183360154
40.34821705824921
40.3239139357613
40.29962679460181
40.275355613514215
40.25110037127997
40.22686104671842
40.202637618686715
40.17843006607974
40.15423836783002
40.13006250290763
40.105902450320116
40.08175818911243
40.0576296983668
40.033516957202714
40.009419944776766
39.98533864028261
39.9612730229509
39.937223072049136
39.91318876688167
39.889170086789555
39.8651670111505
39.84117951937876
39.8172075909251
39.79325120527666
39.76931034195692
39.74538498052557
39.721475100578495
39.69758068174764
39.67370170370094
39.64983814614227
39.625989988811334
39.602157211483586
39.57833979397018
39.554537716117856
39.530750957808884
39.50697949896098
39.48322331952722
39.459482399495975
39.43575671889083
39.41204625777049
39.38835099622873
39.364670914394296
39.34100599243084
39.31735621053683
39.29372154894549
39.27010198792471
39.246497507776986
39.22290808883932
39.19933371148316
39.175774356114346
39.15223000317298
39.1287006331334
39.10518622650407
39.08168676382754
39.058202225680354
39.03473259267296
39.01127784544967
38.98783796468855
38.96441293110138
38.94100272543355
38.917607328464015
38.8942267210052
38.87086088390293
38.84750979803637
38.82417344431794
38.800851803693256
38.77754485714104
38.75425258567306
38.73097497033406
38.70771199220168
38.68446363238638
38.6612298720314
38.63801069231265
38.61480607443865
38.59161599965048
38.56844044922169
38.545279404458235
38.5221328466984
38.499000757312736
38.475883117703994
38.45277990930705
38.42969111358882
38.406616712048226
38.38355668621611
38.36051101765515
38.33747968795981
38.314462678756264
38.291459971702345
38.26847154848744
38.24549739083246
38.222537480489756
38.19959179924304
38.17666032890734
38.153743051328924
38.13083994838523
38.1079510019848
38.08507619406722
38.06221550660304
38.03936892159372
38.01653642107156
37.99371798709963
37.97091360177172
37.94812324721226
37.92534690557624
37.90258455904919
37.87983618984706
37.85710178021621
37.834381312433294
37.81167476880523
37.78898213166913
37.76630338339222
37.743638506371795
37.72098748303514
37.69835029583948
37.67572692727191
37.653117359849325
37.630521576118376
37.60793955865538
37.58537129006628
37.56281675298657
37.54027593008124
37.517748804044714
37.49523535760077
37.472735573502504
37.45024943453226
37.427776923501554
37.40531802325103
37.382872716650375
37.360440986598306
37.33802281602245
37.31561818787932
37.29322708515426
37.27084949086133
37.24848538804333
37.22613475977166
37.20379758914631
37.18147385929579
37.159163553377056
37.136866654575456
37.114583146104685
37.092313011206706
37.0700562331517
37.047812795238016
37.025582680792084
37.00336587316839
36.9811623557494
36.95897211194549
36.93679512519493
36.914631378963755
36.89248085674579
36.87034354206254
36.84821941846314
36.82610846952429
36.80401067885023
36.781926030072654
36.75985450685065
36.737796092870674
36.71575077184646
36.693718527518975
36.67169934365637
36.649693204053925
36.62770009253397
36.60571999294585
36.58375288916587
36.56179876509724
36.539857604669976
36.51792939184092
36.49601411059364
36.47411174493836
36.45222227891195
36.43034569657782
36.408481982025904
36.38663111937261
36.36479309276072
36.34296788635939
36.32115548436405
36.29935587099638
36.27756903050424
36.25579494716163
36.23403360526863
36.212284989151335
36.19054908316182
36.16882587167807
36.14711533910394
36.125417469869106
36.103732248429
36.08205965926474
36.06039968688314
36.038752315816566
36.017117530622976
35.995495315885805
35.97388565621393
35.95228853624164
35.93070394062855
35.90913185405956
35.88757226124483
35.86602514691969
35.84449049584461
35.82296829280515
35.801458522611895
35.77996117010042
35.758476220131236
35.73700365758972
35.71554346738609
35.69409563445535
35.67266014375723
35.65123698027613
35.629826129021104
35.608427575025765
35.58704130334826
35.56566729907122
35.544305547301725
35.52295603317121
35.50161874183546
35.48029365847453
35.458980768292726
35.43768005651854
35.41639150840459
35.39511510922758
35.37385084428828
35.352598698911414
35.33135865844569
35.31013070826368
35.28891483376182
35.267711020360345
35.24651925350323
35.225339518658174
35.20417180131651
35.183016086993206
35.16187236122676
35.14074060957922
35.119620817636076
35.09851297100625
35.07741705532204
35.056333056239055
35.03526095943621
35.014200750615636
34.99315241550266
34.972115939845736
34.95109130941644
34.93007851000938
34.909077527442165
34.88808834755537
34.86711095621248
34.846145339299845
34.82519148272664
34.804249372424806
34.783318994349024
34.76240033447666
34.74149337880771
34.72059811336478
34.69971452419302
34.67884259736008
34.65798231895608
34.63713367509356
34.61629665190742
34.59547123555489
34.5746574122155
34.553855168091005
34.533064489405355
34.51228536240467
34.49151777335715
34.47076170855309
34.450017154304795
34.42928409694654
34.40856252283454
34.38785241834691
34.3671537698836
34.34646656386638
34.32579078673877
34.305126424966026
34.28447346503506
34.263831893454444
34.24320169675432
34.222582861486394
34.20197537422387
34.18137922156143
34.16079439011517
34.140220866522576
34.11965863744246
34.099107689554955
34.07856800956142
34.05803958418446
34.037522400167845
34.01701644427646
33.996521703296295
33.9760381640344
33.95556581331881
33.935104637998556
33.91465462494357
33.89421576104469
33.87378803321359
33.85337142838276
33.832965933505434
33.8125715355556
33.7921882215279
33.771815978437644
33.75145479332074
33.73110465323365
33.71076554525337
33.69043745647739
33.670120374023625
33.64981428503041
33.62951917665644
33.609235036080726
33.58896185050259
33.568699607141596
33.548448293237506
33.52820789605026
33.507978402859926
33.48775980096667
33.467552077690705
33.44735522037226
33.427169216371546
33.406994053068715
33.386829717863804
33.36667619817673
33.34653348144721
33.32640155513477
33.30628040671868
33.2861700236979
33.266070393591086
33.24598150393651
33.225903342292064
33.205835896235165
33.18577915336277
33.16573310129133
33.145697727656724
33.125673020114256
33.10565896633859
33.085655554023724
33.06566277088297
33.0456806046489
33.02570904307329
33.00574807392713
32.98579768500054
32.96585786410277
32.94592859906216
32.92600987772605
32.90610168796084
32.88620401765186
32.8663168547034
32.84644018703863
32.82657400259959
32.80671828934715
32.78687303526097
32.76703822833945
32.74721385659974
32.72739990807765
32.707596370827645
32.6878032329228
32.668020482454786
32.648248107533796
32.62848609628855
32.608734436866214
32.58899311743243
32.56926212617121
32.54954145128496
32.5298310809944
32.51013100353856
32.49044120717474
32.47076168017846
32.45109241084345
32.43143338748159
32.41178459842289
32.39214603201546
32.37251767662546
32.3528995206371
32.33329155245256
32.31369376049197
32.29410613319342
32.27452865901285
32.2549613264241
32.235404123918805
32.215857040006405
32.19632006321409
32.17679318208677
32.15727638518706
32.137769661095234
32.118272998409175
32.098786385744376
32.07930981173388
32.059843265028256
32.04038673429557
32.02094020822136
32.00150367550858
31.98207712487758
31.962660545066086
31.943253924829143
31.923857252939108
31.904470518185594
31.88509370937546
31.865726815332764
31.846369824898733
31.82702272693174
31.807685510307266
31.788358163917863
31.769040676673132
31.749733037499684
31.730435235341115
31.71114725915797
31.69186909792771
31.672600740644693
31.653342176320123
31.634093393982038
31.61485438267526
31.59562513146139
31.576405629418744
31.557195865642353
31.53799582924391
31.518805509351758
31.499624895110838
31.480453975682675
31.461292740245348
31.442141177993445
31.42299927813805
31.403867029906696
31.38474442254335
31.365631445308374
31.346528087478497
31.327434338346784
31.308350187222608
31.28927562343162
31.27021063631572
31.25115521523302
31.232109349557824
31.213073028680594
31.19404624200792
31.175028978962494
31.156021228983075
31.137022981524463
31.11803422605747
31.099054952068894
31.08008514906148
31.061124806553895
31.042173914080713
31.023232461192364
31.004300437455118
30.98537783245105
30.966464635778024
30.947560837049643
30.928666425895244
30.90978139195985
30.89090572490415
30.872039414404476
30.85318245015276
30.834334821856523
30.815496519238827
30.79666753203827
30.77784785000894
30.75903746292039
30.740236360557617
30.72144453272103
30.702661969226423
30.68388865990494
30.665124594603064
30.646369763182566
30.6276241555205
30.608887761509166
30.590160571056074
30.57144257408393
30.552733760530607
30.53403412034911
30.51534364350755
30.496662319989127
30.477990139792094
30.459327092929726
30.440673169430305
30.422028359337084
30.403392652708263
30.38476603961696
30.36614851015119
30.347540054413837
30.32894066252262
30.31035032461007
30.29176903082351
30.27319677132502
30.25463353629141
30.236079315914214
30.217534100399632
30.198997879968523
30.180470644856374
30.16195238531328
30.14344309160391
30.12494275400748
30.10645136281774
30.08796890834293
30.06949538090577
30.051030770843425
30.03257506850748
30.01412826426392
29.995690348493095
29.977261311589707
29.958841143962776
29.940429836035612
29.922027378245797
29.903633761045157
29.885248974899735
29.86687301028977
29.84850585770966
29.83014750766796
29.811797950687332
29.793457177304536
29.775125178070393
29.756801943549778
29.738487464321576
29.72018173097867
29.70188473412791
29.683596464390085
29.665316912399913
29.647046068806002
29.62878392427083
29.610530469470724
29.592285695095832
29.574049591850095
29.555822150451235
29.537603361630715
29.51939321613373
29.501191704719165
29.482998818159594
29.464814547241236
29.446638882763942
29.428471815541165
29.41031333639994
29.392163436180862
29.374022105738057
29.355889335939153
29.337765117665278
29.319649441811013
29.301542299284378
29.283443681006812
29.265353577913146
29.247271980951574
29.22919888108364
29.211134269284212
29.19307813654145
29.17503047385679
29.156991272244927
29.13896052273378
29.120938216364472
29.102924344191315
29.084918897281778
29.06692186671647
29.048933243589108
29.030953019006507
29.01298118408855
28.995017729968158
28.97706264779129
28.959115928716894
28.941177563916902
28.9232475445762
28.905325861892607
28.887412507076856
28.869507471352566
28.851610745956226
28.833722322137163
28.81584219115753
28.797970344292278
28.78010677282914
28.762251468068595
28.744404421323868
28.726565623920884
28.708735067198266
28.6909127425073
28.673098641211922
28.655292754688684
28.63749507432675
28.61970559152786
28.601924297706315
28.58415118428895
28.566386242715115
28.54862946443666
28.53088084091791
28.513140363635628
28.49540802407902
28.477683813749692
28.459967724161647
28.442259746841245
28.424559873327198
28.406868095170534
28.389184403934593
28.37150879119499
28.353841248539606
28.336181767568554
28.318530339894174
28.300886957140996
28.283251610945733
28.265624292957256
28.248004994836563
28.230393708256777
28.212790424903105
28.195195136472837
28.177607834675307
28.16002851123189
28.142457157875963
28.12489376635291
28.107338328420067
28.08979083584673
28.072251280414132
28.054719653915406
28.037195948155578
28.019680154951544
28.00217226613205
27.984672273537672
27.967180169020793
27.949695944445587
27.932219591687996
27.914751102635716
27.897290469188167
27.87983768325648
27.862392736763475
27.84495562164365
27.82752632984314
27.810104853319718
27.792691184042774
27.775285313993276
27.757887235163775
27.74049693955837
27.72311441919269
27.705739666093887
27.688372672300595
27.671013429862928
27.653661930842457
27.63631816731219
27.618982131356546
27.601653815071344
27.584333210563784
27.567020309952422
27.549715105367156
27.532417588949205
27.51512775285109
27.497845589236615
27.48057109028085
27.463304248170108
27.446045055101926
27.428793503285057
27.411549584939436
27.394313292296168
27.377084617597514
27.359863553096865
27.342650091058726
27.325444223758698
27.308245943483463
27.291055242530753
27.27387211320935
27.256696547839052
27.23952853875066
27.22236807828596
27.20521515879771
27.18806977264961
27.170931912216293
27.153801569883306
27.136678738047085
27.119563409114946
27.102455575505058
27.085355229646435
27.06826236397891
27.05117697095312
27.034099043030484
27.017028572683195
26.99996555239419
26.982909974657144
26.96586183197644
26.948821116867165
26.931787821855078
26.914761939476602
26.8977434622788
26.880732382819367
26.8637286936666
26.846732387399392
26.829743456607204
26.81276189389006
26.795787691858514
26.778820843133648
26.76186134034704
26.74490917614076
26.727964343167347
26.71102683408979
26.69409664158151
26.67717375832635
26.66025817701855
26.64334989036274
26.6264488910739
26.60955517187737
26.592668725508826
26.575789544714247
26.558917622249922
26.54205295088241
26.525195523388543
26.508345332555393
26.491502371180268
26.474666632070686
26.457838108044367
26.441016791929204
26.42420267656326
26.407395754794745
26.39059601948199
26.37380346349345
26.35701807970767
26.340239861013288
26.32346880030899
26.30670489050352
26.28994812451565
26.273198495274166
26.256455995717857
26.23972061879549
26.222992357465802
26.206271204697476
26.189557153469128
26.172850196769296
26.156150327596418
26.139457538958812
26.122771823874675
26.106093175372045
26.089421586488807
26.072757050272664
26.05609955978112
26.039449108081477
26.0228056882508
26.006169293375915
25.989539916553397
25.972917550889537
25.956302189500338
25.9396938255115
25.923092452058402
25.906498062286083
25.889910649349233
25.873330206412167
25.856756726648825
25.84019020324274
25.823630629387036
25.807077998284402
25.79053230314708
25.77399353719686
25.75746169366504
25.74093676579244
25.724418746829368
25.707907630035606
25.6914034086804
25.674906076042447
25.65841562540987
25.641932050080207
25.625455343360404
25.60898549856679
25.59252250902506
25.576066368070272
25.559617069046823
25.543174605308433
25.526738970218137
25.510310157148265
25.493888159480427
25.4774729706055
25.46106458392361
25.44466299284412
25.42826819078562
25.4118801711759
25.395498927451943
25.379124453059916
25.362756741455144
25.3463957861021
25.330041580474393
25.313694118054748
25.297353392334994
25.281019396816053
25.26469212500792
25.248371570429647
25.232057726609344
25.21575058708414
25.199450145400192
25.183156395112654
25.16686932978567
25.150588942992357
25.134315228314797
25.118048179344015
25.101787789679967
25.08553405293153
25.06928696271648
25.05304651266148
25.039053893829802
25.026530206711413
25.01432019242779
25.004174106288325
24.992568023617945
24.982516957551617
24.971142660509614
24.961318696773223
24.94954727944672
24.94006144318759
24.928183856915734
24.918750000298754
24.907289937214372
24.897446138229032
24.886823795447633
24.875822494372777
24.86610956860802
24.85463352477878
24.845074673440138
24.834110776312052
24.823705875537435
24.813682742426124
24.802356865331127
24.79283191432015
24.78176572525024
24.771635241860615
24.761455146822705
24.75022678918207
24.74070797873495
24.72958837923598
24.71961776714146
24.709339262433634
24.69818357865299
24.68866551960474
24.677496756339014
24.667658535426035
24.657286160127832
24.646214995933253
24.636684062551467
24.625465323855494
24.615753535267533
24.60527398657015
24.594329549523803
24.584758334646722
24.573503559837114
24.563903661965675
24.55331127441429
24.542546301941254
24.53290240164336
24.521650773840136
24.512127058129778
24.501450491970036
24.490863126831563
24.481144610436683
24.469929417944982
24.460444977126166
24.449734202014366
24.43925983198727
24.429502698973806
24.41832698583149
24.40886223210161
24.398156114554514
24.38772732034515
24.37797121706134
24.366825690321402
24.357372196873804
24.346693952773922
24.336264216077176
24.32653643911878
24.315412707939426
24.305965919488642
24.295328074567806
24.28487072904098
24.275186043747688
24.264079203922993
24.25463605746534
24.244044170851094
24.233547526521374
24.223911411039165
24.212819780244562
24.20337793688464
24.192833715856583
24.18229540754724
24.17270797698779
24.16163225607421
24.152189554881325
24.141693555007787
24.13111507054512
24.121574545486116
24.110516940543036
24.101070756280958
24.09062424761961
24.080007264361836
24.070512041716402
24.059475880104316
24.050022314124806
24.039628444546562
24.02897323895245
24.019522625320803
24.008512713107365
23.99904543193294
23.98871028034923
23.978015553918045
23.968609705699887
23.957633717665026
23.94814175065072
23.93787615880328
23.92713971633769
23.917779024424405
23.906850646407495
23.897313474283628
23.887136830220697
23.87635795048908
23.867041038021174
23.856186751859813
23.846562452741807
23.83651030153892
23.82569607411127
23.816413332814534
23.80568392483548
23.79588291240128
23.78601768259696
23.775188441789968
23.76590790740944
23.755375309088752
23.74524540104503
23.73564077195165
23.72479781379173
23.715470855219515
23.705149595992037
23.694664368890226
23.68528929884667
23.674438484889603
23.665031099703317
23.65487092645804
23.6442144804303
23.634946917149772
23.62417462804279
23.61462548062205
23.60464802221865
23.59391974938491
23.58469782342691
23.574098985498612
23.56426947054348
23.55455524233304
23.54381299302432
23.534564694561407
23.524229998573045
23.51393066176085
23.50454118999245
23.493773137572177
23.484433318643916
23.47431916515527
23.463732593793534
23.45451431728399
23.443824286475145
23.434295257340274
23.42441094143493
23.41374365605405
23.404564944141157
23.39410476612737
23.38417488211671
23.374625700568515
23.363946760292304
23.35469976076297
23.3445419949781
23.33409754181406
23.32487041275563
23.314192852193344
23.304784562480283
23.29486676783091
23.284264736963635
23.275122072035273
23.264655638680836
23.254860902432558
23.245287198136225
23.2346710098271
23.22546741867935
23.21533669397903
23.20495288529428
23.195754116934754
23.1851291604164
23.17574887847869
23.165884487890178
23.155326959687503
23.146216393206544
23.135833396097166
23.125993889311474
23.11651694094738
23.105948714453742
23.09674714129633
23.086723139779817
23.07629539726211
23.06717649123755
23.056643609302753
23.047185734664858
23.037468748288447
23.026950409262685
23.017850377963228
23.007654019987356
22.99756076284029
22.988300908714386
22.97775842836982
22.96850362358558
22.95864269685449
22.948175478118912
22.939121120745277
22.928774977817156
22.91905641731927
22.90960445561538
22.899128847253397
22.889974161254496
22.88003595693599
22.869653638111686
22.86060374509085
22.85018105349022
22.840696181932024
22.831116956314844
22.82068197406165
22.811598683392894
22.801586185265755
22.791345692945068
22.782260647390956
22.771811743069602
22.76248389219663
22.752818534853123
22.74241272990204
22.733383760865568
22.723300302356762
22.713244024205977
22.70409564102362
22.693670038288698
22.684434818370722
22.67473145233801
22.664355691331416
22.655362647770666
22.64524609975279
22.635323267997915
22.626136052118813
22.615751634376014
22.60656067354762
22.5968622404468
22.586515946606802
22.577547047518003
22.567444822295467
22.557563814563174
22.54838914262178
22.538039750906844
22.52886278339546
22.519198379490586
22.508880657361132
22.49992758642721
22.489877537551973
22.479962383317662
22.470843267521577
22.460521229988856
22.45133543892384
22.44172559217631
22.43143853121326
22.42249186519653
22.412521455175803
22.402522437175595
22.39348456226305
22.38318913465857
22.373971209914238
22.36443316032799
22.35418031276248
22.34522847015687
22.335355654486733
22.32525695113853
22.316305336485332
22.306052934433378
22.29676554623247
22.287324967641094
22.277109025244307
22.268135078072877
22.258377636352385
22.248196614244478
22.239317344927752
22.22915696502771
22.21971389844049
22.210425872502803
22.200243185870267
22.191214107023132
22.181598060607012
22.171396394763956
22.162543531947737
22.152569063462135
22.14279919491781
22.133751690299338
22.123572271471968
22.114438824809103
22.104975920695516
22.094824146135338
22.085926455349814
22.07617893935873
22.06609632931161
22.057248412436337
22.047131332454583
22.037780414469136
22.028519503511713
22.01841204272824
22.009422652345283
21.99987697183337
21.98973780097523
21.980924980172404
21.97105634970987
21.961234869367672
21.952297212717767
21.94218364218762
21.933029056709714
21.923680379130637
21.91360975740177
21.904707285847785
21.89511474135471
21.885017236208707
21.8762446475358
21.86630882487182
21.85671580367364
21.847695140790858
21.837639244873507
21.828569287948245
21.81921092360645
21.80917341066453
21.800318803044096
21.79073083754094
21.780677502999204
21.771930335214847
21.76200897788807
21.752483184396944
21.74347011992818
21.733459752859734
21.724413421669
21.715092358092463
21.705096721500986
21.69625667206003
21.6867252338834
21.67669638438818
21.667976382219308
21.658134626195835
21.648531072344696
21.6396100175642
21.629629488199626
21.620556600618727
21.61131011790076
21.601365411642195
21.592507448715857
21.58307379381649
21.573077640933313
21.564367024989593
21.554669881512062
21.544874705438435
21.536102759024743
21.526156464237378
21.51698304110592
21.50785614557264
21.49795793482197
21.489049109117293
21.479735610761555
21.469803906364284
21.461060682608327
21.451548424770607
21.441611686321203
21.432948639701564
21.423147611017843
21.413672682669866
21.404781137070728
21.394897662860295
21.385871939588537
21.37671060121724
21.366861219405454
21.3580257286022
21.34871641143649
21.33882079106699
21.330128823215173
21.32062626137048
21.310745743526727
21.30211085621623
21.29233392916906
21.282930485810663
21.274054903396895
21.264225459629223
21.2552256133308
21.24611136413954
21.236314983587736
21.227490129754077
21.218248743830443
21.20841488784216
21.199724280445572
21.190327450643174
21.180460848321108
21.171862541920177
21.162226195130632
21.152632254786912
21.143918988432365
21.134119233584304
21.12503587891946
21.116036457440803
21.106292884775108
21.097419663473094
21.08829270359998
21.07854076409039
21.069798898129662
21.06056423174988
21.0507720218147
21.042141775022383
21.032758527047115
21.022946843704833
21.014389177405626
21.004774557038633
20.995269771645184
20.98657412384124
20.976834546971443
20.967789086998994
20.958838906310337
20.94915672246282
20.940296840093925
20.93124189363494
20.921561680389893
20.912813480882406
20.90368132334978
20.89397819108468
20.885323117954698
20.876098928966464
20.866353336242533
20.857790528138896
20.84842038071839
20.838679252931875
20.830164088139746
20.820574435294
20.81117972540483
20.802500607740647
20.792833136144292
20.783832172355606
20.7749391820866
20.76532857448631
20.756482785428055
20.74751097633861
20.73791339869415
20.729153154504314
20.72013591405263
20.710537402355104
20.701838302449474
20.69278225522129
20.683171258880396
20.67453045770729
20.66542587797795
20.65578922875449
20.647214820247537
20.638035060733806
20.62835993776579
20.619860948086696
20.610552838022272
20.600881894218507
20.592424902648432
20.582921617433804
20.573545712072427
20.564953756959582
20.555367281589117
20.546368138412326
20.537578409927374
20.528051700748566
20.519199390352217
20.510344194305393
20.500846837668615
20.492055703711525
20.48318319570385
20.473706605977846
20.464937058372232
20.456069604120362
20.446611899085124
20.437841912013784
20.428992592123304
20.41955416240725
20.410768710884728
20.40194668635638
20.392528050341237
20.383715626234974
20.374927385073534
20.36552776158386
20.356680455965833
20.347929270566926
20.338545871366392
20.329661207736056
20.320946189388007
20.3115747405987
20.302656967841536
20.293973096948083
20.284609473975976
20.275668201859773
20.267008041551268
20.257649800113015
20.248696129829142
20.240052472198055
20.23069915772205
20.22174191128513
20.213109731895926
20.203762139913117
20.194806218751808
20.186183140558605
20.176842354466526
20.1678893130579
20.159274902350525
20.149941779676695
20.140991144644996
20.13238597247703
20.123060939303837
20.114111544831655
20.105516386394772
20.09619951222189
20.087250338954114
20.078665743064207
20.069356892173346
20.06040740145741
20.051833575399833
20.042532553495278
20.03358266736349
20.025019547334736
20.015726193477402
20.006776113098184
19.998223499344757
19.98893771540676
19.979987732149368
19.97144540399555
19.962167148831018
19.95321751593559
19.94468529428385
19.935414554050492
19.92646544695274
19.9179432053581
19.908679970973633
19.899731498499758
19.891219149904654
19.881963408135586
19.87301564094037
19.86451311747794
19.85526484844416
19.846317842289647
19.837825081793405
19.828584259689777
19.819638070441794
19.811155007636042
19.801921603824333
19.792976295034613
19.784502861829655
19.775276849812027
19.766332487214726
19.75786861498189
19.748649969539603
19.739706618494022
19.731252239894825
19.722040938412054
19.713098660008452
19.7046537111131
19.69544973123436
19.686508582883484
19.678073001042268
19.668876322348332
19.659936358248075
19.6515100861852
19.642320689347496
19.63338195677249
19.62496493903335
19.61578280261918
19.60684534916741
19.598437531554985
19.589262637391307
19.580326508133886
19.57192783815719
19.562760167841322
19.55382540249432
19.54543583086223
19.536275366074022
19.527342004484048
19.518961481870264
19.509808204823408
19.500876286252147
19.492504764703455
19.483358660344457
19.474428216949804
19.466065652586277
19.456926701621523
19.447997767812925
19.439644113988063
19.430512298654307
19.421584911530385
19.413240122886563
19.404115430050382
19.395189619711786
19.38685365499482
19.37773607063891
19.368811863461342
19.36048468233831
19.351374190737207
19.342451613765856
19.334133176789774
19.32502976377707
19.31610884271558
19.30779911047343
19.29870276184971
19.28978352123552
19.28148245604074
19.272393158108244
19.26347562183454
19.25518318564071
19.24610092490015
19.2371851147577
19.228901270862693
19.219826033244193
19.210911973381865
19.202636685461183
19.193568459878147
19.18465616985487
19.176389403650344
19.1673281798982
19.158417675513896
19.15015939804982
19.141105163979436
19.132196463778588
19.123946642781082
19.114899388270572
19.105992503514774
19.097751108242207
19.088710819537656
19.07980576953899
19.071572765758695
19.06253943376236
19.05363623371662
19.045411591143132
19.03638520643095
19.027483868317024
19.019267556876983
19.010248109547902
19.00134864488222
18.993140634733706
18.984128114432604
18.975230536617826
18.96703079830899
18.958025197678033
18.94912951842949
18.940938024109258
18.93193933683884
18.92304556018324
18.914862284047448
18.9058705001342
18.896978634601417
18.888803549121974
18.879818659896667
18.870928714757373
18.86276179222488
18.853783791385556
18.844895775344614
18.83673698915358
18.827765870252538
18.81887978779561
18.810729113045657
18.801764869501547
18.792880725566718
18.784738136890184
18.77578076352054
18.766898563268025
18.75876403659787
18.74981352895013
18.740933273015223
18.732806786159237
18.723863139841406
18.714984828334877
18.706866358211496
18.697929567810792
18.689053202164178
18.680942725020177
18.67201278499308
18.663138368259695
18.65503585995454
18.646112768192133
18.637240301581517
18.62914574030452
18.620229495261345
18.61135897586854
18.603272341511403
18.594362942170957
18.58549436469139
18.577415636971676
18.568513080783404
18.559646442474783
18.55157560057854
18.542679888262047
18.533815183786157
18.52575220897628
18.516863339598437
18.508000561966075
18.499945434538304
18.491063409303614
18.482202551894915
18.47415525301335
18.46528007274138
18.45642112913352
18.448381639220035
18.43951330775638
18.430656268098616
18.42262457078836
18.413763091587484
18.404907943873763
18.396884022318382
18.388029399554107
18.379176131902284
18.37115996938693
18.362312209276652
18.353460807148064
18.345452387935325
18.336611495788343
18.3277619448988
18.31976125253231
18.310927236696845
18.30207952344673
18.29408654258041
18.28525941387077
18.276413516554356
18.268428234084876
18.259608001222173
18.250763900130806
18.24278630187348
18.233972978144752
18.225130654608613
18.217160726827366
18.208354327249165
18.199513753153617
18.191551484995887
18.18275202384875
18.17391317560977
18.165958554559104
18.15716605196022
18.148328899486145
18.140381915665245
18.13159639201099
18.122760903112745
18.114821546117124
18.10604302501959
18.097209166594272
18.0892774289097
18.08050593710964
18.07167366857284
18.063749541544404
18.054985107665424
18.046154388523387
18.0382378644239
18.029480521250246
18.02065130926822
18.01274238152846
18.00399216817465
17.99516441330441
17.987263078559483
17.97852003887542
17.96969368517282
17.96179993931602
17.953064120719578
17.944239108105403
17.936352949713054
17.927624408885176
17.918800672391505
17.910922099220883
17.902200899489944
17.89337836423968
17.88550737897157
17.87679359217176
17.867972178191497
17.86010878243561
17.851402494391685
17.84258211090589
17.83472630845077
17.82602761614496
17.81720816104247
17.809359960102075
17.80066897922832
17.79185033898276
17.784009747435444
17.775326613445582
17.76650865642529
17.75867568505039
17.75000055856809
17.74118314165465
17.733357803478704
17.724690880927394
17.715873837690868
17.708056147545744
17.699397670041364
17.69058080659931
17.682770779189358
17.674121042254402
17.66530414106736
17.6575017896556
17.64886116937092
17.640043981190995
17.63224931405836
17.623618296869935
17.61480053990918
17.607013551346682
17.59839278469488
17.589574142304873
17.581794798747072
17.57318516600537
17.56436530253743
17.556593509473156
17.54799626063475
17.53917486986387
17.531410404454693
17.522827388543526
17.514004313220767
17.506246672151278
17.49768075867781
17.488856332982166
17.4811043691819
17.472560286482683
17.46373626623784
17.455987253456005
17.44747333574059
17.438655516579622
17.430902496930955
17.422434543176863
17.413640033895557
17.40586363216024
17.397473348226836
17.388747048116024
17.380889326775666
17.372639067693655
17.364059541875353
17.355956347183344
17.34794136747671
17.339506948615004
17.330923053634628
17.32317884501214
17.314698177665697
17.30594049461364
17.298246185016865
17.289776020093846
17.28101461800917
17.273294116792954
17.26489513926161
17.25617150962946
17.248393193029678
17.240112111957696
17.23151108117044
17.223551791555494
17.2154802533589
17.20705435095994
17.198648818211716
17.190867285690402
17.182454926781627
17.173726804897246
17.166072672631664
17.157631044050625
17.148910067151945
17.14121540663788
17.13286094708321
17.12418617870021
17.116415309652698
17.108198785151117
17.099673060583747
17.091660641107573
17.08368549882023
17.075323594115584
17.066799710485494
17.059115681146643
17.05070995889292
17.042007611779855
17.03436897703445
17.02598949425558
17.01731322044061
17.009617520745707
17.001352833975982
16.992778923268308
16.98493074641483
16.976864044948968
16.9684792403057
16.960206929640776
16.952439275049155
16.944108154501937
16.935430142918996
16.92783370845983
16.919457932242963
16.910807202225104
16.903148332592572
16.894889053861526
16.88632329246051
16.878529141382632
16.870458362902383
16.86208515752892
16.85388879224368
16.84611731293147
16.8378236212458
16.829172063985197
16.821601083044865
16.813251443222008
16.80463054099542
16.79699049352324
16.78876647631766
16.780243275120846
16.772445796666396
16.764426586043484
16.75610389432767
16.747852215094028
16.740146173855557
16.731869521391783
16.72322879171417
16.71567695916245
16.707372100195514
16.69879554866368
16.69114794997921
16.682997707081736
16.674560627218835
16.666676926851903
16.658775094086206
16.65052915117908
16.642085627406132
16.634502641052272
16.626211533975052
16.617609555280275
16.610048682431646
16.601819922122836
16.593310603339177
16.585613700083517
16.57757840190107
16.569264118377053
16.56117475636501
16.553445601797776
16.54523806911765
16.536644287506004
16.529139773372734
16.52087240590683
16.51234362923229
16.50473605698246
16.496632786112436
16.4882544824552
16.480384951036488
16.472545532643682
16.464357976913725
16.45589735203599
16.448378399502907
16.44012749694599
16.431583108463894
16.42404067018984
16.415893103556222
16.407475933106472
16.399739964036108
16.39182645666299
16.383623512500957
16.37535575364434
16.36777978233712
16.359585132973397
16.351031846296213
16.343537906853612
16.33537567069599
16.326960321374376
16.31928177644153
16.311350618799324
16.303146983908142
16.294974835912765
16.28737936440251
16.27922266410418
16.27067845338804
16.263212150663744
16.255059568011664
16.24666382920386
16.239006256667306
16.231090553370496
16.22290758149457
16.214750013245613
16.207173596169927
16.19903799304634
16.19051263102525
16.18305993281204
16.17493497028363
16.166573786132332
16.158908571795973
16.151035058775285
16.142891110778194
16.134680624721604
16.1271551904712
16.119026515919543
16.110531861079085
16.10307844933231
16.094998264632796
16.086686600557094
16.07898247574961
16.0711754793958
16.063080174011272
16.054765887585443
16.047310690651265
16.039177552567047
16.030729694787368
16.02326017767707
16.01523890538477
16.006986077035425
15.99921379686732
15.991488316152868
15.983435131235117
15.975019755323528
15.967625476006008
15.959496517937882
15.951106871779512
15.94360705121714
15.935658637041861
15.927476720645398
15.919593710363928
15.911967569396483
15.903939296160871
15.89547185677889
15.888105926213736
15.880016337120063
15.871706101557148
15.864138749006258
15.856299236412067
15.848215550795901
15.840110180663793
15.83262828920643
15.824585419306095
15.816157058749415
15.808758708555082
15.800766424850272
15.792570557126094
15.78484452279195
15.777167196799436
15.769172427998326
15.7607839697602
15.753440822036591
15.745368145378318
15.737053698401295
15.729563583266826
15.721705898510454
15.713624655611222
15.705649814437466
15.698146121779397
15.690157534864552
15.681741457301955
15.67438922187484
15.66640976272775
15.658240623514104
15.65055887575226
15.642900170485396
15.634938998147252
15.626581742705485
15.619265954234969
15.611227705756859
15.602953271325836
15.595477262801479
15.58766549869897
15.579635939925502
15.57162793845456
15.564183747778648
15.55621830399629
15.547849878622287
15.540500988391704
15.532586054032793
15.524492183999886
15.516742565048736
15.50917682163458
15.501257645211886
15.492873183792058
15.485591040744065
15.477608544559176
15.469436929220404
15.461882603428995
15.454198152159924
15.446264526581665
15.438037639290101
15.4307299453147
15.422747537048858
15.414490059618196
15.407079651582826
15.39928721062754
15.391299722584035
15.38335094126816
15.375937323248753
15.368024096709592
15.359700388460515
15.352382554085766
15.344524377672531
15.336503445060726
15.328726602284274
15.321241128518146
15.313367381332654
15.305021131945466
15.297759131466082
15.289859224203763
15.281800756731945
15.274157214176753
15.266608546128456
15.25875101438768
15.250424961410168
15.243194413404165
15.23526429615965
15.227154197434583
15.219638387780142
15.212016416492848
15.20415183226809
15.195930279541146
15.188688827636403
15.180760545823091
15.172593878996535
15.165184655744346
15.157493614935829
15.149605920831783
15.141553863996702
15.134261350640834
15.126375584309908
15.118166967310067
15.110827099020275
15.103098103968161
15.095202969849593
15.087258662276232
15.079935171076908
15.072085308746823
15.063862323229865
15.05655938463769
15.048821126543855
15.040933145942976
15.033032916202979
15.025705975450954
15.017877393044992
15.009659913894035
15.002373278464155
14.994643843646593
14.986771799267041
14.978877357632186
14.97156451797957
14.963748576390358
14.9555489110862
14.948265377327997
14.940556655420265
14.93270700973373
14.92479173014731
14.91750507634878
14.909695706011824
14.901523090108034
14.894232718223371
14.886553155963636
14.878729621350839
14.870775297585723
14.863522266393419
14.855714893255085
14.847575624786664
14.840271650331202
14.832625945694996
14.824828745764998
14.816828091981133
14.809610490637512
14.801803078420997
14.79369937530172
14.78637909475916
14.778768014039752
14.770994940935115
14.762951089317626
14.755766067228562
14.747959633296864
14.739890582190473
14.732554121132479
14.724976386624943
14.717225099202249
14.7091452512302
14.701988549317521
14.69418575658571
14.6861500954756
14.67879747574021
14.671252343850034
14.66352155001175
14.655411466656002
14.648279585269783
14.640483426737028
14.632481593844675
14.625110375956433
14.617599129623313
14.609888444741506
14.601751576326484
14.594641611210998
14.586855657825586
14.57889073326499
14.571494165979276
14.564020986819944
14.556330437630805
14.548170006729737
14.541078020760322
14.53330815277244
14.525387126031442
14.517950548312772
14.510524582476503
14.502853832655926
14.494677787676533
14.487595016864203
14.479853642052818
14.471990622362222
14.46448121339697
14.45712122008413
14.449466750531764
14.44130105751569
14.434203415011376
14.426518641621314
14.418738283176964
14.411080932959
14.403822835217532
14.39616666659133
14.38807522817713
14.38090566871749
14.373325893553067
14.365644228098073
14.357727663013337
14.35060667162021
14.342907779564678
14.334945167564685
14.32765310791344
14.320194477495864
14.312567350667992
14.304466655658214
14.297422287768425
14.289708928928473
14.281854937676451
14.274440504959566
14.267083584720446
14.259476543509836
14.251344470066156
14.244295859903383
14.236636877401162
14.22888939770384
14.221292284623717
14.21406029389743
14.206452462580552
14.19840219023326
14.191264045280063
14.18373132788824
14.176105722810492
14.168181504219834
14.161116088156396
14.153451688637464
14.14556257992974
14.138261457007488
14.130876105140498
14.123303166365467
14.115204132394581
14.108197083662924
14.100542683539683
14.09279229252453
14.085295829791965
14.078050386318946
14.07048412276231
14.062434969043906
14.055352927866853
14.047820740347325
14.040213165164324
14.032364719500336
14.025306198046477
14.01768363489375
14.009814928991242
14.002544761834518
13.995185344922875
13.987648546368339
13.979572061329197
13.972589080425621
13.964971553851196
13.957273137872056
13.949753506317212
13.942562934342664
13.935022666163515
13.927035256855202
13.919936203467724
13.912474632826605
13.904929708141601
13.896990202845755
13.890002796519818
13.88238827477858
13.8746082405047
13.867282183205564
13.860004173738085
13.852499786332794
13.844455866432012
13.837466461971635
13.829925780731177
13.822328743380083
13.814647075124775
13.807576821091304
13.800032004712383
13.79217507530291
13.784977926237579
13.777643162341288
13.770162575361216
13.762127627762922
13.755186496358155
13.747618908764334
13.739986028674313
13.73246450647087
13.725340283827862
13.717843460851029
13.709940285910179
13.702830885116066
13.695459347431383
13.68798962276887
13.68000060456665
13.67307930409079
13.66551119027888
13.657853408151896
13.650436947937427
13.643280876416027
13.635816632987417
13.627887535553231
13.620842878428043
13.61344718054134
13.605982120877131
13.598058602523244
13.591141605662713
13.58358981408291
13.575918350719338
13.568570018872009
13.561400283236132
13.553961553172895
13.546026432304952
13.53902323942147
13.531621196854054
13.524164788145681
13.516291990149167
13.50937955180836
13.501849655497804
13.494182776205623
13.486866640646797
13.479703527048363
13.472286189911555
13.464364766936962
13.45737874412512
13.44999234811694
13.442556450644462
13.434691816643092
13.427797216478394
13.420284467277774
13.412644587503866
13.405325391285048
13.39818910447343
13.390788656858222
13.382899411172128
13.375907535968354
13.36855730241087
13.361152557391954
13.35325946565347
13.346392868514618
13.338894781877993
13.331303355473532
13.323944171201932
13.316854680452813
13.309464947629543
13.301629419008796
13.294605232869522
13.287311461041902
13.279942651949353
13.272013468816537
13.265168267931717
13.257697974086566
13.2501792308671
13.242720088214353
13.235706232896657
13.228313937727782
13.22056535441394
13.213466939664842
13.206255650616114
13.198917996453634
13.19099683893395
13.184132130665883
13.176732379725605
13.169314627534906
13.161643651412213
13.154747835428628
13.147322586844288
13.139699640507493
13.132474554322785
13.125367979695602
13.118038872862229
13.110204438177385
13.103256358318047
13.095969229646542
13.088637510383142
13.080762592638076
13.073952613895791
13.066517360462527
13.059029740711544
13.05162146390555
13.04463652223575
13.037289549694894
13.029586937740227
13.022508024032572
13.015345537800666
13.00805363865992
13.000182968877416
12.993329126380141
12.985996073125136
12.978651698217064
12.970911663867913
12.964091210495193
12.956685493855053
12.949158286870126
12.941879560562743
12.934859230855045
12.92755835569813
12.91982736765412
12.912828262862922
12.905646450454922
12.898378482320805
12.890512118059121
12.88370740698671
12.876364532445425
12.869017643938626
12.861378178857983
12.854547951582742
12.847181808935312
12.839651293671832
12.832424462041192
12.825408188485959
12.818138463568689
12.810421954083955
12.803448267886738
12.796284533975768
12.789042508963488
12.781198592785792
12.774409536008317
12.767094297952992
12.759780314500958
12.752129817965217
12.74533170136616
12.737982058024514
12.730493696363148
12.723252858103509
12.716275598633748
12.709023564523191
12.70135738021825
12.694363676744842
12.687249241552143
12.68003467879709
12.672232837303282
12.665426881549893
12.658172763978252
12.650918529736067
12.643175659531995
12.636434806519354
12.629090872628298
12.621684195340443
12.61435978265641
12.607455414695357
12.600204385210988
12.592622831233394
12.585563349659168
12.578524486238768
12.571330031231891
12.5636095596341
12.556740320127465
12.549580477981408
12.542387475186226
12.534586086175652
12.527861073861944
12.520571033748386
12.513288058880534
12.50573908431678
12.498963844961722
12.491678390831575
12.484233586557936
12.477033143278671
12.470104722802725
12.462906445718268
12.455314065963439
12.448322743089962
12.441283669179526
12.434124565641099
12.426413420628093
12.419588565674179
12.412439816958958
12.405273568099828
12.397499902339117
12.390803041943634
12.383535005023711
12.376276712029327
12.368759588455308
12.362006288266766
12.354750897595709
12.347339519137444
12.340147656972697
12.333253077883406
12.326081003283884
12.318536246891753
12.311536381093145
12.304543916115456
12.297412630580364
12.289762476984144
12.282913342520185
12.27582926052306
12.268704862053056
12.260965971685948
12.254255144591859
12.247060902324424
12.239887389532141
12.232231391629224
12.225560324743322
12.218302903776639
12.210996928463663
12.20369560922342
12.196891127271863
12.18971509482067
12.182270734373464
12.17519039603238
12.168283362768554
12.161165047676896
12.153622090515704
12.146685173396236
12.13970333620837
12.132611763691106
12.124982883291628
12.118173255733753
12.111113028133087
12.10402393018245
12.096317272103892
12.089632554686794
12.082473439714326
12.07534013717237
12.067695278833295
12.0610576724997
12.053832983410754
12.046579773802536
12.039261223573176
12.032507645026586
12.025353999631275
12.017973384603177
12.010870185654348
12.004021071178679
11.99692688017437
11.989460141199762
11.98248486164156
11.975574338613006
11.968510930569696
11.960977906702228
11.95410529119612
11.947140399165542
11.94009252852568
11.93249192849175
11.925724039415432
11.918694244861506
11.9116459824498
11.903978356598563
11.897321167852901
11.890205231954619
11.883119845142906
11.875487051997233
11.868886714247243
11.861702022640472
11.854512782142582
11.847164956945281
11.840473155068853
11.833342579576772
11.826036793207452
11.81890416038573
11.812121733198765
11.805052363697678
11.797670016392292
11.790653619510849
11.783819940111279
11.776783788420072
11.769353557708106
11.762414840376714
11.75554626727742
11.74852975081472
11.741060222212967
11.734189044401202
11.727288348766812
11.720285198973636
11.712774251685241
11.705973682048391
11.699035725356701
11.692040772735062
11.684480017454327
11.677761251239987
11.670773041483644
11.663776588464874
11.656160881006997
11.649535722884929
11.642477232814496
11.635453340213232
11.6278416425465
11.621283257076108
11.614155013026163
11.607049830243149
11.599653043733953
11.593042027493677
11.585938176736043
11.578728434255632
11.571554521542689
11.564856142630804
11.557814773756283
11.550533480432462
11.543472038776613
11.53672805157348
11.529722406706055
11.522406392593373
11.515402808808423
11.508637577951466
11.501651540021838
11.494318627508779
11.487349816668296
11.48057415756186
11.473600799928953
11.46625910283866
11.459314527124844
11.452533533415334
11.445569878473279
11.438223705461265
11.431297447241409
11.424514088291842
11.41755863364173
11.410210878048265
11.403298772349954
11.396515221430814
11.389567040659825
11.382220093037901
11.375318596996975
11.36853676420077
11.361595163789989
11.354251304898561
11.34735698217511
11.340578758448679
11.333643122118403
11.326304717833414
11.319413964444239
11.31264134778007
11.305711055223028
11.298380656933452
11.29148955261571
11.284724709381955
11.277799077790249
11.270479450981592
11.263583703799869
11.256828970589957
11.249907207540945
11.242601272684915
11.235696298679192
11.228954105892013
11.222035283687006
11.214745947347415
11.207827128091173
11.201099827319748
11.194182897120966
11.186912763184562
11.17997590963028
11.173265506821307
11.166349378551459
11.159100380371624
11.152142346704428
11.145450190924187
11.138533885750148
11.131306950469577
11.12432603890645
11.117652648539623
11.110735356101562
11.1035301201297
11.096527029004424
11.089871712647628
11.08295326387834
11.07576823118867
11.068745422977731
11.062106682591875
11.055187424210802
11.048020472346925
11.04098137524237
11.034357338589384
11.027437953272731
11.02028682361864
11.013235025160325
11.006623837692807
10.999705136388014
10.992567809365255
10.985506460702004
10.97890654570153
10.971989288449908
10.964864166023773
10.95779571220126
10.951205869598866
10.944290669962497
10.937176597513787
10.93010276847142
10.923522154432073
10.916609456302389
10.909505649250065
10.902427597313661
10.89585564878905
10.888945749457612
10.881851690574285
10.8747701638336
10.868206507133253
10.861299598630966
10.854214942368772
10.84713042982033
10.840574811791036
10.833671015844649
10.82659552052745
10.81950836400759
10.812960599226596
10.80605999598586
10.798993474234965
10.791903935811005
10.785363876548674
10.778466524524147
10.771408820857152
10.764317120855122
10.757784639090188
10.750890586575467
10.7438415657767
10.736747894286527
10.730222876765314
10.723332163390351
10.71629170186381
10.709196231986008
10.70267857503644
10.695791237392958
10.68875922257707
10.681662110603154
10.675151716159943
10.668267785540575
10.661244111593906
10.654145505314126
10.647642283259485
10.640761789103136
10.633746356542028
10.626646393831855
10.620150257035387
10.613273227475878
10.606265941778574
10.599164751947074
10.59267561820382
10.585802078749635
10.578802850379457
10.57170055697495
10.565218348341048
10.558348324071929
10.551357070658495
10.544253786931455
10.53777843060081
10.530911945657081
10.52392859094913
10.5168244182251
10.510355846514795
10.50349291975033
10.496517391494912
10.489412426035559
10.482950573964132
10.476091225548112
10.469123455108795
10.462017788158725
10.455562593051914
10.44870683923194
10.44174675905936
10.434640481911803
10.428191882141165
10.42133974210509
10.414387288932689
10.407280483672915
10.400838421855699
10.393989911006903
10.387045024145635
10.379937771482467
10.37350219146312
10.366657325934419
10.359719948085548
10.352612323343447
10.346183171556996
10.339341966769696
10.332412043939343
10.32530411500391
10.318881340113192
10.312043808467452
10.305121287138311
10.298013123595245
10.291596675100939
10.284762830767576
10.277847659485106
10.270739328443337
10.264329157891556
10.257499014724775
10.25059114706964
10.243482706027253
10.237078767816012
10.230252335879234
10.223351725535727
10.216243233257668
10.209845481400583
10.203022772679358
10.196129373191965
10.189020888488194
10.182629278566322
10.175810304229447
10.168924073154136
10.161815650897053
10.155430139127326
10.148614911426677
10.141735806700643
10.134627496972614
10.128248041697805
10.121436570260496
10.114564552432846
10.107456405244616
10.10108296583041
10.094275260339746
10.087410290203602
10.080302352551662
10.073934889008287
10.067130958319787
10.060272997393
10.053165319109423
10.046803791276416
10.040003646881024
10.03315266042922
10.02604528218555
10.01968965256661
10.012893302954408
10.006049256130067
9.99894222054509
9.992592452155806
9.98579990677841
9.97896276722915
9.971856112777546
9.965512170461613
9.958723437772305
9.951893174113428
9.944786936947734
9.938448784481048
9.93166387172627
9.92484045286661
9.917734671986434
9.9114022736918
9.90462119008087
9.897804585224806
9.890699296109851
9.884372617908925
9.877595370450603
9.870785549906296
9.863680788781966
9.85735979451687
9.85058639225609
9.843783325338924
9.83667912846226
9.830363785225904
9.823594237740014
9.81679789941107
9.809694296236708
9.803384571250033
9.796618885307785
9.789829250535197
9.78272626911514
9.77642213004871
9.76966031284005
9.762877354419217
9.755775027488346
9.749476441190845
9.742718501844585
9.735942196433594
9.728840551479449
9.722547487756582
9.715793435149607
9.709023762407998
9.701922820257849
9.695635249109916
9.688885088909084
9.682122027170534
9.675021812239912
9.668739702597767
9.661993442144228
9.655236968820423
9.648137508064853
9.641860828350808
9.635118476298109
9.62836857066094
9.621269888596395
9.614998608207298
9.608260172754633
9.601516816398076
9.594418933600291
9.58815302303404
9.581418513023552
9.574681688268655
9.567584623148043
9.5613240526233
9.554593475099416
9.547863163889902
9.540766937467314
9.53451167820575
9.527785042190494
9.521061230306117
9.513965858763239
9.507715880805065
9.500993194469341
9.494275866464136
9.487181364718666
9.480936639333473
9.474217910194344
9.46750705137279
9.460413438142078
9.454173935727235
9.447459174612105
9.440754772319892
9.433662062054504
9.427427753046818
9.420716968369188
9.414019011153194
9.406927215125576
9.400698070944163
9.39399127354783
9.387299752435462
9.38020888157991
9.373984873484554
9.367282073022386
9.36059697878992
9.35350704030816
9.347288139312303
9.340589344153361
9.333910668994266
9.326821675092495
9.320607850231328
9.313913072761991
9.307240808510144
9.300152767544404
9.293943989672332
9.287253241302764
9.280587383712545
9.273500301733227
9.267296541256638
9.26060983523395
9.253950382803744
9.246864261800344
9.240665489293043
9.233982838974125
9.227329792097148
9.220244630583666
9.214050815134081
9.207372233634148
9.200725592924922
9.193641390149043
9.187452501603122
9.18077800277979
9.174137771801185
9.16705452765231
9.160870533669897
9.154200135143574
9.147566320338818
9.140484028267936
9.134304896016051
9.127638614790843
9.121011223748338
9.113929876916147
9.107755573421782
9.101093428645463
9.094472474140357
9.087392061714432
9.081222552062503
9.07456456450433
9.067950061784547
9.060870570041288
9.054705818333982
9.048052011410457
9.041443980512364
9.034365392296635
9.028205360470634
9.021555759910493
9.014954224442969
9.007876518861993
9.001721166425025
8.995075801398139
8.988480790519565
8.981403942036398
8.9752532266991
8.968612129058025
8.962023678439117
8.954947657894428
8.948801533626625
8.94216474101617
8.935582893736791
8.928507664266043
8.922366080588882
8.915733635181118
8.90915844218553
8.902083962710718
8.895946863498127
8.88931881446423
8.882750336553473
8.875676560383472
8.86954388266842
8.862920288642274
8.85635859888705
8.849285470239925
8.843157141927197
8.836538071799724
8.82998325844516
8.822910715044452
8.81678665156425
8.810172189323753
8.803624358817409
8.79655232754829
8.790432430250696
8.78382267788486
8.777281961562112
8.77021036008306
8.76409450506498
8.757489589750872
8.750956146592824
8.743884884248882
8.737772919046545
8.731173002135531
8.72464703058308
8.717576011008761
8.711467736689345
8.70487303042871
8.698354781398331
8.691283903383432
8.685179053837533
8.67858983816031
8.672079629821237
8.66500880280176
8.6589070095342
8.652323671501557
8.645821915764971
8.638751090684531
8.632651819173764
8.626074909531528
8.619582152909826
8.612511375060791
8.606413816093598
8.599844149429748
8.593361128980193
8.58629067206125
8.580193525276464
8.573632365498987
8.567160094214048
8.56009073962947
8.553991803576501
8.547441202396449
8.540981091150087
8.533914882448599
8.527810104903901
8.521273637239618
8.514827642319814
8.507769633501335
8.501650933688133
8.495135242876627
8.488705905960353
8.481668447778139
8.475518263899199
8.46903639656366
8.462625944935208
8.455637866875
8.449415665725144
8.442993465296377
8.436598605346052
8.429715446942891
8.423332590182822
8.417014172806233
8.410609666536725
8.403888436900928
8.397229755567347
8.391051869541155
8.384587383953106
8.378013755653207
8.371128404536051
8.365042505458119
8.358526301938952
8.352031976117303
8.345057287965057
8.338998849126964
8.332471193183634
8.326010956311409
8.319005891478128
8.312953393997674
8.30642980483981
8.299989227597212
8.292973122149505
8.286919827793344
8.280406010243482
8.273981910397117
8.266962977970621
8.260903798142344
8.254404333448676
8.247997158063294
8.240983190677763
8.234909397223726
8.228431541974476
8.22204326890278
8.215049035815708
8.208941518891516
8.20249945695141
8.196131960683747
8.189190440347932
8.183004026900756
8.176626214307703
8.170274850856178
8.163447827912393
8.15708297825473
8.150817487888459
8.144451857919629
8.137795809259082
8.131136373807097
8.125016119844283
8.118583671651962
8.112072500943404
8.105200868196754
8.099162020001932
8.09268403337038
8.086246090579628
8.079297628931686
8.073278454260565
8.06679502908738
8.060389908661959
8.053416910177587
8.047397554967207
8.04092364854741
8.03454026923439
8.027562005300615
8.021532594358588
8.01507657037712
8.008713639861442
8.00174522276329
7.995690891387853
7.989264478300739
7.982923433165034
7.97599182191985
7.969878613249397
7.963504829192262
7.957184463018925
7.9503441112426865
7.944091755731244
7.937813737722234
7.9314945902435525
7.924815888609764
7.918290075766769
7.9121574933087
7.905784629600848
7.899273242979545
7.8924780730860435
7.886457114720133
7.8800218573004885
7.873607515268406
7.866703741260541
7.8607133137815435
7.85426551897939
7.847893506323961
7.840956550310247
7.8349660235471115
7.828527980410456
7.822181459870339
7.815239371315049
7.809234118661432
7.802817757404802
7.796494184573035
7.789569425279401
7.783527309813812
7.777149212576553
7.7708490349095785
7.7639816509715
7.757850679388331
7.751543126054988
7.745259345929531
7.738519531674334
7.732185061049521
7.7260011144271985
7.719695729152711
7.713136497189883
7.706488635326826
7.700452398210708
7.6940734550581675
7.687653068013203
7.680817459024176
7.674846693285727
7.66843249585218
7.6620778685317426
7.655181430312468
7.649219424173062
7.642808500924399
7.6364862105660976
7.62957614452036
7.623601496599602
7.617210553698565
7.610913302690878
7.604016910370203
7.598006782394826
7.591653139036354
7.585380333359646
7.578538740666887
7.572441965585608
7.5661577807783225
7.559902652778168
7.553187264374065
7.546889151884322
7.540728127673822
7.534453084326006
7.527920145752374
7.521304544272326
7.515293553059106
7.508944285336586
7.502553284700719
7.495745622575444
7.489801031600001
7.483416102120731
7.477092634116324
7.470224217242194
7.464286572601852
7.457906490120972
7.4516164834458225
7.444737265089076
7.438782502797476
7.432425931665919
7.426162110608222
7.419304618427963
7.413303409625508
7.406991670333309
7.40075243253591
7.393968256173146
7.387852904767849
7.381625474615114
7.375397522191304
7.368764408720479
7.362398548693959
7.356312065300363
7.350043875913565
7.343592832798897
7.33691915715226
7.330966062079994
7.324625152627452
7.318291594257633
7.311481356955814
7.305567152257177
7.299208782489752
7.292927270558012
7.2860793049286405
7.280160460662674
7.273815843008601
7.267564546044825
7.260719905128013
7.2547712024401205
7.248459723061553
7.242234711905466
7.235434815205739
7.229410528303034
7.223162181237657
7.216958133719555
7.210272890442963
7.204067274938863
7.1979343218511245
7.1917191600101535
7.1852154895440785
7.178693092698755
7.172714733590438
7.166427887933659
7.16007824218099
7.153336556326891
7.147436954512938
7.141106857684817
7.134833902307965
7.128022395632499
7.1221312322793535
7.1158051066627435
7.109568816869446
7.102746812003683
7.096834769224279
7.09053495493077
7.084326301372363
7.077533248196819
7.071563958261449
7.065315949420248
7.059131520446753
7.052428616672839
7.046318298627781
7.0401677861915415
7.033986897807844
7.027452077680987
7.021054238104667
7.0150551864553705
7.008817563827307
7.0024561127856995
6.995782536154501
6.989893647660537
6.9835943016000765
6.977330980201794
6.970556841827556
6.964689285536974
6.9583846942702605
6.952165054314123
6.945368987923198
6.939486625046348
6.933203604722544
6.927013001177602
6.920236046618596
6.914306558794765
6.908068621847482
6.9019035855928035
6.895201057766173
6.889154081948652
6.883002065664665
6.876847966325452
6.870299541512621
6.863994913600346
6.857986044600322
6.851789011685915
6.8454222170528
6.838812940944793
6.832933597108568
6.826665335697319
6.820412573722257
6.813675577129044
6.807829661427711
6.8015477730471545
6.795345363846188
6.788576327619542
6.782720690482267
6.77645639101665
6.770284346873026
6.763526871029586
6.757631396209335
6.751407095322472
6.745261289267651
6.7385660117849415
6.732570326800154
6.726422826132249
6.720292590016134
6.713737471529354
6.707512247585949
6.701498248537252
6.69533724343919
6.688966373422273
6.682423314920253
6.676551228266966
6.670315067010256
6.664071755511007
6.657373365744982
6.651547717589477
6.6452891075292735
6.639103319014064
6.6323622076148645
6.626532168670224
6.620286974331845
6.614132961396112
6.60739610025636
6.6015330660693525
6.59532290576993
6.589195464398745
6.582508757191803
6.576561851593118
6.570419207400073
6.564310960886024
6.557747783115854
6.551602656652616
6.545581485526228
6.539455044572459
6.5330740939345056
6.526610644758724
6.520739234567871
6.514538830487533
6.508299951963555
6.5016460011160735
6.4958385526913425
6.489604143671522
6.483432674183105
6.476721514012246
6.470916736438741
6.464690271645239
6.458552668057525
6.4518370657607464
6.4460069864715255
6.439809774606854
6.433698876530462
6.427019565965703
6.421123585220329
6.414983046339144
6.408894363615459
6.402316319067324
6.396261004618373
6.390225321016554
6.384132750967033
6.377727181409304
6.371372829718576
6.365487864638618
6.359331155835527
6.353085112618709
6.346490430672493
6.340696281454668
6.334488818152861
6.328326557797176
6.321650437693196
6.315870280455211
6.30966226024763
6.303538151855524
6.296845695836526
6.291049409808735
6.284863496549429
6.2787662716414365
6.2720939045209505
6.266251355043484
6.260109363044355
6.254036308094979
6.247435830287335
6.241480302361925
6.23542085585695
6.229358370323113
6.222905250074826
6.216704522188115
6.210781896557709
6.204679685369452
6.1984020253943575
6.191905370963179
6.186110024970932
6.1799383491906825
6.173772762856451
6.167145793615768
6.161387158331662
6.155198914271141
6.149082620991178
6.142419223340242
6.136656515657736
6.1304808111637445
6.124392825850388
6.117730952945092
6.111941810173059
6.105795901838553
6.099732429991842
6.093108039552348
6.087253861685452
6.081163549892876
6.075120865091887
6.068595049412396
6.062586618872546
6.0565977580522885
6.05055120971961
6.044191610945952
6.037896303233554
6.032052800870063
6.0259454222907705
6.019741148577679
6.013208540762878
6.007456552914632
6.001297818063356
5.995176113867018
5.988559004346051
5.982824975096593
5.976662153046934
5.970577177425782
5.963938326138077
5.9581955904740775
5.952048614536547
5.945988250384639
5.939356178602112
5.9335850960630925
5.9274691218726145
5.921431726483113
5.914840294810121
5.909001817866688
5.902942459350319
5.8969242956715275
5.8904332997110815
5.884437856229527
5.8784802972086405
5.87245595919033
5.86612868410284
5.8598507609363315
5.8540351362226595
5.847950065437326
5.841772050136263
5.8352677618148086
5.829539336264194
5.823405284362088
5.817305609425561
5.810719647913755
5.80500989750765
5.798870743905475
5.792805616414188
5.786196429792095
5.780481825962165
5.774355092613541
5.768312552151784
5.761703880423133
5.755970256792812
5.749867297244948
5.743845837153554
5.737261083304965
5.731483456538365
5.72542202039431
5.719421250588436
5.712903180297785
5.70702334098951
5.701037098107684
5.695046194027644
5.688660628650785
5.682564248704918
5.676701381359542
5.670678529198234
5.664456715191455
5.658081026191801
5.652343146296393
5.646254239237205
5.640143975540955
5.633625695610856
5.627935048637985
5.621821355419248
5.615760651897369
5.609195368466288
5.6035124116607795
5.59740084208405
5.5913645516280415
5.584785324390344
5.579097532253041
5.572997942783147
5.566980033086293
5.560401319092666
5.554699527148603
5.548619507657071
5.542619780974545
5.53605688754796
5.530324368012261
5.524276370845013
5.518295833678479
5.511777859540884
5.505976343808161
5.499984590395927
5.494019563465158
5.487600164393469
5.481645750941305
5.475751470685553
5.469777679321339
5.463510440401199
5.457295672743292
5.451532151884487
5.445502336337215
5.439371889919774
5.432947662046124
5.42726729392022
5.421190608618152
5.415132332041907
5.408627008658267
5.402970160044999
5.396883586547049
5.3908556294514085
5.3843233189309645
5.378670791503706
5.372587988629625
5.366576817294825
5.360035184601245
5.354381473612572
5.348306992491365
5.342309160719118
5.335765293839124
5.330106956186784
5.324043876212745
5.31805910924696
5.31151828219824
5.305850180281606
5.299802821081313
5.293832192986928
5.287302448833022
5.281614376609566
5.275590610688765
5.269635814692793
5.2631337503012245
5.257403453299759
5.251418550297207
5.245479920640212
5.239039939383181
5.233217727773595
5.227300125601009
5.221368963616624
5.215044350052432
5.209037630661045
5.203227134230634
5.197270944398472
5.191091510663958
5.18483806770838
5.1791429289287985
5.173129094120121
5.167056349932348
5.160653579569809
5.155014923229072
5.148969415057625
5.142946089080873
5.136488809850575
5.1308672927463785
5.124815149209143
5.1188119683396645
5.112336721956612
5.106721163757755
5.100670259939046
5.094677255177708
5.0881965096583315
5.0825843848913195
5.076536656047035
5.070550240269531
5.0640687748764375
5.058459605913257
5.052415402535307
5.04643389839689
5.039953971719993
5.034347756637911
5.0283069857465295
5.0223293165283724
5.0158523065830325
5.01024916585921
5.00421159161101
4.9982368742407335
4.99176386501077
4.986163942467085
4.980129281947861
4.974156683172707
4.967688708197771
4.962092121437792
4.956060098053573
4.9500887911457285
4.943626948648407
4.938033742523046
4.9320041333996025
4.926033296854337
4.9195787912185445
4.913988895782956
4.9079615804628745
4.901990434408937
4.895544550077205
4.889957753041947
4.883932754937103
4.877960622155728
4.871524620826294
4.8659405770097255
4.859918073229111
4.85394445257806
4.847519408045264
4.8419376955404285
4.835917987508299
4.829942614831284
4.823529241952946
4.817949445655778
4.811932890020487
4.8059557574711285
4.799554310261674
4.7939761073107325
4.787963035901232
4.781984360643531
4.775594654488237
4.770017854660655
4.764008516432445
4.758028657897387
4.751650199855129
4.746074740268109
4.74006927898846
4.734088645091983
4.7277208192285265
4.722146720125068
4.7161451959865985
4.710164162165501
4.703806383668683
4.6982336980698225
4.692236121732701
4.686254988445208
4.6799067872815785
4.674335565726577
4.668341927317096
4.662360907561512
4.6560219575258115
4.650452229578696
4.6444625194133815
4.638481749250357
4.63215184875435
4.62658362042469
4.620597837258867
4.614617394926909
4.608296437471489
4.602729693818266
4.596747846265007
4.5907677708857015
4.584455711313808
4.57889042311118
4.572912526492666
4.566932832665123
4.5606296668698265
4.555065796775972
4.549091873303791
4.543112562332845
4.536818303810384
4.531255810401268
4.525285882841551
4.519306947868986
4.513021623648106
4.507460461725233
4.5014945545604395
4.495515980124032
4.489239628792737
4.4836797528487535
4.477717890891481
4.471739659456967
4.465472323463192
4.459913686083135
4.453955894026863
4.447977982353761
4.441719711082463
4.43616226435936
4.430208567019911
4.424230948774757
4.417981796831728
4.412425490184905
4.406475912269922
4.400498555001918
4.394258585441236
4.388703366510874
4.382757932302739
4.376780799496461
4.370550084092982
4.364995898319153
4.35905463500723
4.353077686236024
4.346856299070623
4.3413030905235095
4.335366023602647
4.329389215463996
4.323177238532401
4.317624948338442
4.311692104967326
4.305715388871568
4.299512908806275
4.293961476804346
4.288032883779383
4.282056207880604
4.275863319542273
4.270312682876173
4.264388369312078
4.258411678003961
4.252228477459833
4.246678570856324
4.2407585630215685
4.2347817933073095
4.228608393445736
4.223059146706019
4.2171434766305484
4.21116656319102
4.205003076765052
4.199454417666908
4.193543114503908
4.1875659857542376
4.1814125363811945
4.175864389304816
4.169957485787081
4.163980064773327
4.157836782616776
4.152289067601325
4.146386595674823
4.1404088004374655
4.134275828249257
4.128728461431015
4.122830457274997
4.116852200291269
4.110729681789301
4.105182575485139
4.099289072922666
4.093310259613343
4.0871983552322995
4.081651415182099
4.075762451030537
4.069782977111643
4.06368186054294
4.058134986706768
4.052250600750611
4.046270355775044
4.040180208615215
4.034633294583183
4.02875352684008
4.02277238976212
4.016693413134505
4.0111463449190845
4.005271240100419
3.999289081331731
3.9932214848695176
3.9876741414897934
3.981803743793887
3.975820421853691
3.9697644374679517
3.964216686969916
3.958351044881712
3.9523664047412828
3.9463222827649083
3.940773983936687
3.934913148681444
3.928927021703836
3.922895033099465
3.9173460322899563
3.911490058096761
3.9055022581419467
3.899482701588978
3.893932830921599
3.888081776329952
3.8820920989195193
3.8760852999519857
3.870534375961602
3.8646883035111927
3.858696522500383
3.8527028408241795
3.847150661090448
3.8413096385588887
3.8353155010948696
3.8293353343330403
3.8237816751546836
3.817945775013029
3.8119489986762014
3.8059827907938457
3.8004274019474638
3.7945967034192134
3.788596969038215
3.7826452191888267
3.777087819282024
3.7712624097575613
3.765259354677474
3.759322625621805
3.753762895506962
3.7479428682654454
3.741936074037751
3.736015013470163
3.7304525849455765
3.7246380452173313
3.7186270267132775
3.7127223819764104
3.7071568292462787
3.701347894174206
3.695332082951012
3.6894447243478723
3.6838755468124424
3.6780723459247127
3.672051065896861
3.6661820224786927
3.6606086242780917
3.6548113024483633
3.6487837380322676
3.642934247224973
3.6373559063978793
3.63156462738043
3.6255297784762592
3.6197013452757036
3.6141171719895016
3.608332117098671
3.6022887326091424
3.596483209619702
3.5908920883813935
3.585113443064206
3.579059907225012
3.5732795628729055
3.567680081333849
3.5619079501925888
3.555842026440586
3.5500901838723706
3.5444802660122514
3.5387148378704563
3.5326334096747414
3.526914541725176
3.52129129147806
3.5155326583031083
3.509431323443486
3.503751596543295
3.4981108101523026
3.492358729976285
3.4862310743921308
3.480599222932864
3.4749344678796334
3.469187725646571
3.4630244464870463
3.4574527834487805
3.451753766716464
3.4460082465615387
3.4397984450724235
3.4343019550100853
3.4285520574997213
3.4227947409349153
3.4165471327646375
3.41112864426708
3.405310668516678
3.3995048722666423
3.393347505460617
3.3879383338633473
3.382090099768333
3.376187981486113
3.3702691417684414
3.3647718220543976
3.3589744947523426
3.352977026320328
3.3472166145949
3.3416485320731772
3.3358896907153235
3.32982169637664
3.324168366308599
3.318546903828912
3.31280730105584
3.3066755876208864
3.3011194040035368
3.29544188454243
3.2897068189106817
3.283508557738972
3.278054304737018
3.2723033482361004
3.2665454129202045
3.260334906241381
3.254953844875857
3.249125786130227
3.243283369154773
3.237296487283127
3.231852714374432
3.2260475058448446
3.2200865086373223
3.214330858843375
3.2087851345018694
3.2030327511222225
3.1969682905053594
3.191364069762125
3.1857388359319305
3.1800093952516506
3.173855222917571
3.1683799060250344
3.162670122830438
3.156930281890969
3.150728025294509
3.1453538612390233
3.1395489831191794
3.1337307574745394
3.1277341166882393
3.122314115667433
3.1165134678185864
3.110563303177116
3.104838674491498
3.099297377469782
3.0935551278745708
3.0874788192291187
3.081933501190904
3.0762918238109522
3.070567605854083
3.064392122679535
3.058989564009355
3.0532388682588123
3.047471408571706
3.0413708327147604
3.036003342238786
3.030190419163694
3.024291292236276
3.018524623312422
3.0130207530977047
3.0072735912094304
3.001222893220988
2.995678087389025
2.9900525690101034
2.984331385014922
2.9781670956763864
2.9727824786752746
2.9670325244627644
2.961258568384815
2.9552165962563857
2.949844236952902
2.94404534848613
2.9381235449619423
2.932430697905393
2.9269045430611
2.921173095259025
2.9150875323180743
2.9096198429788873
2.903956194755641
2.898228292203312
2.8920791362666467
2.8867407012020534
2.88095011402036
2.875109230536319
2.8692907446380187
2.863839952423692
2.8580898129438963
2.852073462035719
2.846542189227412
2.840936408848121
2.835219543900941
2.8290744798997025
2.823725146497319
2.8179689278465188
2.81217109327562
2.8062698076260943
2.8008680763673612
2.7951045320279855
2.7891292720487604
2.78357045280398
2.7779944295941883
2.7722792600159587
2.7661493072091425
2.760799575566455
2.755058163304276
2.749268223585967
2.7433724094744325
2.737979619768844
2.732219972476877
2.7262444368879937
2.72071069482408
2.7151302280080203
2.7094156143417645
2.7032932001715264
2.697965038190346
2.6922101631553192
2.6863936873598604
2.680598945681373
2.6751716554351876
2.6694338924120196
2.663415397232988
2.65795807241358
2.65233572601297
2.6466128708846015
2.6405336178873413
2.6352224241040076
2.6294445171047998
2.6235624062808593
2.617935761256749
2.6124310904394012
2.6067152536533276
2.6006259266031986
2.5952808317817637
2.5895691401290377
2.583785365471215
2.57794267447115
2.5725561565554655
2.5668131835375094
2.5608198211162607
2.5553707211353474
2.5497611509379032
2.544036244851371
2.5379989236106533
2.5326932337929757
2.5269214001860187
2.521014319496201
2.515469413552628
2.5099332178391456
2.504218667665191
2.4981400426851317
2.4928410795902165
2.4870879923193483
2.481231360937996
2.475611633316109
2.4701295530826015
2.4644178728089132
2.4583469034887324
2.453033372095831
2.4473140383530194
2.441498914172797
2.435802057348187
2.43037076969171
2.4246553167123133
2.4186117119902586
2.413273764679319
2.4075922794689073
2.4018098518534323
2.3960400528198793
2.390652812356753
2.384928259696516
2.3789145099851345
2.373555134744288
2.3679029135010747
2.3621372606300524
2.3563283092121408
2.3509662747443527
2.3452355760935206
2.3392376566784847
2.333874459938992
2.328232523185872
2.3224670521094133
2.316670092709076
2.3113094311873414
2.3055813012645117
2.2995810847081968
2.2942346434465084
2.288583320780784
2.2828043428782823
2.27706600135776
2.271684701495064
2.265966832228078
2.2599520497788346
2.254636988463307
2.2489599438057173
2.243152511453416
2.23751133256137
2.232086879670158
2.226380691044721
2.220353529934369
2.2150752046233837
2.209357988278678
2.203498620025807
2.1979882187213304
2.1924899478193973
2.186777781914315
2.1808066490225557
2.1755365836620704
2.169785353299691
2.163848829357557
2.158475454079054
2.1528702161841147
2.1470957165611892
2.141378695811217
2.1360098894501824
2.130294181587978
2.1242914258678063
2.11901412380766
2.113311564815348
2.1074470537071197
2.1019758739696943
2.0964673552223005
2.0907466128659
2.084855692304414
2.079573827445288
2.0738299443880717
2.06786794148645
2.062560207150851
2.056901409559071
2.0510625690669224
2.0455499034140954
2.0400813271795326
2.034370355526773
2.0284522434294394
2.0231892457806167
2.017442813061056
2.011491256858543
2.0061902265667206
2.0005312409389653
1.99467844225008
1.9892110667500622
1.9837206773931595
1.9779991023634877
1.9721589839141391
1.9668758165786013
1.9611379581284691
1.9551782312920452
1.9499107727869427
1.9442152206477163
1.9383169501190387
1.9329513962337466
1.9273833071822652
1.9216060145616856
1.915988524915603
1.9106084807711885
1.904899659331374
1.8989678408914217
1.893727021014891
1.8879849947428466
1.8820469105934026
1.876771565496666
1.8710977134423863
1.8652040881669423
1.8598492864511138
1.8542850539567717
1.8484999060136436
1.842933173338843
1.837537356312553
1.831827306151551
1.8259535843761276
1.820706723745829
1.8149621086961325
1.8090306808510876
1.8037840211694707
1.7980682511790875
1.792136899108368
1.786867094606917
1.7812028233669073
1.7753065858311612
1.7699828051776143
1.764402170866736
1.7585857645369147
1.7531260222900662
1.7476764486296683
1.741949018159335
1.7362304773173685
1.730934702699347
1.7252070565663367
1.7193236365576416
1.714091235082652
1.70834398539104
1.7024346609158998
1.6972004697691292
1.6914611169391773
1.6855409071331564
1.6803073321281459
1.674570553411787
1.668649277476516
1.663416893560002
1.6576786631337033
1.6517606864680598
1.6465304204285605
1.6407851775534399
1.6348761375981695
1.6296470863028831
1.6238892214854717
1.6179990039501682
1.6127672871485617
1.6069935064734127
1.6011368182812498
1.5958954025286889
1.5901084075893945
1.584296990697775
1.5790399354805122
1.5732481465198551
1.5674801564402536
1.562208302781322
1.5564192543872999
1.5506822135912892
1.545401570929354
1.5396177456971243
1.5338997277835889
1.528615605699859
1.5228361502455265
1.5171311170405597
1.5118456728728726
1.5060689660225113
1.5003760183113204
1.4950890043220573
1.4893138901044851
1.4836346535431406
1.4783448607032028
1.4725708583567367
1.4669073932078422
1.4616136236940154
1.4558406960465775
1.450194526870778
1.4448959518108635
1.4391242050931639
1.4334962132137836
1.4281923290239305
1.4224218135250506
1.4168125195058177
1.4115029569540445
1.4057335955465997
1.4001434774146386
1.3948278263287546
1.3890594179872742
1.383489106715672
1.378166813946589
1.37239905313198
1.3668494189423652
1.361519741010069
1.3557522220581277
1.3502244015250089
1.3448863722881144
1.3391185634481337
1.3336138764865735
1.3282662904328604
1.3224973429260698
1.3170177346122962
1.3116588567008316
1.3058877055574147
1.3004356362358114
1.2950631589349682
1.28928826496754
1.2838669183639828
1.2784776252259478
1.2726966453891542
1.2673102894726513
1.2618994172392448
1.2561086085758308
1.25076313279914
1.2453230280384047
1.239516191476563
1.2342197493968612
1.2287370948202385
1.2229043921468794
1.2176669451143394
1.2121167600791012
1.2062515476278002
1.2010753571747605
1.19540990707356
1.1895920699696914
1.1844164561432655
1.178601031148973
1.173082121760143
1.1677452679445441
1.1619046863567655
1.1565931733193748
1.1511156217897345
1.1452552150588866
1.1400602151075374
1.1344441154802472
1.1285982199200155
1.1234439491730168
1.1176347766003132
1.1121215014287378
1.1067888741064273
1.1009287095168512
1.095669100624803
1.0901458639262434
1.0842709196053988
1.079123213360652
1.0733936808711622
1.067738951311516
1.062496404043352
1.0566167762971397
1.0513420505078572
1.0458371791976784
1.0399592766801145
1.0348190456703552
1.0290743165159597
1.0234735109663864
1.018205396027085
1.0123105376998534
1.007093468458874
1.0015285205886726
0.9956777686136058
0.9905439199019417
0.9846927748952093
0.9793209282517242
0.9739023607473091
0.9680050412913168
0.9628743059264719
0.9571398990561847
0.9515565178113065
0.9462857550217908
0.9403643120147853
0.9352080095113424
0.929558585992061
0.9238368216656364
0.9186477907968148
0.9127103216088978
0.907538223810404
0.9019168659396413
0.8961657577530674
0.8909939928561602
0.8850435952926929
0.8798862203858009
0.8742415149550873
0.8685400247228517
0.8633428661368641
0.8573768673115295
0.8522587100267621
0.8465422367821704
0.8409750022480773
0.8356995369580874
0.8297395069654318
0.8246555686045564
0.8188339653059041
0.8134618604727447
0.8080476915883119
0.8021481888374509
0.7970603721782421
0.791110823687931
0.7859447950574319
0.7803100322059429
0.7746644035184698
0.7694414508658838
0.7634521920709705
0.7583942797873728
0.7524966781985182
0.7472585353418657
0.7417092521409301
0.7359803874815996
0.730808530927053
0.7247956653302454
0.7197513703123173
0.7138200402658403
0.7086343583067707
0.7030119893940934
0.6974171805950804
0.6921628720747137
0.6861937055943856
0.681146659135432
0.6751160628406272
0.670055650085627
0.6641970010202742
0.658942677305813
0.6533919675519662
0.6477528617095039
0.6425266992161603
0.6365591367185421
0.631515209922427
0.6254498401703878
0.6204313507514909
0.614427872843305
0.60934122073189
0.6035090447407936
0.5982599461938701
0.5926798245675277
0.5871468629586603
0.5818404955477134
0.5759979047921374
0.5708919365790973
0.5648731112600858
0.5598524623149532
0.553771130172764
0.5487708434927223
0.5426780291958161
0.5376753741865743
0.5315864751365279
0.5265770496550489
0.5204922072330832
0.5154784050836728
0.5093921918742033
0.5043782695499544
0.4982867603558621
0.49327520430155897
0.4871851780166004
0.48217256476092457
0.47610711540988027
0.4710826397879441
0.4650673296105251
0.46001948228708156
0.454062534647652
0.4489868220662953
0.4430826071173811
0.4379801083654504
0.4321214632903732
0.4269933464050368
0.4211769902288569
0.4160220612375528
0.4102490289836743
0.4050634309031364
0.39933765614949246
0.3941151655931507
0.38844241954387415
0.3831742533033385
0.37756194564785334
0.37223563160736645
0.36669324951810495
0.3612900921481183
0.35583006083809066
0.350319475461895
0.34495805903564497
0.3392882169999814
0.33404191346237755
0.32814927140658123
0.32300547471619795
0.31708554973076575
0.3118869051663986
0.30624440484402043
0.30078021271828953
0.29538720781846345
0.2895691076293046
0.28434797870667083
0.2785204591739058
0.273181062927726
0.2676671665964314
0.2619067585744609
0.2566134780956423
0.2508498387707166
0.24537254424736385
0.23992315529117797
0.23403783152790092
0.22864685571638435
0.22309645669862654
0.21721991494315374
0.21177588049109922
0.20621675310993642
0.20033261433651245
0.1947706791966973
0.1892189747126734
0.18347502903009366
0.17764442453630033
0.17206801886158946
0.16645750539209378
0.16062036917554673
0.15474460975545049
0.14901896511002644
0.14334409278287186
0.1376335847211207
0.13170680658046416
0.12571344141717639
0.11972349764727827
0.11372972979053711
0.10774578407343144
0.1017643179483015
0.0957833083873073
0.08979233521657701
0.08378103914898137
0.07773498751539981
0.07163602758436295
0.06545572128317592
0.059148429721365664
0.05268301840336168
0.04621203849154971
0.03972133604449284
0.03298983729631151
0.0261857650322077
0.019315619323615488
0.012568014952994389
0.006153769484905684
0.00407203579741517
