800.0
799.8826295809095
799.6826295809094
799.4826295809094
799.2826295809093
799.0826295809093
798.8826295809092
798.6826295809092
798.4826295809091
798.2826295809091
798.082629580909
797.882629580909
797.682629580909
797.4826295809089
797.2826295809089
797.0826295809088
796.8826295809088
796.6826295809087
796.4826295809087
796.2826295809086
796.0826295809086
795.8826295809085
795.6826295809085
795.4826295809085
795.2826295809084
795.0826295809084
794.8826295809083
794.6826295809083
794.4826295809082
794.2826295809082
794.0826295809081
793.8826295809081
793.682629580908
793.482629580908
793.282629580908
793.0826295809079
792.8826295809079
792.6826295809078
792.4826295809078
792.2826295809077
792.0826295809077
791.8826295809076
791.6826295809076
791.4826295809075
791.2826295809075
791.0826295809075
790.8826295809074
790.6826295809074
790.4826295809073
790.2826295809073
790.0826295809072
789.8826295809072
789.6826295809071
789.4826295809071
789.282629580907
789.082629580907
788.882629580907
788.6826295809069
788.4826295809069
788.2826295809068
788.0826295809068
787.8826295809067
787.6826295809067
787.4826295809066
787.2826295809066
787.0826295809065
786.8826295809065
786.6826295809065
786.4826295809064
786.2826295809064
786.0826295809063
785.8826295809063
785.6826295809062
785.4826295809062
785.2826295809061
785.0826295809061
784.882629580906
784.682629580906
784.482629580906
784.2826295809059
784.0826295809059
783.8826295809058
783.6826295809058
783.4826295809057
783.2826295809057
783.0826295809056
782.8826295809056
782.6826295809055
782.4826295809055
782.2826295809054
782.0826295809054
781.8826295809054
781.6826295809053
781.4826295809053
781.2826295809052
781.0826295809052
780.8826295809051
780.6826295809051
780.482629580905
780.282629580905
780.082629580905
779.8826295809049
779.6826295809049
779.4826295809048
779.2826295809048
779.0826295809047
778.8826295809047
778.6826295809046
778.4826295809046
778.2826295809045
778.0826295809045
777.8826295809044
777.6826295809044
777.4826295809044
777.2826295809043
777.0826295809043
776.8826295809042
776.6826295809042
776.4826295809041
776.2826295809041
776.082629580904
775.882629580904
775.682629580904
775.4826295809039
775.2826295809039
775.0826295809038
774.8826295809038
774.6826295809037
774.4826295809037
774.2826295809036
774.0826295809036
773.8826295809035
773.6826295809035
773.4826295809034
773.2826295809034
773.0826295809034
772.8826295809033
772.6826295809033
772.4826295809032
772.2826295809032
772.0826295809031
771.8826295809031
771.682629580903
771.482629580903
771.282629580903
771.0826295809029
770.8826295809029
770.6826295809028
770.4826295809028
770.2826295809027
770.0826295809027
769.8826295809026
769.6826295809026
769.4826295809025
769.2826295809025
769.0826295809024
768.8826295809024
768.6826295809024
768.4826295809023
768.2826295809023
768.0826295809022
767.8826295809022
767.6826295809021
767.4826295809021
767.282629580902
767.082629580902
766.882629580902
766.6826295809019
766.4826295809019
766.2826295809018
766.0826295809018
765.8826295809017
765.6826295809017
765.4826295809016
765.2826295809016
765.0826295809015
764.8826295809015
764.6826295809014
764.4826295809014
764.2826295809014
764.0826295809013
763.8826295809013
763.6826295809012
763.4826295809012
763.2826295809011
763.0826295809011
762.882629580901
762.682629580901
762.482629580901
762.2826295809009
762.0826295809009
761.8826295809008
761.6826295809008
761.4826295809007
761.2826295809007
761.0826295809006
760.8826295809006
760.6826295809005
760.4826295809005
760.2826295809004
760.0826295809004
759.8826295809004
759.6826295809003
759.4826295809003
759.2826295809002
759.0826295809002
758.8826295809001
758.6826295809001
758.4826295809
758.2826295809
758.0826295809
757.8826295808999
757.6826295808999
757.4826295808998
757.2826295808998
757.0826295808997
756.8826295808997
756.6826295808996
756.4826295808996
756.2826295808995
756.0826295808995
755.8826295808994
755.6826295808994
755.4826295808994
755.2826295808993
755.0826295808993
754.8826295808992
754.6826295808992
754.4826295808991
754.2826295808991
754.082629580899
753.882629580899
753.682629580899
753.4826295808989
753.2826295808989
753.0826295808988
752.8826295808988
752.6826295808987
752.4826295808987
752.2826295808986
752.0826295808986
751.8826295808985
751.6826295808985
751.4826295808984
751.2826295808984
751.0826295808984
750.8826295808983
750.6826295808983
750.4826295808982
750.2826295808982
750.0826295808981
749.8826295808981
749.682629580898
749.482629580898
749.282629580898
749.0826295808979
748.8826295808979
748.6826295808978
748.4826295808978
748.2826295808977
748.0826295808977
747.8826295808976
747.6826295808976
747.4826295808975
747.2826295808975
747.0826295808974
746.8826295808974
746.6826295808974
746.4826295808973
746.2826295808973
746.0826295808972
745.8826295808972
745.6826295808971
745.4826295808971
745.282629580897
745.082629580897
744.882629580897
744.6826295808969
744.4826295808969
744.2826295808968
744.0826295808968
743.8826295808967
743.6826295808967
743.4826295808966
743.2826295808966
743.0826295808965
742.8826295808965
742.6826295808964
742.4826295808964
742.2826295808964
742.0826295808963
741.8826295808963
741.6826295808962
741.4826295808962
741.2826295808961
741.0826295808961
740.882629580896
740.682629580896
740.482629580896
740.2826295808959
740.0826295808959
739.8826295808958
739.6826295808958
739.4826295808957
739.2826295808957
739.0826295808956
738.8826295808956
738.6826295808955
738.4826295808955
738.2826295808954
738.0826295808954
737.8826295808954
737.6826295808953
737.4826295808953
737.2826295808952
737.0826295808952
736.8826295808951
736.6826295808951
736.482629580895
736.282629580895
736.082629580895
735.8826295808949
735.6826295808949
735.4826295808948
735.2826295808948
735.0826295808947
734.8826295808947
734.6826295808946
734.4826295808946
734.2826295808945
734.0826295808945
733.8826295808944
733.6826295808944
733.4826295808944
733.2826295808943
733.0826295808943
732.8826295808942
732.6826295808942
732.4826295808941
732.2826295808941
732.082629580894
731.882629580894
731.682629580894
731.4826295808939
731.2826295808939
731.0826295808938
730.8826295808938
730.6826295808937
730.4826295808937
730.2826295808936
730.0826295808936
729.8826295808935
729.6826295808935
729.4826295808934
729.2826295808934
729.0826295808934
728.8826295808933
728.6826295808933
728.4826295808932
728.2826295808932
728.0826295808931
727.8826295808931
727.682629580893
727.482629580893
727.282629580893
727.0826295808929
726.8826295808929
726.6826295808928
726.4826295808928
726.2826295808927
726.0826295808927
725.8826295808926
725.6826295808926
725.4826295808925
725.2826295808925
725.0826295808924
724.8826295808924
724.6826295808924
724.4826295808923
724.2826295808923
724.0826295808922
723.8826295808922
723.6826295808921
723.4826295808921
723.282629580892
723.082629580892
722.882629580892
722.6826295808919
722.4826295808919
722.2826295808918
722.0826295808918
721.8826295808917
721.6826295808917
721.4826295808916
721.2826295808916
721.0826295808915
720.8826295808915
720.6826295808914
720.4826295808914
720.2826295808914
720.0826295808913
719.8826295808913
719.6826295808912
719.4826295808912
719.2826295808911
719.0826295808911
718.882629580891
718.682629580891
718.482629580891
718.2826295808909
718.0826295808909
717.8826295808908
717.6826295808908
717.4826295808907
717.2826295808907
717.0826295808906
716.8826295808906
716.6826295808905
716.4826295808905
716.2826295808904
716.0826295808904
715.8826295808904
715.6826295808903
715.4826295808903
715.2826295808902
715.0826295808902
714.8826295808901
714.6826295808901
714.48262958089
714.28262958089
714.0826295808899
713.8826295808899
713.6826295808899
713.4826295808898
713.2826295808898
713.0826295808897
712.8826295808897
712.6826295808896
712.4826295808896
712.2826295808895
712.0826295808895
711.8826295808894
711.6826295808894
711.4826295808894
711.2826295808893
711.0826295808893
710.8826295808892
710.6826295808892
710.4826295808891
710.2826295808891
710.082629580889
709.882629580889
709.6826295808889
709.4826295808889
709.2826295808889
709.0826295808888
708.8826295808888
708.6826295808887
708.4826295808887
708.2826295808886
708.0826295808886
707.8826295808885
707.6826295808885
707.4826295808884
707.2826295808884
707.0826295808884
706.8826295808883
706.6826295808883
706.4826295808882
706.2826295808882
706.0826295808881
705.8826295808881
705.682629580888
705.482629580888
705.2826295808879
705.0826295808879
704.8826295808879
704.6826295808878
704.4826295808878
704.2826295808877
704.0826295808877
703.8826295808876
703.6826295808876
703.4826295808875
703.2826295808875
703.0826295808874
702.8826295808874
702.6826295808874
702.4826295808873
702.2826295808873
702.0826295808872
701.8826295808872
701.6826295808871
701.4826295808871
701.282629580887
701.082629580887
700.8826295808869
700.6826295808869
700.4826295808869
700.2826295808868
700.0826295808868
699.8826295808867
699.6826295808867
699.4826295808866
699.2826295808866
699.0826295808865
698.8826295808865
698.6826295808864
698.4826295808864
698.2826295808864
698.0826295808863
697.8826295808863
697.6826295808862
697.4826295808862
697.2826295808861
697.0826295808861
696.882629580886
696.682629580886
696.4826295808859
696.2826295808859
696.0826295808859
695.8826295808858
695.6826295808858
695.4826295808857
695.2826295808857
695.0826295808856
694.8826295808856
694.6826295808855
694.4826295808855
694.2826295808854
694.0826295808854
693.8826295808854
693.6826295808853
693.4826295808853
693.2826295808852
693.0826295808852
692.8826295808851
692.6826295808851
692.482629580885
692.282629580885
692.0826295808849
691.8826295808849
691.6826295808848
691.4826295808848
691.2826295808848
691.0826295808847
690.8826295808847
690.6826295808846
690.4826295808846
690.2826295808845
690.0826295808845
689.8826295808844
689.6826295808844
689.4826295808843
689.2826295808843
689.0826295808843
688.8826295808842
688.6826295808842
688.4826295808841
688.2826295808841
688.082629580884
687.882629580884
687.6826295808839
687.4826295808839
687.2826295808838
687.0826295808838
686.8826295808838
686.6826295808837
686.4826295808837
686.2826295808836
686.0826295808836
685.8826295808835
685.6826295808835
685.4826295808834
685.2826295808834
685.0826295808833
684.8826295808833
684.6826295808833
684.4826295808832
684.2826295808832
684.0826295808831
683.8826295808831
683.682629580883
683.482629580883
683.2826295808829
683.0826295808829
682.8826295808828
682.6826295808828
682.4826295808828
682.2826295808827
682.0826295808827
681.8826295808826
681.6826295808826
681.4826295808825
681.2826295808825
681.0826295808824
680.8826295808824
680.6826295808823
680.4826295808823
680.2826295808823
680.0826295808822
679.8826295808822
679.6826295808821
679.4826295808821
679.282629580882
679.082629580882
678.8826295808819
678.6826295808819
678.4826295808818
678.2826295808818
678.0826295808818
677.8826295808817
677.6826295808817
677.4826295808816
677.2826295808816
677.0826295808815
676.8826295808815
676.6826295808814
676.4826295808814
676.2826295808813
676.0826295808813
675.8826295808813
675.6826295808812
675.4826295808812
675.2826295808811
675.0826295808811
674.882629580881
674.682629580881
674.4826295808809
674.2826295808809
674.0826295808808
673.8826295808808
673.6826295808808
673.4826295808807
673.2826295808807
673.0826295808806
672.8826295808806
672.6826295808805
672.4826295808805
672.2826295808804
672.0826295808804
671.8826295808803
671.6826295808803
671.4826295808803
671.2826295808802
671.0826295808802
670.8826295808801
670.6826295808801
670.48262958088
670.28262958088
670.0826295808799
669.8826295808799
669.6826295808798
669.4826295808798
669.2826295808798
669.0826295808797
668.8826295808797
668.6826295808796
668.4826295808796
668.2826295808795
668.0826295808795
667.8826295808794
667.6826295808794
667.4826295808793
667.2826295808793
667.0826295808793
666.8826295808792
666.6826295808792
666.4826295808791
666.2826295808791
666.082629580879
665.882629580879
665.6826295808789
665.4826295808789
665.2826295808788
665.0826295808788
664.8826295808788
664.6826295808787
664.4826295808787
664.2826295808786
664.0826295808786
663.8826295808785
663.6826295808785
663.4826295808784
663.2826295808784
663.0826295808783
662.8826295808783
662.6826295808783
662.4826295808782
662.2826295808782
662.0826295808781
661.8826295808781
661.682629580878
661.482629580878
661.2826295808779
661.0826295808779
660.8826295808778
660.6826295808778
660.4826295808778
660.2826295808777
660.0826295808777
659.8826295808776
659.6826295808776
659.4826295808775
659.2826295808775
659.0826295808774
658.8826295808774
658.6826295808773
658.4826295808773
658.2826295808773
658.0826295808772
657.8826295808772
657.6826295808771
657.4826295808771
657.282629580877
657.082629580877
656.8826295808769
656.6826295808769
656.4826295808768
656.2826295808768
656.0826295808768
655.8826295808767
655.6826295808767
655.4826295808766
655.2826295808766
655.0826295808765
654.8826295808765
654.6826295808764
654.4826295808764
654.2826295808763
654.0826295808763
653.8826295808763
653.6826295808762
653.4826295808762
653.2826295808761
653.0826295808761
652.882629580876
652.682629580876
652.4826295808759
652.2826295808759
652.0826295808758
651.8826295808758
651.6826295808758
651.4826295808757
651.2826295808757
651.0826295808756
650.8826295808756
650.6826295808755
650.4826295808755
650.2826295808754
650.0826295808754
649.8826295808753
649.6826295808753
649.4826295808753
649.2826295808752
649.0826295808752
648.8826295808751
648.6826295808751
648.482629580875
648.282629580875
648.0826295808749
647.8826295808749
647.6826295808748
647.4826295808748
647.2826295808748
647.0826295808747
646.8826295808747
646.6826295808746
646.4826295808746
646.2826295808745
646.0826295808745
645.8826295808744
645.6826295808744
645.4826295808743
645.2826295808743
645.0826295808743
644.8826295808742
644.6826295808742
644.4826295808741
644.2826295808741
644.082629580874
643.882629580874
643.6826295808739
643.4826295808739
643.2826295808738
643.0826295808738
642.8826295808738
642.6826295808737
642.4826295808737
642.2826295808736
642.0826295808736
641.8826295808735
641.6826295808735
641.4826295808734
641.2826295808734
641.0826295808733
640.8826295808733
640.6826295808733
640.4826295808732
640.2826295808732
640.0826295808731
639.8826295808731
639.682629580873
639.482629580873
639.2826295808729
639.0826295808729
638.8826295808728
638.6826295808728
638.4826295808728
638.2826295808727
638.0826295808727
637.8826295808726
637.6826295808726
637.4826295808725
637.2826295808725
637.0826295808724
636.8826295808724
636.6826295808723
636.4826295808723
636.2826295808723
636.0826295808722
635.8826295808722
635.6826295808721
635.4826295808721
635.282629580872
635.082629580872
634.8826295808719
634.6826295808719
634.4826295808718
634.2826295808718
634.0826295808718
633.8826295808717
633.6826295808717
633.4826295808716
633.2826295808716
633.0826295808715
632.8826295808715
632.6826295808714
632.4826295808714
632.2826295808713
632.0826295808713
631.8826295808713
631.6826295808712
631.4826295808712
631.2826295808711
631.0826295808711
630.882629580871
630.682629580871
630.4826295808709
630.2826295808709
630.0826295808708
629.8826295808708
629.6826295808708
629.4826295808707
629.2826295808707
629.0826295808706
628.8826295808706
628.6826295808705
628.4826295808705
628.2826295808704
628.0826295808704
627.8826295808703
627.6826295808703
627.4826295808703
627.2826295808702
627.0826295808702
626.8826295808701
626.6826295808701
626.48262958087
626.28262958087
626.0826295808699
625.8826295808699
625.6826295808698
625.4826295808698
625.2826295808698
625.0826295808697
624.8826295808697
624.6826295808696
624.4826295808696
624.2826295808695
624.0826295808695
623.8826295808694
623.6826295808694
623.4826295808693
623.2826295808693
623.0826295808693
622.8826295808692
622.6826295808692
622.4826295808691
622.2826295808691
622.082629580869
621.882629580869
621.6826295808689
621.4826295808689
621.2826295808688
621.0826295808688
620.8826295808688
620.6826295808687
620.4826295808687
620.2826295808686
620.0826295808686
619.8826295808685
619.6826295808685
619.4826295808684
619.2826295808684
619.0826295808683
618.8826295808683
618.6826295808683
618.4826295808682
618.2826295808682
618.0826295808681
617.8826295808681
617.682629580868
617.482629580868
617.2826295808679
617.0826295808679
616.8826295808678
616.6826295808678
616.4826295808678
616.2826295808677
616.0826295808677
615.8826295808676
615.6826295808676
615.4826295808675
615.2826295808675
615.0826295808674
614.8826295808674
614.6826295808673
614.4826295808673
614.2826295808673
614.0826295808672
613.8826295808672
613.6826295808671
613.4826295808671
613.282629580867
613.082629580867
612.8826295808669
612.6826295808669
612.4826295808668
612.2826295808668
612.0826295808668
611.8826295808667
611.6826295808667
611.4826295808666
611.2826295808666
611.0826295808665
610.8826295808665
610.6826295808664
610.4826295808664
610.2826295808663
610.0826295808663
609.8826295808663
609.6826295808662
609.4826295808662
609.2826295808661
609.0826295808661
608.882629580866
608.682629580866
608.4826295808659
608.2826295808659
608.0826295808658
607.8826295808658
607.6826295808658
607.4826295808657
607.2826295808657
607.0826295808656
606.8826295808656
606.6826295808655
606.4826295808655
606.2826295808654
606.0826295808654
605.8826295808653
605.6826295808653
605.4826295808653
605.2826295808652
605.0826295808652
604.8826295808651
604.6826295808651
604.482629580865
604.282629580865
604.0826295808649
603.8826295808649
603.6826295808648
603.4826295808648
603.2826295808648
603.0826295808647
602.8826295808647
602.6826295808646
602.4826295808646
602.2826295808645
602.0826295808645
601.8826295808644
601.6826295808644
601.4826295808643
601.2826295808643
601.0826295808642
600.8826295808642
600.6826295808642
600.4826295808641
600.2826295808641
600.082629580864
599.882629580864
599.6826295808639
599.4826295808639
599.2826295808638
599.0826295808638
598.8826295808637
598.6826295808637
598.4826295808637
598.2826295808636
598.0826295808636
597.8826295808635
597.6826295808635
597.4826295808634
597.2826295808634
597.0826295808633
596.8826295808633
596.6826295808632
596.4826295808632
596.2826295808632
596.0826295808631
595.8826295808631
595.682629580863
595.482629580863
595.2826295808629
595.0826295808629
594.8826295808628
594.6826295808628
594.4826295808627
594.2826295808627
594.0826295808627
593.8826295808626
593.6826295808626
593.4826295808625
593.2826295808625
593.0826295808624
592.8826295808624
592.6826295808623
592.4826295808623
592.2826295808622
592.0826295808622
591.8826295808622
591.6826295808621
591.4826295808621
591.282629580862
591.082629580862
590.8826295808619
590.6826295808619
590.4826295808618
590.2826295808618
590.0826295808617
589.8826295808617
589.6826295808617
589.4826295808616
589.2826295808616
589.0826295808615
588.8826295808615
588.6826295808614
588.4826295808614
588.2826295808613
588.0826295808613
587.8826295808612
587.6826295808612
587.4826295808612
587.2826295808611
587.0826295808611
586.882629580861
586.682629580861
586.4826295808609
586.2826295808609
586.0826295808608
585.8826295808608
585.6826295808607
585.4826295808607
585.2826295808607
585.0826295808606
584.8826295808606
584.6826295808605
584.4826295808605
584.2826295808604
584.0826295808604
583.8826295808603
583.6826295808603
583.4826295808602
583.2826295808602
583.0826295808602
582.8826295808601
582.6826295808601
582.48262958086
582.28262958086
582.0826295808599
581.8826295808599
581.6826295808598
581.4826295808598
581.2826295808597
581.0826295808597
580.8826295808597
580.6826295808596
580.4826295808596
580.2826295808595
580.0826295808595
579.8826295808594
579.6826295808594
579.4826295808593
579.2826295808593
579.0826295808592
578.8826295808592
578.6826295808592
578.4826295808591
578.2826295808591
578.082629580859
577.882629580859
577.6826295808589
577.4826295808589
577.2826295808588
577.0826295808588
576.8826295808587
576.6826295808587
576.4826295808587
576.2826295808586
576.0826295808586
575.8826295808585
575.6826295808585
575.4826295808584
575.2826295808584
575.0826295808583
574.8826295808583
574.6826295808582
574.4826295808582
574.2826295808582
574.0826295808581
573.8826295808581
573.682629580858
573.482629580858
573.2826295808579
573.0826295808579
572.8826295808578
572.6826295808578
572.4826295808577
572.2826295808577
572.0826295808577
571.8826295808576
571.6826295808576
571.4826295808575
571.2826295808575
571.0826295808574
570.8826295808574
570.6826295808573
570.4826295808573
570.2826295808572
570.0826295808572
569.8826295808572
569.6826295808571
569.4826295808571
569.282629580857
569.082629580857
568.8826295808569
568.6826295808569
568.4826295808568
568.2826295808568
568.0826295808567
567.8826295808567
567.6826295808567
567.4826295808566
567.2826295808566
567.0826295808565
566.8826295808565
566.6826295808564
566.4826295808564
566.2826295808563
566.0826295808563
565.8826295808562
565.6826295808562
565.4826295808562
565.2826295808561
565.0826295808561
564.882629580856
564.682629580856
564.4826295808559
564.2826295808559
564.0826295808558
563.8826295808558
563.6826295808557
563.4826295808557
563.2826295808557
563.0826295808556
562.8826295808556
562.6826295808555
562.4826295808555
562.2826295808554
562.0826295808554
561.8826295808553
561.6826295808553
561.4826295808552
561.2826295808552
561.0826295808552
560.8826295808551
560.6826295808551
560.482629580855
560.282629580855
560.0826295808549
559.8826295808549
559.6826295808548
559.4826295808548
559.2826295808547
559.0826295808547
558.8826295808547
558.6826295808546
558.4826295808546
558.2826295808545
558.0826295808545
557.8826295808544
557.6826295808544
557.4826295808543
557.2826295808543
557.0826295808542
556.8826295808542
556.6826295808542
556.4826295808541
556.2826295808541
556.082629580854
555.882629580854
555.6826295808539
555.4826295808539
555.2826295808538
555.0826295808538
554.8826295808537
554.6826295808537
554.4826295808537
554.2826295808536
554.0826295808536
553.8826295808535
553.6826295808535
553.4826295808534
553.2826295808534
553.0826295808533
552.8826295808533
552.6826295808532
552.4826295808532
552.2826295808532
552.0826295808531
551.8826295808531
551.682629580853
551.482629580853
551.2826295808529
551.0826295808529
550.8826295808528
550.6826295808528
550.4826295808527
550.2826295808527
550.0826295808527
549.8826295808526
549.6826295808526
549.4826295808525
549.2826295808525
549.0826295808524
548.8826295808524
548.6826295808523
548.4826295808523
548.2826295808522
548.0826295808522
547.8826295808522
547.6826295808521
547.4826295808521
547.282629580852
547.082629580852
546.8826295808519
546.6826295808519
546.4826295808518
546.2826295808518
546.0826295808517
545.8826295808517
545.6826295808517
545.4826295808516
545.2826295808516
545.0826295808515
544.8826295808515
544.6826295808514
544.4826295808514
544.2826295808513
544.0826295808513
543.8826295808512
543.6826295808512
543.4826295808512
543.2826295808511
543.0826295808511
542.882629580851
542.682629580851
542.4826295808509
542.2826295808509
542.0826295808508
541.8826295808508
541.6826295808507
541.4826295808507
541.2826295808507
541.0826295808506
540.8826295808506
540.6826295808505
540.4826295808505
540.2826295808504
540.0826295808504
539.8826295808503
539.6826295808503
539.4826295808502
539.2826295808502
539.0826295808502
538.8826295808501
538.6826295808501
538.48262958085
538.28262958085
538.0826295808499
537.8826295808499
537.6826295808498
537.4826295808498
537.2826295808497
537.0826295808497
536.8826295808497
536.6826295808496
536.4826295808496
536.2826295808495
536.0826295808495
535.8826295808494
535.6826295808494
535.4826295808493
535.2826295808493
535.0826295808492
534.8826295808492
534.6826295808492
534.4826295808491
534.2826295808491
534.082629580849
533.882629580849
533.6826295808489
533.4826295808489
533.2826295808488
533.0826295808488
532.8826295808487
532.6826295808487
532.4826295808487
532.2826295808486
532.0826295808486
531.8826295808485
531.6826295808485
531.4826295808484
531.2826295808484
531.0826295808483
530.8826295808483
530.6826295808482
530.4826295808482
530.2826295808482
530.0826295808481
529.8826295808481
529.682629580848
529.482629580848
529.2826295808479
529.0826295808479
528.8826295808478
528.6826295808478
528.4826295808477
528.2826295808477
528.0826295808477
527.8826295808476
527.6826295808476
527.4826295808475
527.2826295808475
527.0826295808474
526.8826295808474
526.6826295808473
526.4826295808473
526.2826295808472
526.0826295808472
525.8826295808472
525.6826295808471
525.4826295808471
525.282629580847
525.082629580847
524.8826295808469
524.6826295808469
524.4826295808468
524.2826295808468
524.0826295808467
523.8826295808467
523.6826295808467
523.4826295808466
523.2826295808466
523.0826295808465
522.8826295808465
522.6826295808464
522.4826295808464
522.2826295808463
522.0826295808463
521.8826295808462
521.6826295808462
521.4826295808462
521.2826295808461
521.0826295808461
520.882629580846
520.682629580846
520.4826295808459
520.2826295808459
520.0826295808458
519.8826295808458
519.6826295808457
519.4826295808457
519.2826295808457
519.0826295808456
518.8826295808456
518.6826295808455
518.4826295808455
518.2826295808454
518.0826295808454
517.8826295808453
517.6826295808453
517.4826295808452
517.2826295808452
517.0826295808452
516.8826295808451
516.6826295808451
516.482629580845
516.282629580845
516.0826295808449
515.8826295808449
515.6826295808448
515.4826295808448
515.2826295808447
515.0826295808447
514.8826295808447
514.6826295808446
514.4826295808446
514.2826295808445
514.0826295808445
513.8826295808444
513.6826295808444
513.4826295808443
513.2826295808443
513.0826295808442
512.8826295808442
512.6826295808442
512.4826295808441
512.2826295808441
512.082629580844
511.882629580844
511.68262958084404
511.48262958084405
511.28262958084406
511.08262958084407
510.8826295808441
510.6826295808441
510.4826295808441
510.2826295808441
510.0826295808441
509.88262958084414
509.68262958084415
509.48262958084416
509.2826295808442
509.0826295808442
508.8826295808442
508.6826295808442
508.4826295808442
508.28262958084423
508.08262958084424
507.88262958084425
507.68262958084426
507.4826295808443
507.2826295808443
507.0826295808443
506.8826295808443
506.6826295808443
506.48262958084433
506.28262958084434
506.08262958084435
505.88262958084437
505.6826295808444
505.4826295808444
505.2826295808444
505.0826295808444
504.8826295808444
504.68262958084443
504.48262958084445
504.28262958084446
504.08262958084447
503.8826295808445
503.6826295808445
503.4826295808445
503.2826295808445
503.0826295808445
502.88262958084454
502.68262958084455
502.48262958084456
502.28262958084457
502.0826295808446
501.8826295808446
501.6826295808446
501.4826295808446
501.2826295808446
501.08262958084464
500.88262958084465
500.68262958084466
500.4826295808447
500.2826295808447
500.0826295808447
499.8826295808447
499.6826295808447
499.48262958084473
499.28262958084474
499.08262958084475
498.88262958084476
498.6826295808448
498.4826295808448
498.2826295808448
498.0826295808448
497.8826295808448
497.68262958084483
497.48262958084484
497.28262958084485
497.08262958084487
496.8826295808449
496.6826295808449
496.4826295808449
496.2826295808449
496.0826295808449
495.88262958084493
495.68262958084495
495.48262958084496
495.28262958084497
495.082629580845
494.882629580845
494.682629580845
494.482629580845
494.282629580845
494.08262958084504
493.88262958084505
493.68262958084506
493.48262958084507
493.2826295808451
493.0826295808451
492.8826295808451
492.6826295808451
492.4826295808451
492.28262958084514
492.08262958084515
491.88262958084516
491.6826295808452
491.4826295808452
491.2826295808452
491.0826295808452
490.8826295808452
490.68262958084523
490.48262958084524
490.28262958084525
490.08262958084526
489.8826295808453
489.6826295808453
489.4826295808453
489.2826295808453
489.0826295808453
488.88262958084533
488.68262958084534
488.48262958084536
488.28262958084537
488.0826295808454
487.8826295808454
487.6826295808454
487.4826295808454
487.2826295808454
487.08262958084543
486.88262958084545
486.68262958084546
486.48262958084547
486.2826295808455
486.0826295808455
485.8826295808455
485.6826295808455
485.4826295808455
485.28262958084554
485.08262958084555
484.88262958084556
484.68262958084557
484.4826295808456
484.2826295808456
484.0826295808456
483.8826295808456
483.6826295808456
483.48262958084564
483.28262958084565
483.08262958084566
482.8826295808457
482.6826295808457
482.4826295808457
482.2826295808457
482.0826295808457
481.88262958084573
481.68262958084574
481.48262958084575
481.28262958084576
481.0826295808458
480.8826295808458
480.6826295808458
480.4826295808458
480.2826295808458
480.08262958084583
479.88262958084584
479.68262958084586
479.48262958084587
479.2826295808459
479.0826295808459
478.8826295808459
478.6826295808459
478.4826295808459
478.28262958084593
478.08262958084595
477.88262958084596
477.68262958084597
477.482629580846
477.282629580846
477.082629580846
476.882629580846
476.682629580846
476.48262958084604
476.28262958084605
476.08262958084606
475.88262958084607
475.6826295808461
475.4826295808461
475.2826295808461
475.0826295808461
474.8826295808461
474.68262958084614
474.48262958084615
474.28262958084616
474.0826295808462
473.8826295808462
473.6826295808462
473.4826295808462
473.2826295808462
473.08262958084623
472.88262958084624
472.68262958084625
472.48262958084626
472.2826295808463
472.0826295808463
471.8826295808463
471.6826295808463
471.4826295808463
471.28262958084633
471.08262958084634
470.88262958084636
470.68262958084637
470.4826295808464
470.2826295808464
470.0826295808464
469.8826295808464
469.6826295808464
469.48262958084644
469.28262958084645
469.08262958084646
468.88262958084647
468.6826295808465
468.4826295808465
468.2826295808465
468.0826295808465
467.8826295808465
467.68262958084654
467.48262958084655
467.28262958084656
467.08262958084657
466.8826295808466
466.6826295808466
466.4826295808466
466.2826295808466
466.0826295808466
465.88262958084664
465.68262958084665
465.48262958084666
465.2826295808467
465.0826295808467
464.8826295808467
464.6826295808467
464.4826295808467
464.28262958084673
464.08262958084674
463.88262958084675
463.68262958084676
463.4826295808468
463.2826295808468
463.0826295808468
462.8826295808468
462.6826295808468
462.48262958084683
462.28262958084684
462.08262958084686
461.88262958084687
461.6826295808469
461.4826295808469
461.2826295808469
461.0826295808469
460.8826295808469
460.68262958084694
460.48262958084695
460.28262958084696
460.08262958084697
459.882629580847
459.682629580847
459.482629580847
459.282629580847
459.082629580847
458.88262958084704
458.68262958084705
458.48262958084706
458.2826295808471
458.0826295808471
457.8826295808471
457.6826295808471
457.4826295808471
457.28262958084713
457.08262958084714
456.88262958084715
456.68262958084716
456.4826295808472
456.2826295808472
456.0826295808472
455.8826295808472
455.6826295808472
455.48262958084723
455.28262958084724
455.08262958084725
454.88262958084727
454.6826295808473
454.4826295808473
454.2826295808473
454.0826295808473
453.8826295808473
453.68262958084733
453.48262958084734
453.28262958084736
453.08262958084737
452.8826295808474
452.6826295808474
452.4826295808474
452.2826295808474
452.0826295808474
451.88262958084744
451.68262958084745
451.48262958084746
451.28262958084747
451.0826295808475
450.8826295808475
450.6826295808475
450.4826295808475
450.2826295808475
450.08262958084754
449.88262958084755
449.68262958084756
449.4826295808476
449.2826295808476
449.0826295808476
448.8826295808476
448.6826295808476
448.48262958084763
448.28262958084764
448.08262958084765
447.88262958084766
447.6826295808477
447.4826295808477
447.2826295808477
447.0826295808477
446.8826295808477
446.68262958084773
446.48262958084774
446.28262958084775
446.08262958084777
445.8826295808478
445.6826295808478
445.4826295808478
445.2826295808478
445.0826295808478
444.88262958084783
444.68262958084784
444.48262958084786
444.28262958084787
444.0826295808479
443.8826295808479
443.6826295808479
443.4826295808479
443.2826295808479
443.08262958084794
442.88262958084795
442.68262958084796
442.48262958084797
442.282629580848
442.082629580848
441.882629580848
441.682629580848
441.482629580848
441.28262958084804
441.08262958084805
440.88262958084806
440.6826295808481
440.4826295808481
440.2826295808481
440.0826295808481
439.8826295808481
439.68262958084813
439.48262958084814
439.28262958084815
439.08262958084816
438.8826295808482
438.6826295808482
438.4826295808482
438.2826295808482
438.0826295808482
437.88262958084823
437.68262958084824
437.48262958084825
437.28262958084827
437.0826295808483
436.8826295808483
436.6826295808483
436.4826295808483
436.2826295808483
436.08262958084833
435.88262958084835
435.68262958084836
435.48262958084837
435.2826295808484
435.0826295808484
434.8826295808484
434.6826295808484
434.4826295808484
434.28262958084844
434.08262958084845
433.88262958084846
433.68262958084847
433.4826295808485
433.2826295808485
433.0826295808485
432.8826295808485
432.6826295808485
432.48262958084854
432.28262958084855
432.08262958084856
431.8826295808486
431.6826295808486
431.4826295808486
431.2826295808486
431.0826295808486
430.88262958084863
430.68262958084864
430.48262958084865
430.28262958084866
430.0826295808487
429.8826295808487
429.6826295808487
429.4826295808487
429.2826295808487
429.08262958084873
428.88262958084874
428.68262958084875
428.48262958084877
428.2826295808488
428.0826295808488
427.8826295808488
427.6826295808488
427.4826295808488
427.28262958084883
427.08262958084885
426.88262958084886
426.68262958084887
426.51024590861806
426.35590743652193
426.2053877624676
426.080276112575
425.93712205395656
425.8131144254863
425.6727432836433
425.55147261873805
425.40612240866375
425.28896262202716
425.14222287950287
425.02564258561796
424.88398595434444
424.7622752177834
424.6309046317036
424.4948103580523
424.3746229760713
424.23258103860303
424.1142374243585
423.9784636153303
423.8495776807886
423.7253888691296
423.5850211571549
423.46694239200264
423.32972176853957
423.204070461336
423.077771617516
422.9384301266187
422.8202729913298
422.682209492286
422.55837932549866
422.4306928524398
422.2920722100336
422.17377003937406
422.03491486366096
421.91256937561764
421.78354859542065
421.6457986325553
421.527181943481
421.387523449464
421.26659277536754
421.13606896829975
420.999718329498
420.8804452427839
420.74015562763543
420.62046261627415
420.4883616798624
420.35407246386757
420.2337374708226
420.093304775728
419.9744073972604
419.8410837156187
419.70883873025963
419.5874155250335
419.4472561164992
419.3286956840783
419.1947715914889
419.06376870599297
418.9417054024196
418.8018588108637
418.68339161613267
418.5493528630666
418.4187516288278
418.2965437477947
418.15689503185945
418.0384162594441
417.9045542361548
417.77377298192295
417.6517630458155
417.5122080847277
417.39366106277873
417.26013405108216
417.1288380727449
417.0072125315261
416.86769056013765
416.74903712355683
416.6159164163827
416.48395797515496
416.36278719670986
416.22327771314656
416.10448864452115
415.9717973079668
415.8391454660873
415.7184325519567
415.5789449753372
415.4599931805353
415.327739841974
415.194412107254
415.07413627900166
414.93469904218574
414.8155514672073
414.6837537951861
414.5497701430661
414.42991276407474
414.29056856906107
414.1711759557671
414.0398754065038
413.90523820015216
413.7857920584068
413.646602471895
413.5268845927636
413.3961598554944
413.2608515583777
413.1418201708158
413.0028833206271
412.88270094247866
412.75269133046925
412.6166830064811
412.4980728846092
412.3595634836655
412.2386558147925
412.1096095547865
411.97289089941125
411.8546861781902
411.7169420392641
411.594775666774
411.4671470865528
411.3298070353085
411.2118872810677
411.07555640620825
410.95099017164665
410.82557708468323
410.68787343114974
410.5698334675038
410.4358353724323
410.30692727393375
410.18467361318704
410.04662264011114
409.92784337223856
409.7963695278769
409.66277248647174
409.54329097027505
409.40496692227833
409.28501322689374
409.1554292171346
409.0194805303846
408.9012211262483
408.7637263363836
408.6418126502357
408.5143998334843
408.37736383230254
408.25953974356906
408.1240901851399
407.99844044930256
407.87423428095406
407.73684894775056
407.6185407767783
407.4863028102752
407.3544835332746
407.23428008438526
407.0963936474515
406.9767661033559
406.8471893542204
406.71152542677817
406.59336679122134
406.45630957042584
406.3341069523672
406.20731753231263
406.0704498306779
405.9526524449574
405.8183763455193
405.6908753489986
405.5682330163488
405.43104654665376
405.31222609683965
405.1816712584582
405.0473974407844
404.9287446216389
404.7914066621581
404.67036433228986
404.54273642355537
404.4062686942881
404.28855692563155
404.1537689234023
404.0275994738617
403.90424764276815
403.7674297993803
403.64878793010695
403.5181632939084
403.384241422768
403.2655744822849
403.12847565417593
403.0074074901072
402.88006078493606
402.74373142187375
402.62605805487385
402.49191745991055
402.36476656354995
402.24227157059363
402.1056373245341
401.98664315654503
401.8569825863174
401.7220655212652
401.6040540457779
401.4677106250987
401.3452524449371
401.2194095406954
401.0831544068035
400.9652435358911
400.8330958537198
400.70225160243734
400.582182503005
400.4454486323828
400.3253863118995
400.1974305930208
400.0615735184053
399.94402605916565
399.8096759308964
399.68344403591607
399.5606458762441
399.42451521564146
399.30552113948875
399.1763123339689
399.0412956550212
398.9235782700394
398.78797150501555
398.66453615580355
398.5398435792558
398.403978110589
398.28568346092754
398.1552567383976
398.02182676537444
397.9034236512324
397.7672129187295
397.64558647169946
397.51952975580144
397.3837824681164
397.2659682691886
397.13436361628317
397.0030811430935
396.8836227822305
396.7474538364534
396.62680328877025
396.50000723085356
396.3643913128359
396.24682010808084
396.1145295688291
395.98474017724794
395.86454428050484
395.7286527215349
395.6083498854731
395.48137510520166
395.34588492716995
395.22840454676174
395.0960480871928
394.96655813043793
394.8462964748963
394.7106040077119
394.590254479869
394.46348319729236
394.32810886198166
394.21061168703295
394.07868731822026
393.9485017318336
393.82874008502995
393.69314803567363
393.57245298482115
393.44615696631735
393.31092770457457
393.1932909034438
393.0621627579826
392.93062610873017
392.81170545430797
392.67620571325074
392.5548580837549
392.4292673119635
392.2942317432471
392.17630331679646
392.0462122579456
391.91311212388337
391.79510294331095
391.659913620169
391.53741971172536
391.41287671870913
391.27807238512486
391.15962890403756
391.0308148035624
390.8963758804515
390.7790990037471
390.64486995612145
390.5200873629576
390.3973253185884
390.2627062012704
390.1433101168511
390.0161231988609
389.8811577905392
389.76400934564487
389.63198842631425
389.50264428034444
389.3828359554035
389.2480069092621
389.1270034130282
389.001606575357
388.8670489109001
388.74908610361115
388.61982707047855
388.4860919831146
388.3687065831807
388.23445201770767
388.1103349169627
387.9873844968067
387.85316323405215
387.7337614019946
387.6069418705784
387.4722050509735
387.3550665972413
387.22386452767586
387.09325785935584
386.97437706130006
386.83982395099525
386.71800068196427
386.59356641102426
386.45949097282295
386.3409402316084
386.21317117391163
386.0786438576279
385.9617412158228
385.8293071576428
385.7014117643008
385.5811197695045
385.4469915166934
385.325985713595
385.20110404590844
385.0671278169709
384.9489132049745
384.82087896747504
384.6865981563156
384.5697367858922
384.43715813432726
384.3098351598815
384.18933812116643
384.0554769123517
383.9344789007805
383.80977829354333
383.6760214760706
383.55770098190504
383.4300979304062
383.2958036944697
383.17900925213604
383.04716035385917
382.91847210724995
382.7989023836273
382.6651015881153
382.5434405429998
382.41942401330994
382.28601149618726
382.16715086916093
382.0405370904949
381.9063419722774
381.789378110297
381.6591382053201
381.52755040045423
381.40968194132927
381.2760033085598
381.1526833864771
381.0299615914399
380.89683771817147
380.7769929229919
380.65167651920683
380.5180106174873
380.4003131325956
380.27223478407257
380.1384093129867
380.0217111842346
379.889653859839
379.76196040332616
379.6421024028628
379.5088427701906
379.3871202592656
379.2635414805523
379.1306508453237
379.0114128180565
378.88575261188606
378.75214709377235
378.6347661383328
378.5064100985994
378.3729173566844
378.2562276970552
378.1240752313465
377.996941423706
377.87691759367624
377.7439645506765
377.62220478666035
377.49887011355383
377.3662743299746
377.2468013132825
377.12166172496853
376.98846851696675
376.87073338576647
376.7434028122677
376.60967536800354
376.49311170031757
376.36244682691336
376.23232659471694
376.1141244611658
375.9811534034563
375.8578747982987
375.7357085227716
375.603410381402
375.4829026456155
375.35892179937713
375.2264208722849
375.1076173034681
374.98208911928543
374.84895144425394
374.73158593370744
374.60395224124704
374.4704597804821
374.35400286525555
374.2231335743244
374.09372931379596
373.9753150535107
373.84265529955826
373.71942184608304
373.5974598654065
373.46549326298987
373.3447073662945
373.2212353865667
373.0892073971153
372.96986446540916
372.8452565974219
372.7128276022494
372.59467632577196
372.4687287287454
372.33563129108893
372.21866144857745
372.09063538489147
371.9575097565084
371.841112848027
371.7099996446983
371.5815222610198
371.4628050019054
371.33053919379887
371.20736441764404
371.08564087333997
370.95406543739705
370.8329338261248
370.7100500582634
370.5785658334929
370.4585262088287
370.3349384625058
370.20335436703834
370.08407374934603
369.9598720768759
369.8280296586569
369.70947010512594
369.5845203020925
369.4522385098169
369.33451214150716
369.20844728557967
369.0755493790928
368.9587812595438
368.83086907977656
368.6979403686966
368.58167218091694
368.4509910290114
368.3220321051907
368.2038302228337
368.071917508045
367.9480588730638
367.8270565150489
367.6958796388
367.57396177812774
367.45197811354734
367.3211194712023
367.1999647380398
367.0776624927717
366.94700442402893
366.82606805548045
366.7037554916665
366.57327251543387
366.4522510244366
366.3301088340375
366.19980676511733
366.07849272533684
365.9566478080352
365.8265342192971
365.7047683823572
365.583310933792
365.45337543127624
365.3310479911064
365.2100239006034
365.08022828637246
364.9573043703036
364.8367020201839
364.70698743599223
364.5835252017737
364.4632757394019
364.33358526384615
364.2097172444575
364.0897181846985
363.96001806985066
363.83589773397745
363.7160495694542
363.58633360331385
363.46208311057836
363.34231644029273
363.2125957592405
363.0882830955893
362.96856514354766
362.83885491370603
362.71450171571115
362.5948266429712
362.46513892766404
362.3407386926749
362.22111461752286
362.0914555065129
361.9669920895718
361.8474299851225
361.7178006179284
361.59325988018895
361.47376758858815
361.34416624790083
361.219540715994
361.10012133633427
360.97054548357244
360.845834088162
360.72648694625616
360.5969345016098
360.47214006293063
360.35286258657925
360.2233323416766
360.09845894379555
359.9792482633684
359.8497398025693
359.7247910051475
359.6056448256912
359.47615811374766
359.35113639642503
359.2320531538919
359.1025882218255
358.97749513787863
358.85847381549655
358.7290306360598
358.6038672077579
358.484907054831
358.35548550736183
358.2302525503907
358.1113528940962
357.9819527743359
357.8566511072835
357.73781122944985
357.60843229263213
357.4830628432492
357.364281984389
357.2349240148863
357.1094877431919
356.9907651343213
356.861427933648
356.7359257961253
356.617260684423
356.4879440898749
356.36237698477885
356.2437686633894
356.1144725152307
355.98884129071655
355.87028906895495
355.7410132339819
355.6153186945326
355.49682195550713
355.3675663152343
355.241809169348
355.12336732015393
354.9941317258706
354.8683126878168
354.74992515166554
354.62070949990846
354.4948292495986
354.37649547218814
354.2472996556873
354.1213587987113
354.0030782693396
353.87390218140513
353.7479013262128
353.6296735322595
353.50051707315407
353.3744568209617
353.2562812677689
353.1271443757823
353.00102522848994
352.8829014775481
352.75378403056766
352.6276065227
352.5095340951141
352.3804359920461
352.25420069702363
352.1361791307814
352.0071003354726
351.88080772865345
351.76283661850476
351.63377708185794
351.5074275866205
351.3895065391555
351.26046618740986
351.13406023726805
351.0161888704494
350.8871676514304
350.76070566155505
350.64288359267215
350.5138814532668
350.3873638229205
350.2695906926025
350.14060758634776
350.01403470625513
349.8963101489157
349.7673460317097
349.6407182633192
349.5230419313487
349.39409675052707
349.2674144893289
349.1497860394095
349.0208597842643
348.8941233610766
348.77654247821357
348.6476351502043
348.52084484282904
348.4033112292654
348.27442280180423
348.14757892748844
348.030092294487
347.9012227694549
347.7743255421269
347.6568856218174
347.5280349489546
347.401084697552
347.283691171369
347.1548593663664
347.02785636157347
346.91050896626183
346.7816960398288
346.65464050676707
346.5373389811937
346.40854493688454
346.28143709433255
346.16418117976855
346.0354060142905
345.9082461082345
345.7910355506359
345.6622793031895
345.5350675557972
345.41790212314254
345.2891648476498
345.1619013713297
345.04478086004906
344.9160625572873
344.78874752896945
344.67167171001734
344.5429723995127
344.41560600691105
344.2985746478146
344.16989438270366
344.04247680561775
343.92548968890475
343.7968285199834
343.66935987786644
343.55241680972284
343.4237747856057
343.296255204468
343.17935598361277
343.0507331727369
342.92316278185814
342.8063072249294
342.6777037059994
342.55008256971416
342.43327051956305
342.30468637194673
342.1770145470086
342.0602458330083
341.93168112117667
341.80395868328657
341.68723312443296
341.558687910736
341.4309149589248
341.3142323679102
341.1857067639354
341.0578833707023
340.94124359306227
340.8127377183828
340.68486389689593
340.5682668020407
340.4397807837319
340.31185651241543
340.19530196661395
340.066835909493
339.9388612035535
339.82234906477
339.69390312071846
339.56587795774806
339.4494081133052
339.32098241026006
339.19290674379454
339.0764790664421
338.9480737631259
338.81994755180136
338.70356192623507
338.5751771757475
338.44700038082243
338.33065668040695
338.2022926795851
338.07406521246907
337.9577633564913
337.8294202965281
337.70114203709574
337.5848819373116
337.4565600198275
337.3282308493778
337.2120124189427
337.0837118752181
336.95533163615397
336.8391548018702
336.71087585008587
336.5824443880634
336.4663090657889
336.33805196830065
336.2095691384924
336.093475259695
335.9652403148326
335.83670585421885
335.72065338246324
335.5924408583252
335.46385453229146
335.3478434149798
335.2196536462226
335.0910152347052
334.97504542531624
334.8468787720484
334.7181879169557
334.6022594104953
334.4741162224152
334.345372630855
334.22948539772125
334.10136610988013
333.9725693934528
333.85672344210315
333.72862849407875
333.59977823295907
333.48397356381724
333.3559034425616
333.22699920269986
333.1112358580236
332.9831910967204
332.8542323339219
332.73851033902866
332.61049149898776
332.4814776692676
332.36579706272386
332.23780476674926
332.1087352995726
331.9930961366029
331.86513110088225
331.7360053102882
331.6204076927556
331.4924707037468
331.36328781614264
331.2477318348945
331.11982373239084
330.9905829121258
330.8750686971349
330.7471904578412
330.6178907960407
330.50241846518543
330.37457116470574
330.24521160548323
330.1297813487316
330.00196618906875
329.87254559980687
329.757157591439
329.6293759818065
329.4998930692328
329.3845475155308
329.2568010312491
329.12725433322794
329.0119515055669
328.8842419994831
328.75462988348517
328.6393700485244
328.5116996670722
328.382020231403
328.2668036986893
328.13917496225184
328.00942613285065
327.89425324534136
327.76666920564764
327.63684856164355
327.52171968931685
327.39418406173644
327.26428877369
327.14920428517496
327.02172159351636
326.89174847849813
326.7767087217793
326.6492846859822
326.5192300881444
326.40423533839675
326.2768773173498
326.1467370947699
326.03178742139625
325.9045051645831
325.7742746542082
325.6593697158158
325.5321764764456
325.40185072778985
325.28698928264293
325.1599037583797
325.0294782497751
324.9146571580325
324.7877069425057
324.6571793525049
324.54239132186814
324.41561916498637
324.28499445003087
324.1702226502429
324.0436989120461
323.9130031081109
323.79820729668023
323.6720559058858
323.54137499418357
323.4264521567865
323.30090796321934
323.170495899516
323.0551587231502
322.9306930222413
322.801216681557
322.6846051725914
322.5621451127096
322.43477253809095
322.31444807801705
322.1954110161293
322.0701203429774
321.94258379080946
321.8275009703644
321.7014500192949
321.5712553736569
321.4568471222582
321.3308786452954
321.2005525531346
321.0856876943372
320.96070491388974
320.83086501800904
320.71507248168535
320.5917722933664
320.46368290821886
320.3451275361442
320.2248776074507
320.09932408374823
319.97404938109173
319.8580526788181
319.73262866401734
319.60247064886676
319.4883065839684
319.3623729938117
319.2322458835028
319.1174105297311
318.99270487701216
318.8631922012337
318.7471522295732
318.6244344529665
318.4970736599397
318.3773576527446
318.2581763109512
318.1331912516966
318.0057599149626
317.89086253383516
317.7651501869713
317.6349755864284
317.52069074127405
317.3952982543875
317.2654386059794
317.15023335478446
317.0264872164501
316.8980858153283
316.7805302983306
316.65967907081216
316.53403800934547
316.4100584494879
316.29362047938713
316.1687125818106
316.03857789156035
315.9246407569665
315.79899099664686
315.66919066380024
315.5542508396809
315.4302773618091
315.30167822770665
315.1846410248492
315.06342750388643
314.9376477206954
314.8145005340898
314.69771530514464
314.5730591783594
314.4429985015113
314.3291607825959
314.2035917508092
314.07391753915095
313.9589753559896
313.8352245989531
313.70694678849173
313.589569044933
313.4688312034619
313.34350021422387
313.21921454852804
313.10312558115595
312.97841727672017
312.84819753108053
312.73436644885174
312.609161597668
312.4798352041391
312.36449471499697
312.2415507205762
312.11425523813324
311.9952862824871
311.87602173516467
311.7515399880783
311.6240507156335
311.50953334095226
311.3842988218623
311.2543430815735
311.14009447509306
311.0157308519722
310.8871019615846
310.7707317473939
310.64922301936997
310.52347154090705
310.40109854233674
310.2841530688868
310.1599464523044
310.02986916142453
309.9162579358027
309.79107482360035
309.6619082131955
309.54667138969575
309.42390342286785
309.29694421223064
309.1776720170505
309.0588344717603
308.93469634358524
308.80639311173013
308.69234887474624
308.56717974350124
308.4375329657585
308.3230676584796
308.19939622480473
308.0716078413366
307.95413927391854
307.83395293657014
307.70934739921483
307.58373321775133
307.46860830822385
307.3440590655123
307.21403360062334
307.1000908525228
306.9759642671115
306.84796378786945
306.73114848957164
306.6104682211188
306.48561850730164
306.36122428600333
306.2455868645707
306.1213822419625
305.99125159531627
305.87751659788665
305.7533048580653
305.62536379610737
305.50864971818953
305.38797944559656
305.26321146186325
305.13880717593935
305.02324440109896
304.89912971119617
304.7690437607909
304.65530413933794
304.5312822730071
304.40363018608787
304.28658182352416
304.16633100760896
304.04192672587396
303.9164821883103
303.8014832378843
303.677243349166
303.5473846798461
303.43342248484737
303.3098546704874
303.182722702354
303.06486148937336
302.94540497697693
302.8215141025355
302.6942476774018
302.5801103941132
302.455571447902
302.3261884330653
302.2117680284239
302.08887355969995
301.9624075081136
301.8432831964149
301.7248548634907
301.6013803473595
301.4723279091992
301.35891349585273
301.2342080156138
301.1054786673346
300.9903814317046
300.8683779076806
300.7427667486386
300.62172191900606
300.50460028059723
300.38128032982036
300.2511895801276
300.1380012321978
300.0136705160753
299.885924333013
299.76957643128515
299.6490225314118
299.52469084399
299.4000022263391
299.2848840577592
299.16111225886186
299.03138336394903
298.9174874353674
298.7944260755413
298.6682063380178
298.5492002621302
298.43092333387267
298.30773350072946
298.1784528339675
298.0652615737353
297.9408027225879
297.81259207820654
297.6970716589747
297.57586063808463
297.4511780282803
297.328114158649
297.2123000544412
297.08897982193446
296.9590356991912
296.8454965454022
296.72224940870615
296.5960489537695
296.47735614578045
296.3589983454777
296.23594395263456
296.1067429598608
295.99362224504426
295.86930835784614
295.74131761074216
295.62565599713696
295.5047785018657
295.38050811049646
295.256548339876
295.1412954573802
295.01795039924195
294.88834066004034
294.77450072017933
294.6518706605569
294.5264450240653
294.4063320097638
294.28904813720106
294.1662633598274
294.03623993243133
293.923290417667
293.79945622293013
293.67266448758704
293.55542936226277
293.43615380298536
293.3129883915295
293.18524636817534
293.07175662097546
292.94776651982824
292.81947969941956
292.7043319487749
292.5832266324469
292.45906736118053
292.33548698596434
292.2202063650305
292.09713510160583
291.9676554763002
291.85380215849364
291.7315205678952
291.60668340556873
291.48562313429034
291.3690779781725
291.2464658316112
291.11647138557856
291.0033439220791
290.8802575809673
290.7546776003451
290.63554203298224
290.51786456630924
290.39535036589484
290.26550673372867
290.15272708188303
290.029014120222
289.9024699316958
289.7851774370949
289.6662073737635
289.5434284472484
289.4150528155249
289.30196079800993
289.1781206508062
289.0505332075885
288.9347584484897
288.8145591201853
288.69126422369686
288.5653769598659
288.4513443328139
288.3280134338454
288.199609398803
288.08477423596366
287.963829995827
287.84026371080165
287.7159050832521
287.6012443914348
287.4783210150565
287.349530904287
287.235130266337
287.11388930210376
286.9902802413268
286.86645667651226
286.7515983309111
286.62885470836335
286.4999897581681
286.3857016847395
286.2644474729529
286.14093387310993
286.0170463304016
285.9022657433545
285.77956718229376
285.6508209579054
285.5364388607144
285.4153585920783
285.2920427246421
285.16767316133695
285.05316087007606
284.9304125456769
284.80193102740515
284.6872988162991
284.56652622170526
284.4434674577511
284.3183287154929
284.20420282252627
284.0813330758928
283.95321653164615
283.8382275097288
283.71783777162
283.59504072914035
283.4690165808975
283.3553069272545
283.2322838068431
283.1045685551639
282.98917962721424
282.8691862035267
282.74661714924883
282.6197552347343
282.50641829018986
282.38325789533644
282.25593096755586
282.1401435236953
282.02052764628115
281.89815060396404
281.7705630018627
281.6575328237599
281.5342773081272
281.4073201753314
281.2911339761836
281.17188524546896
281.0496806889752
280.92145713070596
280.808679538095
280.6853764370853
280.55879739945254
280.4421732718993
280.3233133184821
280.20127601837635
280.0724700051922
279.9599000434887
279.83660622755934
279.710455465716
279.59328580027665
279.4748822627956
279.3530134977413
279.22367513745377
279.11125131804334
278.9880604933682
278.862450383556
278.744501736983
278.62670126340277
278.504996570832
278.37525118065594
278.26283519513606
278.1399450596144
278.0151014749343
277.8958511967314
277.7789536692042
277.657358033087
277.5276177199184
277.41482729474546
277.2926858665546
277.16900322403836
277.0472544093051
276.9318337596308
276.8100619796271
276.6813439103933
276.56727102114013
276.4466508545121
276.32438781928744
276.1983634792186
276.08498433729636
275.9623830850835
275.83555939141
275.7193954896899
275.6005579416595
275.4790146907023
275.3499014896423
275.2376050540061
275.114623176434
274.9893766547763
274.8711189702439
274.75375867588644
274.6323874972473
274.50261591049104
274.3901146087787
274.2678506359442
274.14415205228914
274.02283288709
273.907324730962
273.78579299977633
273.65717034171155
273.54310123991223
273.4227065032529
273.3008059341459
273.17410920114423
273.0611240268376
272.9385395988869
272.8123386367425
272.69552322955064
272.5773402634663
272.4561346541681
272.3264855175357
272.21429740097113
272.09172407477234
271.967591655663
271.8475052084946
271.73142021882376
271.61017450641185
271.48116759449925
271.36764125818985
271.2468787466481
271.12488636203614
270.99900913954605
270.8857817424875
270.7634858202037
270.63721835721014
270.52053525311874
270.402399900851
270.28139649226557
270.15170518064184
270.0395538645201
269.9171908297005
269.79350671087997
269.672673882945
269.5571092095419
269.4359038478684
269.30748808762695
269.19333491755543
269.0733324117418
268.95196845899665
268.8242347954716
268.71179960325134
268.58925290331877
268.4640203699089
268.3460749191596
268.2288833890954
268.10802620678567
267.97845682749596
267.865853903356
267.7443493857264
267.62191554466654
267.4980961062159
267.3841126700842
267.26245817453685
267.1357487222795
267.01965958027085
266.9013310195599
266.7806294635389
266.6509600723189
266.5389236497613
266.4167553194526
266.2935114635829
266.17204454799696
266.0569744096469
265.93586575690176
265.8081700926107
265.6932800835937
265.5741340974131
265.45338058505104
265.32420943953963
265.21228266339125
265.08987572374906
264.9659968785784
264.8460011427916
264.73019907467847
264.6093898284942
264.48103425985056
264.366976375588
264.24721509029104
264.1263100256025
263.99795708394487
263.8858897201833
263.76351730236763
263.63918399703607
263.520067276295
263.40382628161456
263.28320397510015
263.15450981660126
263.0409105136732
262.9208216337391
262.79983014793146
262.67205969296094
262.55985626534766
262.4376099822628
262.3131181508097
262.19430118109085
262.0779500638339
261.9574494578506
261.8287369726608
261.7152041107986
261.595144860832
261.47426050024393
261.34638383472503
261.2342606974856
261.1120647890385
260.98777953099886
260.8686907525194
260.7525588347412
260.63210807497455
260.5036790960323
260.3898390198472
260.2701445931038
260.14954211591146
260.02096333707254
259.90908730258525
259.78690245960263
259.66317524045786
259.54321264973044
259.4276272456979
259.30712680403235
259.17933474869744
259.06475565069803
258.94575955827946
258.82551908339036
258.69611206478817
258.58437712918595
258.4624187648781
258.3396483781738
258.2178303146892
258.10326544141685
257.9824992029009
257.85589044185593
257.7398854780317
257.62201659029444
257.5020622996787
257.3725464293804
257.2602851820239
257.1392544309006
257.0179086894373
256.8923988457627
256.77955310651333
256.65802363131405
256.5332369544647
256.4149431158082
256.2985705568667
256.1785341461782
256.0501992065429
255.9363643008893
255.8169551050871
255.69679515181477
255.56771024815174
255.45606298082643
255.3341446954875
255.21134679478467
255.08982943698084
254.9752371574155
254.85468578905366
254.72827723578
254.61208464343358
254.49450116010644
254.37477338035075
254.2455202005364
254.1329465481998
254.01248237682262
253.89181197682228
253.7646188404768
253.65251866188208
253.53077937248273
253.4070218382873
253.28732941371965
253.17186723380453
253.05177131670484
252.92457840035425
252.80940729820915
252.69121056844656
252.57157615408767
252.44206944369384
252.33002231971
252.20909418954855
252.08807964409397
251.9622243641228
251.84968215259275
251.7282899315449
251.60416776661378
251.48503100005738
251.36934653145994
251.24946358662206
251.1221910575165
251.00715100644553
250.88895678289737
250.76945117166161
250.63999103367482
250.52792212108346
250.40714792571922
250.28637426305664
250.16002226230052
250.0477292361322
249.92630632983705
249.80257069930832
249.68290494694725
249.56757650346225
249.44768677477316
249.32092877025815
249.2052706664014
249.08759700711673
248.9682476953622
248.83916099288632
248.72653310026212
248.6064695553187
248.4863841843271
248.35818806212066
248.24656354342645
248.12493280199087
248.00224223532913
247.8808939589514
247.76648624739985
247.64631481428466
247.52064431019386
247.40360802186197
247.28689476644468
247.16758221669082
247.03952442270133
246.92556684949142
246.80676928245921
246.68740194736316
246.55791632341285
246.44627763328685
246.32523982283263
246.204299197432
246.07892016853916
245.96637351022997
245.84533200791734
245.7216222390514
245.60195299269333
245.48678611066998
245.36711426991087
245.24086913134255
245.12459893585978
245.00751585885683
244.88841699046142
244.76011258082522
244.6465361541757
244.5275506431651
244.40825436363122
244.27882436691038
244.1673045476884
244.04625388722076
243.9253454678601
243.80010433661332
243.68757076925368
243.566651288012
243.44311141040956
243.32321065528035
243.2082476401886
243.0886383504299
242.96279267877415
242.84601633632332
242.729344828664
242.61033787397076
242.48265050559144
242.3683138881223
242.25003634722412
242.13106638267485
242.00181312642493
241.8897118737773
241.76951632279793
241.64964745004397
241.52169463410104
241.4101844983538
241.2888538842061
241.16669123038784
241.0445860778921
240.93077156937898
240.81072320653553
240.68616518586393
240.56767829615183
240.45207315328142
240.33291265178676
240.20662252087976
240.0904599978538
239.97352669281918
239.8547364420354
239.72692433143936
239.6128189542269
239.4944956780119
239.3756693766949
239.24646982294047
239.13438435956468
239.01432550987315
238.8946800261904
238.76643269402962
238.65506450352393
238.53382684886233
238.41209048246168
238.28923702833706
238.17584931430304
238.055725706752
237.931770283851
237.81245427250886
237.6973879299864
237.57818529597574
237.45270194863565
237.3354585753157
237.2192852525983
237.1005228350711
236.97384331679646
236.85825059567077
236.74108735029924
236.62250928459113
236.4946103580663
236.38070518527724
236.2623734551017
236.14371179990079
236.0146011206499
235.90248628076637
235.78262676961631
235.6632624834801
235.534654698108
235.42342507918897
235.3023288210942
235.18113601966797
235.05724932760435
234.94440532592702
234.82414331164227
234.70090595076562
234.5805696026937
234.46612349000742
234.3468166837244
234.2222073378631
234.10375554663818
233.98837018658836
233.86954732014647
233.74404874135826
233.62683274084927
233.51078341025965
233.39221569239922
233.26597194376865
233.14982201995323
233.03315479954054
232.9147366461488
232.7877109753808
232.6726804813118
232.55530771267544
232.436951904213
232.30900137068252
232.1952812789218
232.0769821574448
231.9585245924927
231.82956087822734
231.71735280923255
231.59778687841796
231.47878788723733
231.3498087508102
231.2386598723953
231.11783439437406
230.99738025141679
230.87196180193177
230.75984880159209
230.63935920876094
230.5170535970391
230.39533582606268
230.28166831498157
230.1621617353431
230.03856294598066
229.91867648653547
229.80416161134983
229.68518504921133
229.56091719536462
229.44193676161836
229.32698753138416
229.20826790369964
229.08363318320153
228.9651676303461
228.8499674749615
228.73138743658228
228.60652349337255
228.48839433909237
228.3730296939018
228.25453886242067
228.1295188412494
228.01162589499702
227.89614719665906
227.77772020754966
227.65259328955872
227.53486601698765
227.4193102372615
227.30093148927685
227.17573838161238
227.05811671423626
226.94251640960138
226.82417424143048
226.6989538570981
226.5813794273185
226.46576689007733
226.34745093550765
226.2222437145717
226.10465518204597
225.9890645933395
225.8707643975597
225.74561402507734
225.62794453151093
225.51241301338817
225.39411703405364
225.26907093641316
225.15124714527857
225.0358147994938
224.9175095985466
224.7926179419393
224.6745613837748
224.5592699921104
224.44093979168764
224.3162525990781
224.19788406456397
224.08277413891713
223.96440105671016
223.83996326344126
223.72121074169
223.60631695132844
223.48788236273356
223.36372750176074
223.24453671340189
223.1298825372298
223.01136968572766
222.88751410465125
222.7678554849474
222.65345020287566
222.53484518544855
222.41128312249842
222.29116814548698
222.17700029962552
222.05830018706956
221.93500643308107
221.814476870518
221.70052113343803
221.58173184467768
221.4586703839756
221.33778467155898
221.22400923946572
221.10514247579675
220.98227488407105
220.86109430764938
220.74746761997164
220.62853731037947
220.50582920029447
220.38440765964484
220.2709028738329
220.15192209895287
220.02934627058016
219.90772561995618
219.79432232412685
219.67530166906366
219.55283850459705
219.43104836690102
219.3177322445459
219.1986793928896
219.07631561166372
218.95437571578455
218.8411372611251
218.7220573849186
218.59978428929497
218.4777074335328
218.36454038725108
218.24543685326574
218.12324868990868
218.0010432278297
217.88794339789797
217.76881836607583
217.64671116301616
217.52438292406043
217.41134727932214
217.2922021956278
217.1701729105865
217.0477263575096
216.93475251172202
216.81558845073954
216.69363458635178
216.5710734689223
216.45815937152324
216.33897723296013
216.2170966370657
216.09442418919073
215.98156804069285
215.86236857579163
215.74055929268826
215.61777846030137
215.50497862317667
215.38576253170496
215.26402279252375
215.14113623596975
215.0283911662281
214.90915905717458
214.7874872056014
214.6644974428263
214.55180573081918
214.43255818188132
214.31095266817871
214.18786204986165
214.07522233462169
213.95595990163247
213.8344192586969
213.71122999120107
213.59864099419434
213.47936418815263
213.3578870321283
213.23460122582912
213.12206173963807
213.00277106473976
212.88135613312662
212.75797572336103
212.64548462710164
212.5261805718508
212.4048267056198
212.28135342395473
212.16890968324148
212.04959264482153
211.928298751783
211.80473424480363
211.6923368698422
211.57300726873183
211.45177231707328
211.3281181469834
211.21576618583126
211.0964243746984
210.97524734909058
210.85150508169312
210.73919759838847
210.61984398144503
210.4987239387805
210.3748949822024
210.26263111257327
210.14326602849187
210.02220206832882
209.89828780915335
209.7860667083668
209.66669050884065
209.54568178770157
209.42168352099142
209.3095043873965
209.1901174120255
209.06916314205205
208.94508203524495
208.83294410414442
208.71354664006182
208.59264603974458
208.46848329195413
208.35638581141905
208.23697817689188
208.11613049882536
207.99188726792065
207.87982951994306
207.76041202796122
207.63961661091818
207.51529388864535
207.403275203327
207.2838481007978
207.1631042836353
207.03870308554625
206.92672278457343
206.80728635216389
206.68659346957202
206.56211481368794
206.45017224450416
206.330726748753
206.21008420398294
206.08552904101967
205.97362356056814
205.85416928715082
205.73357648854937
205.60894568679083
205.4970766876637
205.3776138764001
205.25707027654335
205.13236470441018
205.02053159559102
204.9010604873849
204.7805655416361
204.6557860160225
204.54398821628163
204.424509037592
204.30406221254609
204.17920960144545
204.06744652505185
203.94795954872018
203.82756037538212
203.70263538716483
203.59090649370864
203.47141193996654
203.35105994599837
203.22606332435896
203.1143680810082
202.99486618705936
202.87456094268165
202.74949335953085
202.6378312642208
202.5183222497806
202.39806334098225
202.27292542834414
202.16129595884743
202.04178002241542
201.9215670391066
201.79635948009482
201.68476212243377
201.5652394971197
201.44507203319444
201.31979544988297
201.2082297169017
201.0887005970755
200.96857826467064
200.8432332931912
200.73169865971724
200.6121632756792
200.49208566821804
200.3666729461835
200.25516894305184
200.13562753457578
200.0155943439853
199.89011438978852
199.7786405488153
199.65909330613
199.53910422341966
199.41355753135647
199.30211339101828
199.18256051178173
199.06261518849192
198.93700233632842
198.8255874192958
198.70602913547006
198.58612729038651
198.4604487638395
198.34906264382965
198.22949918298843
198.10964058706375
197.98389675454845
197.8725390075222
197.75297054042596
197.63315494022183
197.50734623413487
197.3960164158992
197.27644314292573
197.15667026772132
197.03079716601826
196.91949482213056
196.7999169669356
196.680186578047
196.55424951601785
196.44297420807968
196.32339198630189
196.2037038853604
196.07770322887987
195.9664545368214
195.84686817554478
195.72722217626804
195.60115825314665
195.4899357507508
195.37034544515882
195.25074135374362
195.1246145385076
195.01341781619192
194.89382379661814
194.77426148666413
194.648072068195
194.53690069420003
194.41730317588545
194.29778249848337
194.17153074340825
194.0603843066445
193.940783493205
193.8213043120621
193.69499055487015
193.5838686275525
193.4642647815725
193.34482699605965
193.218451495554
193.10735364940942
192.98774699055724
192.86835052080917
192.74191347931273
192.63083930238278
192.511230093692
192.39187490348348
192.265376517373
192.15432559369845
192.0347140770592
191.91540012515662
191.78884052424277
191.6778124322873
191.55819882671892
191.43892609664925
191.31230550006885
191.20129978177752
191.08168437810136
190.96245284648288
190.8357714046683
190.72478763325842
190.60517070499625
190.48598041804888
190.35923824018263
190.248275979673
190.12865783333132
190.0095088860045
189.88270600850885
189.77176482471342
189.65214576894567
189.53303828983096
189.40617468666412
189.29525411759323
189.1756344568996
189.05656857832201
188.92964423622809
188.81874383221296
188.69912388456987
188.580099791488
188.4531147083929
188.34223397934608
188.22261413041173
188.1036320593407
187.97658611737512
187.86572456306882
187.74610518776208
187.62716539574262
187.5000584713021
187.38921558767748
187.26959709970822
187.15069993694658
187.02353183418572
186.91270708097952
186.79308992356292
186.67423578488985
186.54700625534352
186.43619907324327
186.31658373761172
186.19777310423174
186.07048183697722
185.959691626309
185.8400786458055
185.7213120636336
185.59395867962883
185.48318479551781
185.36357476601626
185.2448528814284
185.11743691702927
185.00667868067413
184.88707224707562
184.76839582450182
184.6409167496719
184.5301734132472
184.4105713256441
184.29194126403348
184.1643984085921
184.05366914232192
183.93407223344252
183.81548957479959
183.68788219106744
183.5771660614118
183.45757529142918
183.33904125713073
183.21136849449684
183.1006644423635
182.981080943697
182.8625969785184
182.73485782040444
182.62416461954263
182.50458971163548
182.38615753679076
182.25835084718798
182.14766704332115
182.02810232061236
181.90972398920314
181.78184843387277
181.67117231513203
181.5516197002399
181.43329771903913
181.30535179424467
181.19468118839407
181.0751430630719
180.95688044359233
180.82886249227718
180.71819470575034
180.5986740747689
180.4804745485499
180.35238280723033
180.24171429947978
180.12221509522632
180.00408335159153
179.87591596594757
179.76524197208673
179.64576936135452
179.5277113178625
179.39946662369164
179.28878051297897
179.16934161572857
179.05136490207153
178.92304198620872
178.8123341026448
178.69293902375108
178.57505372818875
178.44665339049848
178.33590907231974
178.21657272863075
178.09879242098748
177.9703196154398
177.8595152500181
177.74026075405646
177.6226040475922
177.49407297225454
177.38316852123498
177.2640333584718
177.14652614227393
177.01797399046924
176.90689567280612
176.78794512214253
176.67062326779427
176.54214211656813
176.43074268253199
176.3120980257191
176.19500814658414
176.06682317790612
175.95478241148098
175.8366818394557
175.7198649317279
175.59250212863253
175.4790805350476
175.361996000514
175.2453925031743
175.11986597913872
175.00344533899977
174.88818298386118
174.771332842143
174.6486853202034
174.5271602095757
174.41439303717576
174.29637706218747
174.1763503223882
174.05061215215184
173.93945651192385
173.82042409581732
173.70177331269602
173.57432632142508
173.46360491960257
173.3442907838626
173.22619104814424
173.09811116878842
172.98743106063878
172.86811872916934
172.75030679925044
172.62194705669836
172.51118504932387
172.39197897962777
172.274397017278
172.14590750054035
172.03497039145722
171.91595467087302
171.79861121732648
171.67013459005284
171.5588623450608
171.44017024830617
171.3231019326061
171.19490903490018
171.0829510459255
170.96484311663545
170.84808477034807
170.72078094362533
170.60730795091354
170.49030705861486
170.3737740166123
170.2484943846263
170.13167784936547
170.0166678886029
169.8998024732296
169.7775866808617
169.6552896319377
169.54287754412417
169.42471394065365
169.3050860715573
169.1788157391027
169.06783152834015
168.94875920170182
168.83040500808409
168.70264546467942
168.59195565087353
168.47271100784585
168.3548887579637
168.2266002595974
168.11583991327603
167.99669804740168
167.87920446624202
167.75074119750118
167.63972847499372
167.52084359001282
167.40365534954822
167.27529557165076
167.16375640173953
167.04534500493492
166.92848905622665
166.8007299457915
166.68803785189033
166.57052502264827
166.45397967261053
166.32782646136644
166.2124996295051
166.09668238801262
165.9800891236413
165.8568429690591
165.73639946591902
165.6231967597656
165.50554134522037
165.38531030932734
165.25981964738753
165.14861006701855
165.0297307891253
164.91121996352297
164.78364643876984
164.67293366702935
164.55375055691806
164.43595044767375
164.30768606596578
164.19690430374214
164.07782926798274
163.9604293104753
163.8319922377474
163.72087081449695
163.60212483905622
163.48507850003
163.35688446393942
163.2450131967537
163.12690384654252
163.01021996212037
162.88301124795757
162.7694261302179
162.6525524293663
162.53610192535874
162.41118103475887
162.29375497422487
162.1791023295067
162.0621809278909
161.94053394340293
161.81722400419008
161.70524220157938
161.58688529933974
161.4677414183139
161.34087234331326
161.23003800746193
161.11095489122545
160.9929599173134
160.86488434224404
160.75414551540982
160.63505103672847
160.51758538355355
160.38917899147492
160.27813809203587
160.15934282439704
160.0422715288503
159.91404165808294
159.80227369831533
159.68410022108228
159.56741282384021
159.44012502051788
159.32667715961188
159.20972485344367
159.09329601344652
158.96828097391423
158.85101594165076
158.7362864224445
158.61941642805203
158.49772476469724
158.3744740880629
158.26247071165486
158.1441468473509
158.02502725011547
157.898121771313
157.7872885158799
157.668227994399
157.55029575979438
157.42218019976406
157.31140935036765
157.19236710240577
157.0749878599449
156.94659311557618
156.83543560344668
156.7167601638947
156.59979879711992
156.471732113052
156.3596397596561
156.2417299605236
156.12515716183057
155.99838318820105
155.88408981486344
155.76768463908203
155.65125244087292
155.52722672854512
155.4081796875996
155.29434034952678
155.17708519702555
155.05639122709263
154.9315124507449
154.82010051939574
154.70141326871806
154.58284570148044
154.45533447246416
154.34458327441652
154.22549707738355
154.1078326154401
153.97953732264787
153.86863204292536
153.74973136677463
153.63256194312177
153.5042512855135
153.39271898354653
153.27436764978165
153.15762026691687
153.03007131011887
152.91705352591163
152.79981509932549
152.6833905431056
152.55791658154413
152.44142670207935
152.32628383038116
152.20958029888556
152.08744079168164
151.96493050889023
151.8526220957099
151.73450116854858
151.61518226795997
151.48847651533512
151.37758041664077
151.25857477839594
151.14062559093722
151.01253004477968
150.90172538585128
150.78272226093404
150.66539140228585
150.53702067948686
150.4257558635154
150.30717580786055
150.1902941124912
150.06239078431048
149.94998050543506
149.83230429382442
149.715808170367
149.58952599287707
149.47439036643462
149.35848029353264
149.24198050828997
149.1187908571834
148.99816471408465
148.88504054014655
148.76740032337818
148.64740654938765
148.5215055232411
148.4103913172282
148.29151497905042
148.17330059781054
148.0454249524311
147.9346460284335
147.81559847515658
147.69813731211883
147.56976990677396
147.45864400229368
147.3399317251955
147.22294799558563
147.0948639771898
146.98277985431423
146.86484786300363
146.74827666291162
146.6215226587641
146.5071484461169
146.39077033256004
146.274335515662
146.1504211023514
146.03110148269428
145.91736239533356
145.80004433946402
145.6794941661479
145.55433316924595
145.44297821269515
145.32423970374296
145.20577685843222
145.07811979813252
144.96733065985305
144.84826168965796
144.7306814257772
144.6023393490155
144.49129849847523
144.37249071537303
144.25541499452441
144.12721430409033
144.0153500696663
143.89722914029508
143.78058034178775
143.65348265778866
143.5396479431469
143.4229136415415
143.3064898287395
143.1819775918173
143.06371323956236
142.949444672046
142.83236561369375
142.71128000802707
142.58690224840703
142.47526222565702
142.35668296843016
142.2379497349922
142.11054192092578
141.99971734745537
141.8806387889251
141.76292793290148
141.6346295166707
141.52365386036865
141.40475817608908
141.28758070169584
141.15928516855834
141.04761348760383
140.92931277754028
140.81257026572013
140.68515248314438
140.57181444093436
140.45472868061748
140.3382811711912
140.21314150604908
140.095954615988
139.98111447978968
139.86424922221704
139.74251045006935
139.61917837508872
139.5071263779924
139.38877828344474
139.2696777051777
139.14263333691946
139.03173439466968
138.91266467457
138.79477912402837
138.66656434339697
138.5556487419383
138.43665815804627
138.31934798292238
138.19097009513206
138.07950304548245
137.96099920295467
137.84412822342566
137.71636630618238
137.60357052653384
137.48607875962932
137.3695617067136
137.243660322423
137.12774581830905
137.0121899366631
136.89552755329387
136.7728529170416
136.65114007497482
136.53840101457277
136.42043865275704
136.30074638326758
136.17435321502444
136.0632860592042
135.9442785646639
135.82611968742424
135.69808750784367
135.5872207598995
135.46812975841027
135.35063060932328
135.22220666110204
135.11096250634412
134.9922229499938
134.8751680376821
134.7470513149553
134.6348506589209
134.5168820313666
134.4002198675523
134.27340615818648
134.15896598736904
134.04251164111398
133.92598142111277
133.80192340086757
133.68269883225526
133.568804389756
133.4514389750786
133.3306805970106
133.20568981998596
133.0941747111116
132.9754005812779
132.85672549422918
132.72914948225937
132.61827276502885
132.4991067020109
132.381308197481
132.25295221826755
132.1419289589398
132.02293133567022
131.90560606990002
131.7772007235622
131.66559968338169
131.54710345918892
131.43017889775282
131.30241773348783
131.1894937225572
131.07199734333287
130.95540218681896
130.8294651825893
130.71349471173986
130.5978846775766
130.4811435197896
130.35833927777753
130.2367573104177
130.12388401565647
130.00589608214722
129.88601781626647
129.75977543898983
129.64860145229065
129.52954817379805
129.41119256306985
129.2832385239267
129.17234334589844
129.05313764664274
128.93541966867213
128.8069661341914
128.69583409813427
128.57686158668466
128.45954747527372
128.33114605367632
128.21939659594793
128.10095110906136
127.98400959920781
127.85631643511685
127.74319231460676
127.62577093794596
127.50913016600724
127.38330544516297
127.26706852515957
127.15154873623618
127.03471647160359
126.91199016915945
126.790201802431
126.6773646065133
126.55928181433728
126.43937688746938
126.31311937807301
126.20190532901623
126.08279847155072
125.96434085105017
125.83641892419168
125.72549881097221
125.60621908618936
125.48835948138318
125.35990697612566
125.24882379501389
125.12971162133896
125.01221820016976
124.88369615053678
124.77217417593974
124.65345064361829
124.53629457695195
124.40815837741829
124.29571088312869
124.17772202946884
124.06089621649345
123.9339792105167
123.81947155392717
123.7028741753246
123.5861682689614
123.46175460907592
123.34295648535642
123.22869138425044
123.11129050644007
122.98999247017544
122.8656746327677
122.75377602009884
122.63501389556293
122.51581670724626
122.38863960982236
122.27759305445339
122.15827328120423
122.03996933879162
121.91179544337118
121.8008298561174
121.68147720020978
121.56357638606184
121.43505022758843
121.32392096987317
121.20472797783229
121.08711288482193
120.95851661970445
120.84704432452865
120.7281596071911
120.61082673969796
120.48245972537903
120.37031675891139
120.25198436695446
120.13495382142419
120.0073859577706
119.89382245865752
119.77651734172314
119.65971754085228
119.53400079021583
119.41737172244373
119.30190289978054
119.18485859720035
119.06204545085576
118.94024097293372
118.82726315352056
118.70904741551288
118.58883996117115
118.46285157915398
118.35143397600926
118.2322247349221
118.11335801935118
117.98569930234804
117.87467339392119
117.75519523524989
117.63684918148572
117.50858040361396
117.3975696017389
117.27809042235315
117.15999975881459
117.03146719050763
116.92036331060885
116.80097252842923
116.6830698034225
116.55441244203516
116.44314764474156
116.32390591342264
116.20618594375367
116.07750737985141
115.96598036600068
115.84697287057844
115.72945702493526
115.60091557686889
115.48892508055879
115.3703071436393
115.25302904589103
115.1249518613707
115.01205889719147
114.89413191126742
114.77709849839506
114.65016437672136
114.53538832389815
114.41871390387986
114.30175402714049
114.1770154799675
114.05852756479874
113.94389260351033
113.8263651687391
113.70441331470114
113.58098078144559
113.46855064006826
113.3498107616789
113.22988874298427
113.10342880814056
112.99204314521303
112.87260223292952
112.7535807050713
112.62596328663105
112.514845675703
112.39519772492642
112.27649891376352
112.14844508029847
112.03737466959784
111.91767513661891
111.79910214446504
111.67085799308566
111.55978481217323
111.4400718868962
111.32155380206197
111.19321366743736
111.08212820986556
110.96240876970923
110.84391238347841
110.71552084094101
110.60442300975706
110.48469515650407
110.36619910390016
110.23778335612049
110.1266754807462
110.00693447852478
109.88842119416965
109.76000266185825
109.64888753830378
109.52912770679262
109.41058057920465
109.28217972149126
109.17105962932094
109.0512754013879
108.93267791534468
108.80431651426885
108.69319229081592
108.57337915473016
108.45471486573989
108.32641685440665
108.21528705542923
108.09544252604952
107.97669578492348
107.84848673431274
107.73734708035494
107.61747152939692
107.49862869897348
107.37053377659073
107.25937733407386
107.13947419342111
107.02052511618155
106.89256579611572
106.78138408935776
106.66145927376108
106.54239849461149
106.41458913965099
106.30337381161725
106.18343434769743
106.06426151121052
105.93660732200573
105.82535183834513
105.70540427046367
105.58612350910482
105.45862094319023
105.34732140274232
105.22737063251371
105.10798892570858
104.98062827599341
104.86928331140665
104.7493321472921
104.62985745471077
104.50262653594983
104.39123643644628
104.2712860200074
104.15172566526297
104.0246128885571
103.91317859734987
103.79322907961041
103.67358889835182
103.54658494623808
103.43510735669194
103.31515847587922
103.19544256210702
103.06854097604274
102.95702056130486
102.83707205684355
102.71728296923
102.59047977229027
102.478916532568
102.3589683104398
102.23910745154602
102.11240056309921
102.00079407667131
101.8808462383589
101.76091422683643
101.63430279065348
101.52265234650773
101.40270512635473
101.28270208782011
101.15618606802867
101.04449078894886
100.92454455815162
100.80447034940892
100.67805006174254
100.56630898488646
100.44636412456246
100.32621843598476
100.19989446688487
100.08810654971798
99.96816347427085
99.84794582047006
99.72171898809852
99.6098831778672
99.4899423071714
99.36965215795087
99.24352335785186
99.13163855934438
99.01170030968706
98.89133701670573
98.76530728394718
98.65337238785678
98.53343717676589
98.41300002584546
98.28707050079221
98.17508433967299
98.0551525812423
97.93464073117013
97.80881272481548
97.69677409093116
97.57684618938603
97.45625871295302
97.33053371285735
97.21844134954578
97.09851776645941
96.9778536533034
96.8522331945267
96.74008581279378
96.6201669742582
96.49942514948003
96.37391092801211
96.26170717460164
96.14179353898642
96.02097281823902
95.89556662512953
95.78330511579655
95.66339713281953
95.54249626102329
95.41720005528373
95.30487934619347
95.18497751112785
95.06399515204203
94.93881091892041
94.8264295120639
94.70653426121376
94.58546892360428
94.46039899096539
94.34795528314596
94.2280671681191
94.10691730806302
93.98196400355705
93.86945634490306
93.74957585769434
93.62833979836614
93.50350567253565
93.39093233843869
93.27106004226162
93.14973599173612
93.02502373095531
92.91238290266334
92.79251934342986
92.6711054016824
92.54651795124633
92.43380772446555
92.31395353273524
92.1924476799807
92.06798800853922
91.95520639482956
91.83536215197975
91.71376221787486
91.58943363786699
91.47657850825792
91.3567448551997
91.23504846448556
91.11085456263673
90.9979236634153
90.87810130016645
90.75630594418001
90.63225047323368
90.51924141351378
90.39943104360118
90.2775339894201
90.1536211054653
90.04053133213279
89.92073375352983
89.79873208523958
89.67496612409681
89.56179293320758
89.44200893229255
89.31989948200946
89.19628524073588
89.08302569578613
88.96325614527757
88.84103545857496
88.71757811796876
88.60422908421789
88.4844749117726
88.36213924556688
88.2388444163556
88.12540249515868
88.00566468886065
87.88320993085463
87.76008379983925
87.64654529129123
87.52682492650976
87.40424657697889
87.281295890991
87.16765676509239
87.04795499831934
86.92524810076276
86.80248031810372
86.68873614477761
86.56905423916457
86.4462132755886
86.32363664478537
86.20978254497301
86.09012185940323
85.96714068998692
85.84476442482175
85.73079496159168
85.61115699313774
85.48802870689062
85.3658631707017
85.25177225216386
85.13215866545546
85.0088754396394
84.88693232150008
84.7727130635159
84.65312564432007
84.52967848868225
84.40797124551034
84.293615737012
84.17405651714665
84.05043504651897
83.92897921078145
83.8144783350018
83.69494959214867
83.57114167990916
83.44995534539635
83.33529842192908
83.21580268993847
83.09179396168095
82.9708985279897
82.85607288664366
82.73661301710895
82.61238618730931
82.4918073922672
82.37679773123621
82.2573769671096
82.13291090183054
82.01268005500084
81.89746757114983
81.77808952032667
81.6533578533578
81.5335135041775
81.41807468926721
81.29874304787529
81.17371181684692
81.05430118418411
80.93860633924079
80.81932313470585
80.6939454628916
80.57503766746477
80.45904329949883
80.33981229842473
80.21402299493897
80.0957110867461
79.97935663117961
79.86017959477596
79.73388669901162
79.61629898545053
79.49949665539536
79.3803684193372
79.25343807351854
79.13675633320138
79.01937194684423
78.90026714523955
78.77250527858374
78.65698586265991
78.53880485559466
78.41963785935563
78.29081680616358
78.17677202279192
78.05744801525661
77.93794813599696
77.80824684506489
77.69573725014838
77.57491099869415
77.45431526531702
77.32639234099427
77.21399277503647
77.0924477819118
76.969759749807
76.84670074022888
76.73238457964722
76.61180785470182
76.4870447289729
76.36719025746665
76.25131628682243
76.1314505880728
76.00512592387224
75.88741145402511
75.77033911720902
75.65078433299034
75.52303730239451
75.40725873106508
75.288930129025
75.16937991726714
75.04014898861907
74.92640862692323
74.80645895887028
74.6863410851608
74.5567565613622
74.44445735086302
74.32280718832381
74.20083390369552
74.07582023959569
73.96212594852574
73.84086048462075
73.71631652291572
73.59603960039696
73.48012783542505
73.35987414238826
73.23307159745525
73.1158695389591
72.99820604958715
72.87834019024476
72.74956298783339
72.63496871739424
72.51544490290311
72.39526886564805
72.26538517337943
72.15282101539357
72.03121254555693
71.90930063893505
71.7836253350654
71.670013176684
71.54839901879232
71.42362539269811
71.30355750859017
71.18731264273525
71.0668291749715
70.93931093737164
70.8229131649192
70.70447025098566
70.58427119875421
70.45457001961292
70.34107983694022
70.22025340031814
70.09905085881383
69.97082185082347
69.8579794927661
69.7357492074279
69.61168130482237
69.49037484425267
69.37457407115076
69.25363099134547
69.12627435034625
69.00954244356065
68.89108842120747
68.7705963029854
68.640745281233
68.5272953133186
68.40612447079042
68.28442338547607
68.15704690238236
68.04376456176637
67.9214644623572
67.79654640309447
67.67643361751153
67.55981487427178
67.43883987243856
67.31036374584181
67.19490841611051
67.07529172475216
66.9542936101605
66.8243694831673
66.7115519222652
66.58915481852613
66.46566906225496
66.34263129741178
66.22734563518404
66.10570438845998
65.97840481149423
65.86134478388833
65.74268425187107
65.621647746603
65.49151775093495
65.37821499110072
65.25626970880158
65.13341718802413
65.00834616937658
64.89383922228127
64.77163777412257
64.64492044409458
64.52700986580467
64.40871040300647
64.28743390076183
64.15732753887075
64.0437573120102
63.92184730221338
63.79888090730776
63.67363910451733
63.559059028255746
63.43665924571395
63.30964409625702
63.19199465892912
63.073327459902174
62.95178225250602
62.821534880209775
62.708160216954994
62.58568055352776
62.46186317980243
62.3384817542149
62.2228998686525
62.10068050131238
61.97245305756244
61.856156629704714
61.736318620903006
61.61431226516713
61.48467898112161
61.371399349315176
61.24813960153726
61.12262917361462
61.002543580094084
60.88503635724728
60.76299536669939
60.6329505984941
60.518774878275885
60.396742555905675
60.273142959456806
60.148256481377956
60.033095791099555
59.910288007479195
59.78209691417711
59.66552122896684
59.54548686101051
59.42295763826631
59.293712372090845
59.18010463990465
59.05648899908164
58.929947971996555
58.811138872003106
58.692490703602026
58.569993173731106
58.43966116414223
58.326020511893994
58.20261395144883
58.07695756370555
57.95635671401931
57.838683976477974
57.71605568485807
57.585683065988576
57.47155041618933
57.3486742886898
57.22371141490857
57.10126185466128
56.98449448981484
56.86159037910006
56.731599046533525
56.616759333420696
56.49450164668465
56.37004300916098
56.245827156770915
56.12982103733455
56.006523594616496
55.87696639567114
55.76147995186138
55.63965573888459
55.51535767788176
55.39009647195576
55.27444583839209
55.15081550516133
55.02138906112474
54.905631879087636
54.7838307687556
54.65933332114663
54.53412588712971
54.418315106848546
54.29453701837157
54.1648477223119
54.04926177423903
53.92705637411491
53.80206054824176
53.677913600205095
53.56146384248994
53.43770182939215
53.30748088797661
53.19238138416716
53.069414310596144
52.943592252258874
52.82134236299966
52.703761356040765
52.58004395382392
52.44933458323404
52.33483720164297
52.210790042758944
52.08362684841782
51.96400773442537
51.84462348794427
51.72056475395754
51.5908487399283
51.476334570731915
51.3513350094324
51.22227520703799
51.10542926773377
50.98351199429453
50.85788171081303
50.73347040725581
50.6166081592803
50.49216439147458
50.361436947601035
50.24647952282061
50.12222816014139
49.99441504818201
49.8751440671022
49.75502951635522
49.6302558827701
49.50173691596864
49.38647630653168
49.261102279258786
49.13093270999891
49.01501822556824
48.891406069284365
48.763827528972634
48.643344613545764
48.52379520127211
48.39891466379697
48.2694699642763
48.15432462587881
48.02857052992818
47.89829220457944
47.782223402455685
47.65828534194045
47.53006810085149
47.410262588084215
47.28992184873159
47.164480818678165
47.03640592593058
46.92051462955458
46.794616403681545
46.663813705901774
46.54817387095767
46.42310313494082
46.293544932546084
46.17565628281895
46.05328552516225
45.92628238393222
45.80275825353404
45.68442388286318
45.55882426778516
45.428281566482184
45.312914400531405
45.18648016405322
45.05569150331791
44.939467940673225
44.81443099543947
44.684513743993264
44.56644130335825
44.44371772389621
44.31608567055163
44.19323754522067
44.074128608111536
43.94804811831153
43.81831594595428
43.702396722451375
43.575445355027746
43.44432682835553
43.32831269240018
43.20189032860481
43.07066069371995
42.95403421483007
42.828642598356375
42.69807706372994
42.580153827796096
42.456506354123164
42.327596907494744
42.20655675771754
42.08570768073046
41.95865977603215
41.83177100526461
41.71422898020199
41.587064442727936
41.45640134510891
41.34016228570419
41.21244848999238
41.08109231436482
40.96470877095515
40.837055293476496
40.705337961215484
40.588862389078535
40.461149922342855
40.329288498713076
40.212732730780054
40.08487055885307
39.9529611447927
39.836344879679146
39.70820778403885
39.57637510791019
39.45967724209494
39.33113853555602
39.19960253363784
39.082735393752586
38.9537197569468
38.82280877428722
38.70561395348904
38.57617997378271
38.44615700993859
38.32850013956995
38.198834654761086
38.069659245357194
37.95155749419018
37.82182806208947
37.69322127367967
37.574807720905305
37.44506903288367
37.31676345232171
37.19815580586621
37.068387746353835
36.9402473836242
36.82149282706859
36.69165790411687
36.56366186770277
36.44475359847059
36.31482463132482
36.1870087648298
36.06791829169929
35.93788319549103
35.81029322410913
35.69099219890687
35.56084883036678
35.43351852366147
35.313986810928334
35.183736234786494
35.056684931057596
34.93690965275721
34.806551648864286
34.679790578053705
34.559761824324426
34.429293262655946
34.30283271011908
34.18253958243155
34.05195448781514
33.92580821642556
33.80523650982842
33.67452648706172
33.54871370821792
33.42784482129544
33.29699914241689
33.17154515464903
33.050355334167335
32.91936033645304
32.7942946655096
32.67275460033419
32.5415893277567
32.416955794088125
32.29502398509208
32.16366244731258
32.039516727305674
31.917138448715477
31.7855437121731
31.661958134334913
31.53905769323678
31.40717430008534
31.284246152723167
31.160712215554465
31.028452465395937
30.906316377465767
30.78197107384186
30.649190684794583
30.528033477191443
30.40256856253236
30.26903924713637
30.149089675654906
30.021928337746644
29.887493912673328
29.768804777800568
29.63884568276781
29.505334919830226
29.386514248494233
29.252950767523167
29.126144144225673
29.003471017415478
28.869163086281507
28.746970285885897
28.62090645835368
28.485973442271927
28.366310791922682
28.2368950127464
28.10212462312977
27.98324845852905
27.84921100121494
27.721944881109355
27.598796591128416
27.463406232109296
27.341837534279275
27.214120907006905
27.07820993846693
26.95907041275883
26.826407043091212
26.695415524704966
26.57391852315678
26.437595312688774
26.31524132450542
26.187492196637574
26.0510221182309
25.931624298356404
25.79812450835564
25.6679073745484
25.545369092323774
25.408187691547504
25.28672194007581
25.157096982339137
25.020747860816027
24.90104904949529
24.764560938778235
24.639191895229256
24.512672590134265
24.374906065401067
24.254989003591845
24.120897841293512
23.99027199255735
23.866899709566013
23.72822675630301
23.607411556407758
23.474976766994445
23.3407759566542
23.219008668811135
23.07960617780462
22.958110297689522
22.825993961120197
22.69075544115348
22.569077108678293
22.429005053912448
22.30753583352983
22.174519256537668
22.040090368653757
21.917487171113898
21.776669348651644
21.655797158793586
21.52072206864079
21.38909898017371
21.264305870434743
21.123238798739564
21.002840022064223
20.864894557519694
20.737526586207725
20.609089382754888
20.469056114615533
20.34821960584222
20.206834265094717
20.083995848887042
19.949934250910324
19.815532405494476
19.691119577043658
19.548365622582825
19.42773707196831
19.286997066824977
19.161916788627085
19.02932669501122
18.892358662599335
18.768631195651004
18.624692002703082
18.503862045567814
18.361693766236584
18.237317243150116
18.102381226420867
17.968017437069808
17.84174937877057
17.698205606456426
17.576755666086974
17.4315400317235
17.309603285965895
17.168336754614046
17.041554314093638
16.907529522463914
16.771274051210572
16.64490899058835
16.50051372835635
16.3783805039127
16.231407816331483
16.1097140549921
15.96402902051009
15.840501087405151
15.698764333447693
15.57110206051488
15.435288646530129
15.300519997663754
15.17117334457921
15.028644707121671
14.903989569819242
14.756931942085988
14.634165525111982
14.485343448094975
14.362877678715254
14.213532069409615
14.090807120989837
13.941310278600897
13.81821385343899
13.668564654460425
13.54515101391436
13.395210976432727
13.271580402698255
13.121247218662072
12.997456637289176
12.846892001114954
12.72285237429992
12.572623044077714
12.44806202588239
12.298799313038458
12.173425702568819
12.02533344566759
11.89902881184505
11.7519668181801
11.624750622442027
11.478539433109686
11.350433104447092
11.204989080775217
11.075954722967934
10.931301699294382
10.801234081796247
10.657468660917457
10.526202092694964
10.383467560836456
10.250770439955017
10.109252137296112
9.97479776601175
9.83473452372464
9.698035958597838
9.55974230687568
9.420006894628456
9.283896437947565
9.139784520433965
9.00627866005927
8.856140030552586
8.724918979392637
8.573708501505884
8.440751357786011
8.296259758162874
8.156150285622653
8.01768598544345
7.868103614142742
7.73368634706114
7.583449969040514
7.445602265732256
7.3030501237999745
7.153904885742008
7.01665271557534
6.866981022716171
6.724525649364759
6.58257991211581
6.429032337732311
6.288153349011289
6.142875216143306
5.988797822565245
5.845814494340253
5.699559374078684
5.544473802693581
5.397610319291142
5.250749545609338
5.098515962392128
4.9436798726637745
4.795299287597386
4.645713212378201
4.48976006548214
4.3324318510394795
4.178783163550979
4.026157020554258
3.8722215010022945
3.712073181009716
3.5497170948387105
3.3870303189460405
3.223802121857555
3.06038989696235
2.896578496967881
2.7322955194079026
2.567234648410344
2.4010857030582677
2.233419007949335
2.0636921373195736
1.8910624597712529
1.7141840750439155
1.532086522525263
1.3489731978946387
1.1643531471379551
0.971745645863143
0.7756414057879037
0.5756414057879038
0.3756414057879038
0.17564140578790377
0.1
