1.47509176699587e-8
1.5800356052916514e-8
1.674797256486923e-8
1.806260306901009e-8
1.853160519472422e-8
1.8681053501989574e-8
2.0095889832684965e-8
2.0809570644353396e-8
2.1733604641002884e-8
2.301747397470804e-8
2.400177383693519e-8
2.5470109603215494e-8
2.592871877114226e-8
2.804044369248706e-8
2.908714381016257e-8
3.095469375190386e-8
3.17845742289479e-8
3.3782863401733696e-8
3.5094492923124545e-8
3.604550376517893e-8
3.845506559675302e-8
4.0028424369401665e-8
4.1940163301458284e-8
4.41496420001757e-8
4.6273181315398106e-8
4.837944277245185e-8
5.042041933303332e-8
5.2626844663186843e-8
5.537590521265469e-8
5.8313661588598414e-8
6.130048763867272e-8
6.435309608259932e-8
6.709232515095611e-8
7.095456182333018e-8
7.445367502440724e-8
7.756608621526173e-8
8.107596054607397e-8
8.488108047461043e-8
8.784211811531328e-8
9.345194513296946e-8
9.75607750900119e-8
1.0315842855338928e-7
1.0819944281836734e-7
1.1245764569532259e-7
1.1825276192268155e-7
1.2258248761398565e-7
1.288136698842556e-7
1.3554039052214467e-7
1.417396593840009e-7
1.4827881125289948e-7
1.5445702554208097e-7
1.6223227925179272e-7
1.698060793036302e-7
1.7915042881736986e-7
1.868618303778721e-7
1.9563878741124777e-7
2.0456113506102125e-7
2.1501017131381417e-7
2.2478606939351306e-7
2.3585964423655706e-7
2.4700123284474024e-7
2.5837739158983613e-7
2.709888658660353e-7
2.8379511030983415e-7
2.9707156203114487e-7
3.1063517192298426e-7
3.245105571249993e-7
3.3995014369034203e-7
3.565506276166061e-7
3.728334376565587e-7
3.912577593762484e-7
4.1006641332196567e-7
4.2923028385834e-7
4.495000000067338e-7
4.702175307417018e-7
4.927485230538364e-7
5.170912292380556e-7
5.40390091886255e-7
5.66869625739927e-7
5.924833369896954e-7
6.211864293648964e-7
6.515643806066674e-7
6.818536911875563e-7
7.132369628362405e-7
7.470332467062234e-7
7.817307579854104e-7
8.191294989167818e-7
8.575643592712269e-7
8.985061283620925e-7
9.406146569607236e-7
9.85469206285078e-7
1.0322599164026942e-6
1.0813607919159843e-6
1.1322380204439312e-6
1.1855635344925583e-6
1.2418598738940375e-6
1.3008606147731653e-6
1.362986925886365e-6
1.4264825926929055e-6
1.4945838428186742e-6
1.5652470208663364e-6
1.6394055969052452e-6
1.7159789262642963e-6
1.798190207590569e-6
1.8825655402295094e-6
1.971950047590914e-6
2.0647436688172364e-6
2.1623663207568926e-6
2.2640583333454094e-6
2.3715013620753666e-6
2.4833689186390084e-6
2.6009841815129647e-6
2.7247230654160245e-6
2.8522627554421883e-6
2.9875207085197825e-6
3.1283177396874276e-6
3.2766668628913334e-6
3.4317358510587365e-6
3.592933793093825e-6
3.7636672613223623e-6
3.941015276496179e-6
4.127524888052104e-6
4.322959930980499e-6
4.526294364232666e-6
4.740520642280733e-6
4.96502464274145e-6
5.199301342428765e-6
5.44441837250235e-6
5.701873994111073e-6
5.97169508759408e-6
6.254250580312369e-6
6.548587365883418e-6
6.859129715732524e-6
7.182264480960138e-6
7.521084653280964e-6
7.877245876378234e-6
8.249529439469632e-6
8.63875733796363e-6
9.047523251814402e-6
9.474949555497233e-6
9.922830894454503e-6
1.0392035445787281e-5
1.0882803397845633e-5
1.1397166058601163e-5
1.1935848260142527e-5
1.2499124846158055e-5
1.3090063072614683e-5
1.3708113066695465e-5
1.4356795641519142e-5
1.5034465098474145e-5
1.574515283291866e-5
1.6488730161436462e-5
1.7268198688673822e-5
1.808348852781767e-5
1.8938227786932248e-5
1.9833845767146803e-5
2.077191971387598e-5
2.1751680109709533e-5
2.2780141295827047e-5
2.3856358932559093e-5
2.4983007752721558e-5
2.6165287560973796e-5
2.7400220644662597e-5
2.8694644344712142e-5
3.0051511299478573e-5
3.147112022094285e-5
3.2957978353104365e-5
3.4515280832831745e-5
3.6146305679777236e-5
3.785476852982471e-5
3.964341308805438e-5
4.151566910596993e-5
4.347809894153532e-5
4.553282917195959e-5
4.7684057436553905e-5
4.9936462206187906e-5
5.229648279401202e-5
5.476696701369173e-5
5.7355428916167776e-5
6.00649477595085e-5
6.290417012242212e-5
6.587623605943097e-5
6.898933072920035e-5
7.224936292783644e-5
7.566323389128718e-5
7.923812563653907e-5
8.29820468709844e-5
8.690393122984109e-5
9.100981380630117e-5
9.531027065069781e-5
9.981409467850217e-5
0.00010453073176661668
0.00010947034007798654
0.0001146435737023437
0.00012006087400190884
0.00012573465022722998
0.0001316748247599004
0.00013789765549389842
0.00014441400811824242
0.00015123835593711555
0.0001583845690202545
0.00016587061498336258
0.00017370861379814513
0.00018191671303219282
0.00019051390701136208
0.00019951644867952534
0.0002089448656947963
0.0002188192969727923
0.00022916067925279735
0.00023999053766227179
0.00025133224217448137
0.0002632098657215557
0.00027564882371949775
0.00028867596661734553
0.00030231838587793994
0.000316607616919831
0.0003315709211425076
0.00034724069542669
0.0003636520485250129
0.0003808405830558164
0.0003988404422951888
0.00041769145831826776
0.0004374343692603547
0.00045811079714910743
0.00047976224913653037
0.0005024412200748328
0.0005261919264157904
0.0005510649855646759
0.000577113882351558
0.000604394758288423
0.0006329666514554569
0.0006628899070754925
0.0006942301813154423
0.0007270506975219558
0.0007614238972789396
0.0007974239865168401
0.0008351273451418055
0.0008746163083314871
0.0009159712686888535
0.0009592850273451629
0.001004646937241358
0.001052158417933648
0.0011019184489159358
0.0011540326661899985
0.0012086148603538116
0.0012657821178069912
0.0013256569810882303
0.0013883667432199101
0.0014540486291663643
0.0015228406697859152
0.001594892648347143
0.0016703601147975355
0.0017494034131095382
0.0018321944714697412
0.0019189107365024174
0.002009741297300194
0.0021048798030182526
0.0022045311449090154
0.002308911326430474
0.0024182480057683116
0.002532775410051913
0.002652742917079705
0.0027784110798452035
0.0029100496628828134
0.003047948258440083
0.0031924047659198707
0.0033437342158221463
0.003502269034403292
0.0036683524286502734
0.003842349304084924
0.004024639813996397
0.004215625286972238
0.004415724763199767
0.004625380080060149
0.00484505288274602
0.005075230822928309
0.00531642168310141
0.005569164028991373
0.005834020177350011
0.006111579858912401
0.006402466871298184
0.006707331404986574
0.007026861941409881
0.007361776995497214
0.007712834111801697
0.008080827371993598
0.0084665936935983
0.008871007387691861
0.009294989492570585
0.009739504036450861
0.01020556325607867
0.010694227274801717
0.011206603618944608
0.011743854637469159
0.012307191307079817
0.012897879523778731
0.013517239801083367
0.014166646570497855
0.01484753209459399
0.015561385813373052
0.016317872169805354
0.017102209360194263
0.017924359232363803
0.018786071221402037
0.019721435785764293
0.020667161899521964
0.0216581572265655
0.022696483156352615
0.02380437219986955
0.024943523631749065
0.026136744702778453
0.027386462529897886
0.028730943165416734
0.030100674879316815
0.03153480869985656
0.03303481883720222
0.03460656952285908
0.03625188810302593
0.03797427545693246
0.03985373416672204
0.04174057912710074
0.04371653865716113
0.04578588696097912
0.047952907434113484
0.05022185526910174
0.05259700230115245
0.05508277115306718
0.05768393732448522
0.06049067784073547
0.06333802725927017
0.06631846810986819
0.06943843036183772
0.07270429113108809
0.07612238084058437
0.07969924575535645
0.08351933820777203
0.08743523931137918
0.09153458147496354
0.09582644989765786
0.10031965870108524
0.10502278641393906
0.10994481491108143
0.11516697808193624
0.1205583994553679
0.12620342180710614
0.1321135946195066
0.13829992013837886
0.14477398585747328
0.15161366142865815
0.15870424548133497
0.16612497091578599
0.17388860441828033
0.18200898758953735
0.19056152836649573
0.19944791667431144
0.20874524671122713
0.21847054248328587
0.22869657385049885
0.23933781549384578
0.25047022233118815
0.26211545064517644
0.27430199351573725
0.28711085932204505
0.30047076241896453
0.3144451144106937
0.3290921459439121
0.3443399952304222
0.360256637598774
0.376886352408654
0.39433421231463656
0.4125757078301953
0.4316981271324432
0.4517853510816217
0.47278661092791585
0.4947312385854043
0.5176535936532884
0.541515330071632
0.5664316447552474
0.5925509165000938
0.6199030899626189
0.6486307767874461
0.6787090610287873
0.7101614830428331
0.7429138465355528
0.7770512471200813
0.8127842110342167
0.8502312192167094
0.8895728902664005
0.9307779636144425
0.9738075476283972
1.0185756912900188
1.065334212074568
1.1143331434054078
1.1658358798686455
1.2198212334108747
1.2760934403860367
1.3346783714096708
1.395937210978672
1.4603100160887161
1.5278976220571172
