-342.96466784084885
-342.685628293385
-341.8484560028216
-340.45316179829524
-338.4996677765018
-335.9879882546836
-332.918032008934
-329.28966756928924
-325.10274544414966
-320.3572307828604
-315.05293943499976
-309.1898004495057
-302.7674657871101
-295.7859012871405
-288.24480679571025
-280.14393368142385
-271.4829271057005
-262.26163137326495
-252.47969652437044
-242.13668533323414
-231.23227398145556
-219.76601647324063
-207.7375008767836
-195.14608233617665
-181.99126751794876
-168.27254770190137
-153.9891327696087
-139.14020132281786
-123.72517346825062
-107.74280720830433
-91.19222342649546
-74.07217814528175
-56.3812637750254
-38.117924539935366
-19.280205230442444
0.13448266215985444
20.12900351847041
40.70798668855199
61.87926445622292
83.6573672804275
106.05688356992236
129.08731732755555
152.75485310458888
177.0632525098615
202.01419081193373
227.6080444029062
253.84411723758942
280.72121776667444
308.2376439061472
336.3916864925903
365.1812743157439
394.6045096870897
424.6593345304928
455.3438780409443
486.6561744443542
518.5944202441625
551.1568444893238
584.3416891928268
618.1472588082812
652.5720967251821
687.6146535797499
723.273408013955
759.5470143898707
796.4341298524402
833.9334613225028
872.0437810892183
910.7638938553264
950.092729705969
990.0290493177343
1030.5719372696071
1071.720310492457
1113.4732458108701
1155.8297337196545
1198.7889140303082
1242.3498984807543
1286.5118428031462
1331.273880189585
1376.6352830079288
1422.5952633128602
1469.1530814000305
1516.3080122048984
1564.0593166743479
1612.4063700288673
1661.3485038674407
1710.8851105746858
1761.0155418462743
1811.7391938431879
1863.0554926418847
1914.9638805129055
1967.4637853046015
2020.5546616929096
2074.2360173988477
2128.5073017804866
2183.368066432416
2238.817779825411
2294.856040402784
2351.482291176435
2408.6960982620235
2466.4971540665692
2524.884871002235
2583.8588962910785
2643.4188332725607
2703.564190443173
2764.294727506345
2825.6099654611744
2887.5095512652474
2949.993108239693
3013.0603135366596
3076.7107847227935
3140.944153276468
3205.760166597778
3271.158414272129
3337.13862741658
3403.700472498759
3470.8436115327504
3538.567795688636
3606.8726748394943
3675.7579865482103
3745.2234330348083
3815.268723672545
3885.893636395053
3957.0978368160213
4028.8810813121945
4101.243127187568
4174.1836943677545
4247.70256095334
4321.799461552878
4396.474181065866
4471.726473636803
4547.556111995795
4623.962908416642
4700.94662794264
4778.50708281778
4856.644064047681
4935.357404146258
5014.646923436024
5094.512437775766
5174.953764653043
5255.97076671043
5337.563288539105
5419.731179122413
5502.474326239733
5585.7926031230145
5669.685859301675
5754.154006219051
5839.1969802003305
5924.814674877068
6011.006987368623
6097.773902059357
6185.115348138645
6273.03129658123
6361.521705147668
6450.586628208759
6540.22600852596
6630.439895365815
6721.228365889295
6812.591465046298
6904.529266114005
6997.0419191316805
7090.129547900074
7183.792323470006
7278.030473361064
7372.844209883093
7468.233836538451
7564.199696032892
7660.7421367411025
7757.861621084807
7855.558657593539
7953.833730964867
8052.687605909016
8152.1210056219425
8252.134754112774
8352.729892892898
8453.907547532657
8555.668998949415
8658.015795967818
8760.949640501767
8864.472618622689
8968.587076247662
9073.295807643915
9178.602083922431
9284.509798516925
9391.023628674246
9498.149143784545
9605.893126789098
9714.263863748205
9823.271632144817
9932.929231114145
10043.252799788017
10154.262943598196
10265.986368559672
10378.45782032114
10491.722909493817
10605.840786555582
10720.885027963335
10836.932180913887
10954.00211958284
11071.81873936149
11189.05236598412
11302.388551572418
11410.239020133055
11517.537849259383
11627.857377323431
11741.04843531841
11856.292202228839
11973.024338281726
12090.91588869563
12209.773947673955
12329.480378819399
12449.959236157896
12571.159364606558
12693.045190138428
12815.591019283886
12938.777795704946
13062.591061895186
13187.019638393444
13312.054731760809
13437.68930576476
13563.917634887264
13690.735091928167
13818.137762299755
13946.122366718348
14074.68622176847
14203.826970414155
14333.542642967132
14463.831544266379
14594.692240483779
14726.123500539106
14858.124153371433
14990.69332280695
15123.830113840128
15257.53378487778
15391.803783566784
15526.639481575825
15662.040373834066
15798.006055151502
15934.536113374774
16071.630177034227
16209.287935378014
16347.509137614577
16486.29348430306
16625.64075365869
16765.550704640766
16906.02316890542
17047.057923547298
17188.654832138523
17330.813758921406
17473.534520045003
17616.81703162076
17760.66112478035
17905.066690986987
18050.033670131495
18195.561900149984
18341.65132737037
18488.30184568729
18635.513373281083
18783.28581849086
18931.6191076934
19080.51318788171
19229.9679317866
19379.98338413125
19530.559436260577
19681.69603047228
19833.393078716676
19985.65053069327
20138.468359796516
20291.84651039438
20445.784922547136
20600.283556148315
20755.342358309237
20910.96128417465
21067.140336380726
21223.879445509283
21381.17861615103
21539.03777973183
21697.456882887418
21856.43592651256
22015.97480931517
22176.073495435387
22336.73206107422
22497.950493055763
22659.728701696073
22822.066638409204
22984.964222578685
23148.421496805797
23312.438540858373
23477.01529370515
23642.15161348588
23807.847405577628
23974.102794993814
24140.917896254065
24308.292566607106
24476.226542878063
24644.719952081876
24813.773101226252
24983.385799490985
25153.557621590742
25324.288765747282
25495.579717010187
25667.430013801182
25839.839215576452
26012.80795174724
26186.336470520764
26360.423815586375
26535.070210203085
26710.276580135487
26886.041948792554
27062.365914722217
27239.249900455598
27416.69309613341
27594.694552013727
27773.25610599909
27952.376861059915
28132.05564674707
28312.294788689844
28493.09274823783
28674.448797963872
28856.3655246373
29038.840300347783
29221.873755221877
29405.467860483088
29589.61904004294
29774.33035454606
29959.60102724646
30145.4288989509
30331.81817003507
30518.76431699294
30706.270171753196
30894.335877610356
31082.958119425515
31272.142358188663
31461.882571489106
31652.183619441676
31843.043095351197
32034.46018392408
32226.43886000642
32418.972605751853
32612.06936331758
32805.72097939316
32999.93459882725
33194.70495181398
33390.03482898604
33585.92416085073
33782.37025028677
33979.37828623866
34176.94090020444
34375.06722613874
34573.74675723944
34772.99098200426
34972.78773523028
35173.14951544897
35374.063618774904
35575.542939900624
35777.57438587862
35980.17120445435
36183.31987995582
36387.03422772877
36591.3000647823
36796.13206066713
37001.51492176021
37207.46461298191
37413.96447247088
37621.03175679635
37828.64875714213
38036.83333049973
38245.56793824382
38454.86911857724
38664.72215641411
38875.13904357072
39086.1114251958
39297.64306926242
39509.735568790944
39722.381539393944
39935.59407668293
40149.355075951935
40363.68611911581
40578.56440185655
40794.011112043205
41010.0098203509
41226.569284771664
41443.69041939333
41661.36216477759
41879.60422495353
42098.39173867404
42317.749611832325
42537.658709848954
42758.12730889248
42979.16074627892
43200.74078750105
43422.89385572504
43645.59311965852
43868.85711645957
44092.68228304135
44317.055222965864
44542.001990801815
44767.493500991695
44993.55011632589
45220.16917339029
45447.33372172304
45675.07323070912
45903.35931885307
46132.205182444086
46361.62010769614
46591.57653457823
46822.10572050125
47053.19040905487
47284.82335183391
47517.032640575606
47749.78631737643
47983.09973292502
48216.98476611866
48451.40979879165
48686.404698907005
48921.96287077622
49158.06223645455
49394.73751741452
49631.96809140974
49869.74381637013
50108.09801105113
50347.001555472154
50586.45448361307
50826.486424261675
51067.06407112198
51308.19414104521
51549.903284088454
51792.15629125812
52034.96297155211
52278.34900174739
52522.27872327333
52766.761243711015
53011.823970477715
53257.43180370583
53503.589509618134
53750.328323922164
53997.615848275884
54245.44855735764
54493.86223602502
54742.83090372701
54992.339427395615
55242.42599009464
55493.07657103786
55744.26324323175
55996.02052835706
56248.35207367531
56501.22071868562
56754.647694085594
57008.656612800376
57263.21131110794
57518.31013287333
57773.99056179744
58030.2326851507
58287.01000500203
58544.356835847604
58802.28192604052
59060.74663031623
59319.760708308175
59579.358534457635
59839.515043552936
60100.20653518326
60361.46785615428
60623.30911977669
60885.691830902484
61148.61936328063
61412.12935218859
61676.206302858365
61940.81741469425
62205.98744178417
62471.742617957905
62738.051838836436
63004.89602193099
63272.310465853436
63540.307177289425
63808.8490078789
64077.929850169254
64347.587938921904
64617.824215698805
64888.600762130314
65159.920042980026
65431.8199613193
65704.29547306063
65977.30937287629
66250.86759072996
66525.00737133525
66799.7226982733
67074.97666265002
67350.77384199126
67627.15148124969
67904.10719209918
68181.60405003709
68459.6406711761
68738.25399165197
69017.4497413516
69297.19238348305
69577.47045306605
69858.31760922256
70139.75125771186
70421.74173389275
70704.26527826868
70987.3460153932
71271.01346480584
71555.25122968777
71840.02572071721
72125.3434724154
72411.24004150495
72697.71989690959
72984.74953797113
73272.31299580491
73560.4379400589
73849.15040781921
74138.43283976708
74428.25280159924
74718.61416099191
75009.55108167496
75301.0742832846
75593.15502237676
75885.76937781
76178.93451730991
76472.68268808225
76767.01266761747
77061.89235566955
77357.30585787965
77653.27673336987
77949.83358058981
78246.9689339329
78544.6506623089
78842.86707613185
79141.64324233442
79441.00588683241
79740.9467817056
80041.43447043038
80342.456823382
80644.03720556648
80946.2031822031
81248.94998180121
81552.24761231235
81856.07953952909
82160.46386975574
82465.43013927387
82770.98167325936
83077.09220312179
83383.73858424416
83690.92906465927
83998.693225078
84307.04572312874
84615.96916473727
84925.43537494515
85235.4382251906
85546.00093007568
85857.14874962883
86168.87989874784
86481.16837314122
86793.99324038197
87107.36203472191
87421.30224507162
87735.83068266425
88050.93549794839
88366.58958239848
88682.77943197312
88999.51948530352
89316.8367369582
89634.7421207486
89953.21982193111
90272.24390499092
90591.8045217941
90911.91776656955
91232.60946100624
91553.88915484663
91875.74132562809
92198.14096617534
92521.07748756962
92844.56481046395
93168.62806103009
93493.27948019907
93818.50749317331
94144.28798240742
94470.6060767297
94797.46986768873
95124.90270033483
95452.92226733145
95781.52485694797
96110.68943848692
96440.3959281124
96770.64233739281
97101.44643461556
97432.83050897943
97764.80231943846
98097.34923171894
98430.44905196788
98764.08804803801
99098.27193977074
99433.02134694156
99768.3549236721
100104.27468043595
100440.76496090785
100777.8049234524
101115.38427619672
101453.51117666329
101792.20595088895
102131.48554047006
102471.35092290933
102811.78702942896
103152.77393788336
103494.3011419695
103836.37499280254
104179.01414774964
104522.23615696876
104866.04507560545
105210.4292398302
105555.36958606806
105900.85247920055
106246.87882529451
106593.46344170367
106940.62503936428
107288.373718314
107636.70465171493
107985.6017327008
108335.04793806637
108685.03596152131
109035.57273322396
109386.67511964124
109738.35917700217
110090.63024462557
110443.48019897315
110796.89263547257
111150.85263276836
111505.35549112107
111860.40939125937
112216.03065564283
112572.23400755532
112929.0241987284
113286.39370633758
113644.32727083801
114002.81040971515
114361.83721936052
114721.41363074366
115081.55409079087
115442.27361122696
115803.57971901819
116165.46868526423
116527.92793935735
116890.94263360107
117254.50318357887
117618.61006817283
117983.27356058874
118348.50850451295
118714.32671470045
119080.7312760327
119447.71529902358
119815.26558937824
120183.36901687716
120552.01855889591
120921.21657376795
121290.97373488947
121661.30391603208
122032.21768194795
122403.7175607917
122775.79722401468
123148.44456524577
123521.64706908283
123895.3972732993
124269.69588440664
124644.55146181512
125019.97673615527
125395.98300895673
125772.57537589403
126149.7508682075
126527.499965455
126905.81060546577
127284.67298933066
127664.08349098479
128044.04603211829
128424.57053694753
128805.66888917422
129187.3503029733
129569.61767536128
129952.46680927965
130335.8882801891
130719.87094285028
131104.40618190842
131489.4908006766
131875.12827918955
132261.32753039792
132648.09958771174
133035.4534913221
133423.3931722129
133811.91626442375
134201.01517748204
134590.6797951719
134980.9008979783
135371.6732142559
135762.99716802998
136154.87871952218
136547.32737966065
136940.35291532514
137333.96221771938
137728.1571175112
138122.93403589836
138518.2852821304
138914.20150023556
139310.67460806962
139707.70015258316
140105.2786863205
140503.4155879017
140902.11939440868
141301.39916723373
141701.26179148548
142101.70996022705
142502.74163259525
142904.35076417954
143306.5290969391
143709.26850806535
144112.5632498194
144516.4114800825
144920.81578197435
145325.78245470917
145731.3197115737
146137.43541824308
146544.13502405057
146951.4200896049
147359.28814400214
147767.7334004128
148176.74833889084
148586.32564748643
148996.45995574025
149407.1492499162
149818.39527765213
150230.20315583458
150642.58009682773
151055.53350753261
151469.06927592756
151883.19031955174
152297.89606197525
152713.18264334346
153129.044012791
153545.4732318183
153962.46415269107
154380.01271381153
154798.11785767163
155216.78177363198
155636.0093642507
156055.8071829834
156476.18190186544
156897.1388600322
157318.680983441
157740.80819184
158163.51758311852
158586.80411454177
159010.66167453554
159435.0843839834
159860.06768733283
160285.60930766765
160711.70971292004
161138.37196632542
161565.6011268904
161993.4032325996
162421.7840879771
162850.7481140288
163280.29757351326
163710.4321610323
164141.14924111142
164572.44432682442
165004.31203370215
165436.7470214461
165869.74493044804
166303.30318480887
166737.42144510106
167172.10164373575
167607.3476677036
168043.16456577874
168479.55778072856
168916.53209860358
169354.09085574304
169792.2353668111
170230.96489715792
170670.27677555606
171110.16688438226
171550.63042778915
171991.66265629578
172433.25965615723
172875.41897327825
173318.13993695812
173761.4238147773
174205.27361097667
174649.69353000366
175094.68838185843
175540.2627726449
175986.42038788347
176433.16350718736
176880.49270595086
177328.40675932975
177776.90293444367
178225.97745907164
178675.62610330182
179125.84469684213
179576.62979655163
180027.97909387713
180479.8918192274
180932.36872543886
181385.41224250893
181839.0258317393
182293.21359787023
