7.902014994841077e-6
0.0054632828582320166
0.010920209432892547
0.016380275991051692
0.02184495889485722
0.0273157393093402
0.03279490475861224
0.038283871513621455
0.04378469824607867
0.04929899321461446
0.05482870691185609
0.06037581478156608
0.06594244890947862
0.07152992804166575
0.07714110989786323
0.08277875036296081
0.08844524154034818
0.09414332036652516
0.09987591553814114
0.10564600576941423
0.11145738684369014
0.1173139494247539
0.12321983502601118
0.12917981222649338
0.13519916385309697
0.14128375560450157
0.14744067541317363
0.15367765151542404
0.16000407709737327
0.16643100139752567
0.1729717160236051
0.1796426967500848
0.18646494286596457
0.19346617398552077
0.20068495183010618
0.20817910904247292
0.21604819828129054
0.22453683650717599
0.23662334097372226
0.2587256221333355
0.2883516920781702
0.3213460231289074
0.35528974088125376
0.3889074457529349
0.42156256748943727
0.4529812916459417
0.48308991240683463
0.5119194127023908
0.5395512486157287
0.5660871352535772
0.5916329190107531
0.6162907254686943
0.6401547685295104
0.6633103353900387
0.6858331436138423
0.7077904789819863
0.7292414512864408
0.7502387920303316
0.7708271135827551
0.7910471198677698
0.8109342770679593
0.8305201151997623
0.8498321522160555
0.868894828812799
0.8877299459443981
0.9063568554815485
0.9247926924751548
0.9430530407704185
0.9611516331768645
0.9791009496532388
0.9969120597758268
1.0145951354602067
1.0321591954870173
1.049612540957103
1.0669626134782813
1.0842161378882451
1.1013794411148303
1.1184581267631848
1.135457387086154
1.1523818817207248
1.1692360902337429
1.1860239581351886
1.2027491848709315
1.2194151406393683
1.236024969372652
1.2525816000417218
1.2690878771492218
1.2855459434011078
1.3019582340280262
1.3183269014192347
1.3346539691502473
1.3509413119343203
1.367190629969199
1.3834036467357367
1.399581929092781
1.4157269361815479
1.4318398958017293
1.4479222311356246
1.4639751240088759
1.4799996871837144
1.495996977967368
1.5119680523432129
1.5279139209114718
1.5438354284527838
1.559734941304854
1.5756102367356357
1.5914656312463769
1.607298166006645
1.6231115762221613
1.638904844772313
1.6546802198265376
1.6704377775726582
1.6861776597092877
1.70189811272537
1.7176024604690054
1.733291119816663
1.7489641093797132
1.7646217384894056
1.7802644006580364
1.7958927280478372
1.81150746167523
1.8271098843215516
1.8427014114971707
1.858283993202528
1.873858730878323
1.8894299216489476
1.9049999306104093
1.92056736931423
1.9361444425325318
1.951727917847208
1.967323374475672
1.982936117887767
1.9985717039247377
2.0142337932263756
2.029928566048909
2.045660620620079
2.061439829175512
2.0772704893713496
2.0931602329708614
2.1091174881887356
2.125149710786174
2.1412653183755355
2.157474669860629
2.173786574610227
2.1902122851388146
2.2067629922220773
2.2234505842872547
2.240287250674691
2.25728949898134
2.27447154325245
2.29184908195559
2.3094406468359248
2.3272684367479086
2.3453558266725576
2.3637206027477133
2.3823989478125656
2.401412837956341
2.420802883640223
2.4405985960272956
2.4608495439097005
2.481600951398212
2.5029058283444945
2.5248261046285605
2.547431093468093
2.570799326455743
2.5950226344172713
2.620204198424844
2.6464582147212248
2.673916477989964
2.702750354430836
2.733143426261323
2.765291342474741
2.7994744076798947
2.8359658850213725
2.8751400242269587
2.917401145735736
2.963273424028018
3.013360118372641
3.068416804989573
3.1293644857379133
3.1973458010643308
3.2737964747868964
3.3605296691970103
3.4598683138979305
3.5748314593967323
3.709397212861266
3.8688861574494826
4.06055845954928
4.294519209474417
4.585168791291894
4.953587315270932
5.431585973158899
6.068918501760259
6.946552817009879
8.20228489589871
10.081447401925963
13.035609565909484
17.874482228308743
25.681876888613957
35.96276157582433
43.60868385090647
45.289975143967304
43.64902138484029
41.1298132784461
38.611750293071445
36.316666927097465
34.27143832265497
32.45301279094441
30.82985115393864
29.372624194980528
28.056595740418633
26.86145593762353
25.770684579612574
24.770667226354014
23.850216710114683
22.999962664389802
22.212099627464553
21.480006028258842
20.798018617814655
20.161274133731723
19.565559687468173
19.007174494984646
18.482859768432874
17.989764199986226
17.525316816231136
17.087230966104812
16.673486701577467
16.28227420858738
15.911899966786873
15.560892923133158
15.227882350275634
14.911628893554312
14.611014073860892
14.325024820944881
14.052721616211144
13.793233618879016
13.545819750527201
13.309728745697758
13.084288330624243
12.868922102363237
12.663051615970154
12.466162989084939
12.277752762303843
12.097388608242985
11.924647781647387
11.759149155118779
11.600524186382376
11.448431258462636
11.302573754017612
11.162644959321902
11.028371093456467
10.89949341923671
10.775781854766965
10.656996676840748
10.542915358587484
10.433344398321411
10.328088320056906
10.22696668816875
10.129804357742405
10.036458016803982
9.94666668087244
9.86042183536702
9.777549135607691
9.697919476606078
9.621400216010052
9.547856524179105
9.477197589645677
9.409297835299855
9.344059772876037
9.281387203159277
9.221187752384482
9.16337851763205
9.107876768199183
9.054591551773346
9.003430930653778
8.954306861873922
8.907153790105266
8.861931202452915
8.81860414713117
8.77710847435515
8.737352210184646
8.699226427884438
8.66267530265436
8.627722264051163
8.594385446321212
8.562582098919851
8.532137864991341
8.502974498295663
8.4752144868477
8.448929594196402
8.423938553712812
8.399999593566557
8.377203319513068
8.355826325949916
8.335697342210612
8.316400082686101
8.298091528923646
8.28121255889712
8.265415781619929
8.250188440441018
8.236053079507412
8.223369636722163
8.211289348843316
8.199756360434073
8.189752846015853
8.180658355310879
8.171697287018777
8.16413953893899
8.15779087604115
8.151289763039266
8.146087962143477
8.142263453741954
8.138020590840032
8.13518669371533
8.1336658213975
8.131465866671672
8.131108063771268
8.13155829845225
8.131338378546179
8.133569466856933
8.135469944513028
8.137558764662437
8.142085323079328
8.145044151738984
8.15013344672286
8.15582077218516
8.160550257001026
8.168494199231088
8.174331224961822
8.182573489482168
8.191103227392809
8.19880496320905
8.209848372398437
8.217937301268803
8.230038665392346
8.23998936457562
8.251873759584145
8.26446003894982
8.275825441213115
8.290817435513706
8.302192516769772
8.31879159778892
8.330984358418695
8.34841184994324
8.36207646593259
8.379790744829286
8.395249030794774
8.413035772795485
8.430336258662175
8.448205567649884
8.467198852305925
8.4853313422367
8.50580692372488
8.524391760006232
8.546096174415105
8.56533418308733
8.58804589011707
8.608235303100756
8.631616723592543
8.653035080554805
8.676746584362643
8.699763193249384
8.723386805948888
8.748407787421671
8.771531348619828
8.79891607048711
8.821272981981307
8.851106541375588
8.87281497123126
8.904667855814198
8.92651087889128
8.959193090974274
8.982721269330169
9.014393503636233
9.04154831067311
9.070433890986239
9.10249831287565
9.1281646908169
9.164408168092967
9.18891108647013
9.22600899268788
9.253564251158336
9.287126735370116
9.321358871282662
9.34959215647985
9.389654310694203
9.416350834674875
9.45602056988671
9.488458775992928
9.521495256070498
9.562721176451175
9.590858674962305
9.634234069460026
9.667280108456621
9.703125108174834
9.7467361472219
9.776320915766085
9.82186779173289
9.858107689959848
9.893765050506687
9.941388613226426
9.972566834821057
10.017452129073229
10.06007856864355
10.092957945875362
10.143443433487931
10.17971266097791
10.218894153674393
10.269622030495958
10.302304044462675
10.348420758759291
10.395960922605136
10.428570578525253
10.479863899439135
10.523344237515689
10.558171192048803
10.612450177640984
10.652570986004308
10.69036078915482
10.7460688391358
10.784035488197079
10.824472503168728
10.880930948182138
10.917860808781796
10.960056006304933
11.017224900436933
11.054040900392252
11.096854838144033
11.155017713733757
11.192601866165552
11.234797713131979
11.294178057290969
11.333618424162081
11.373999100156869
11.43435832953983
11.477132285287029
11.514850329788137
11.575079551629758
11.622968615786377
11.658100423467971
11.715941265391159
11.770419707149303
11.804739813427204
11.857098187866123
11.9180726771662
11.955503440614079
11.999852450405143
12.064161300969014
12.109854078825087
12.146723411088512
12.207854291965837
12.265088502450965
12.300255248460903
12.351107177257644
12.41696250828335
12.460281438488664
12.499171585153054
12.563121514893705
12.6215376316366
12.657249516259334
12.707680616547876
12.776046098940725
12.823769250837412
12.86062393042282
12.922008652367259
12.987627402266481
13.027698354056707
13.070570249261952
13.138800193656474
13.199025793462503
13.235697162626563
13.285303784289328
13.356716543446568
13.412164729668255
13.448244746548564
13.503100125502293
13.575836615287221
13.628500824173873
13.665022542484557
13.722922166775671
13.79659773456249
13.848775305875918
13.885658470810359
13.9442788683265
14.019188574443662
14.07328046360767
14.110232029216029
14.167135046260269
14.243333132610285
14.301867360522364
14.339291078288802
14.391958477145424
14.468318587806252
14.533703196761758
14.5736290869886
14.620070923382283
14.693542017755373
14.766979727005882
14.81352312091787
14.85381019328684
14.919507587927708
14.999019301211018
15.057397790228462
15.095805888381975
15.149236703897392
15.227912124207522
15.300812713844326
15.346533577387419
15.388270852288452
15.455738309543733
15.537991940886462
15.60091227882551
15.64106659780408
15.690805800582293
15.767801214433879
15.848445244290408
15.903745177065641
15.943317032841154
16.000439558188468
16.082598474448098
16.16094733191829
16.212332765744915
16.253020187079933
16.31465637219077
16.39940483107156
16.477282067200814
16.528061102601352
16.56950094461917
16.63221091496741
16.718098404817894
16.798189153605666
16.851425272306503
16.892850794340386
16.953089414022163
17.038395086654273
17.123039102033843
17.182282062449133
17.224133559504633
17.278657433351427
17.360103915862705
17.449820078938522
17.519161354306178
17.56466223423477
17.611961239383476
17.684453365115143
17.775971735725395
17.858275582004385
17.91406887693101
17.95718242761383
18.015999969897287
18.101094174324246
18.19385938202266
18.267277977284838
18.316116483128923
18.362479558369646
18.43104726631783
18.522739694517114
18.61411572011237
18.682212638497337
18.72899525359266
18.778823546677906
18.852828843321284
18.947611965559602
19.03901133901247
19.106427442618884
19.153641902543278
19.20460885774541
19.279447526631937
19.375331845417925
19.469471112083983
19.540897983355663
19.59057643688363
19.64014021647156
19.711154493700093
19.805565524614796
19.90427198644521
19.98443046363526
20.040215286960667
20.087872946718242
20.150733961434625
20.238778986173447
20.34049773974932
20.432824668583535
20.500899176684225
20.550828006663565
20.60401993929425
20.679007632624938
20.776545143818062
20.879311989877582
20.965913329053862
21.028213454212533
21.077797164255777
21.13623650300235
21.218054102326235
21.319902185487088
21.423354090429527
21.508899006975298
21.57087146097456
21.621585382851805
21.681634005804284
21.764631187789053
21.867692345440265
21.973741001879613
22.063710125922434
22.13023137737716
22.18279982234677
22.240634142515027
22.31914901013015
22.419728509052412
22.529084372847077
22.62818476406369
22.705052333534923
22.762795329779273
22.817226634903026
22.886142442890474
22.97795932453959
23.086762442423588
23.196100288413984
23.289340734262804
23.36014952371371
23.416361879979075
23.474755570113814
23.550615357418156
23.64877690413935
23.76108210837769
23.871233218665697
23.964337341325948
24.035688799880255
24.093383370240392
24.153304392437548
24.22991383876542
24.328354114376683
24.441916880554526
24.5557836349045
24.655106558209724
24.733170453131493
24.794953214345753
24.85416128662532
24.92572132746164
25.018034561014733
25.12896009605492
25.24706512711272
25.357402393552835
25.449123840034876
25.520993800985003
25.581795537656276
25.645752242799038
25.725385839812585
25.82564429677536
25.94188436156849
26.062067156915177
26.172444898746868
26.264034107558032
26.336810742109705
26.399556890589253
26.465546848301567
26.54646252597946
26.647349228836525
26.76460355781931
26.887680551279413
27.003627003980473
27.10273947761028
27.18275634641427
27.249711216856465
27.31514539045599
27.391096327852363
27.485212898171227
27.59782884963289
27.722003293785015
27.846317943931968
27.959423943449366
28.05459485531439
28.132375231503005
28.200207558754677
28.26932901041742
28.350362982543714
28.44940385640512
28.565916014266893
28.693080321345047
28.8203470060768
28.937181741248327
29.0370619736281
29.119763902557878
29.191336208321346
29.261754296853344
29.341284800463306
29.43697599615571
29.550400357397827
29.67727118189643
29.80891639596863
29.935193905131666
30.047890433608735
30.14345177543146
30.224124289357725
30.297068494350253
30.371866603503083
30.45741752055266
30.55921158657851
30.677750878172244
30.808507912130015
30.943359687300443
31.07305362953096
31.190026198462263
31.2907076323807
31.376556368838056
31.4535019203276
31.530053844232405
31.614747282693553
31.71373040134253
31.829139582238074
31.958607915097538
32.09599902724066
32.233093035601414
32.36186807663889
32.47670968251897
32.5759586533938
32.66228734434095
32.74186884914615
32.82261982164089
32.91206986107665
33.015467738145084
33.134524331770514
33.26708898116379
33.40774144068997
33.54914413213406
33.68388697495849
33.80631148107233
33.91395352394098
34.00807058384139
34.09326732660738
34.17627338727011
34.26427954143777
34.36323806473773
34.47658051797504
34.60449883761224
34.743969961960524
34.889479867352655
35.03426706427569
35.17181669213538
35.297353453329066
35.40887563432803
35.50757009405585
35.59747588527173
35.68451692687819
35.77518546602326
35.875151334351024
35.98814686504334
36.1152591706713
36.254780312602975
36.40259003562282
36.55299875267923
36.69988973015133
36.8379411920664
36.963694953217185
37.076244086425675
37.17735154980932
37.2710418585201
37.362751729562454
37.45825849443139
37.56258876222239
37.67912304615005
37.8090343825488
37.95112510837331
38.10210049721178
38.25715055768231
38.41082827457025
38.558022133212155
38.69484728926852
38.81937872842267
38.93190154758608
39.03490972802898
39.13250414644628
39.22970985223805
39.33158578585057
39.44238318212233
39.56488878614498
39.70001343189936
39.84671199667198
40.00213712509224
40.16214270151727
40.321935160383475
40.47683623677186
40.62302205892699
40.75812980964018
40.88160250876563
40.99476626829472
41.100569984452875
41.20307957321909
41.30684553238824
41.41620028863594
41.53464879449952
41.66437417480491
41.80598599917777
41.958453719350686
42.11926804586786
42.284831505997246
42.45092339724101
42.613354871833934
42.76851062228462
42.91386097376192
43.04832567974263
