0.0003257373415940003
0.00039606490766863774
0.0004816118998464214
0.0005856882942556432
0.0007123313499640125
0.0008664683845636903
0.0010541178811548186
0.0012826367464670104
0.0015610266968549803
0.0019003130527599484
0.0023140144005586397
0.002818725257890385
0.0034348384551258233
0.004187441951731475
0.005107429232359426
0.006232872596411011
0.007610718071267658
0.009298871514662823
0.011368761566124225
0.01390848116491053
0.017026638261795807
0.020857077994228958
0.025564675040314327
0.0313524459818455
0.03847030164677263
0.04722581684982848
0.05799749327404282
0.071251089574972
0.08755973661600186
0.10762869651785933
0.13232584840959885
0.16271921049640048
0.20012312111505023
0.24615508047103665
0.30280570600578804
0.37252483033156597
0.4583274690976313
0.5639242452628654
0.693881917172704
0.85382096652916
1.0506588076994838
1.292909165504783
1.5910506074506572
1.9579802340081705
2.4095722369958192
2.965365624782311
3.649411064774311
4.49131377909232
5.527518065814004
6.802889695826475
8.372665665027286
10.304857181593603
12.683212131878872
15.6108686046793
19.2148626215982
23.65169266733672
29.11419301775832
35.840029923397786
44.122212939971156
