0.10073018823584691
7.441167339953221
10.786983523661506
13.41922230882044
15.679987425123366
17.703073498586097
19.55745631257896
21.284232218202998
22.910218591702673
24.454051770543252
25.92929617005825
27.3461814926272
28.712642642624665
30.034976724753044
31.31827654909522
32.566727091475684
33.78381440368523
34.972476643251305
36.13521568538128
37.27418268728156
38.39123624835747
39.488002320809045
40.565906877149686
41.62620915934603
42.67002706483941
43.698357812952544
44.712094917647775
45.71204225263458
46.69892577867641
47.6734033994069
48.63607329526784
49.58748101145979
50.52812551895495
51.458464425199075
52.37891847411124
53.28987545086578
54.191693575886454
55.08470449898417
55.96921588627984
56.8455137332866
57.71386439444445
58.574516384104534
59.42770197910989
60.2736386455207
61.11253031502188
61.944568528122026
62.76993346121326
63.58879485059806
64.40131282590967
65.20763866426023
66.00791547243016
66.80227880532091
67.5908572296277
68.37377283501853
69.15114170250466
69.92307432962637
70.68967602141818
71.45104724745016
72.20728396938873
72.95847794248259
73.70471699145213
74.44608526590167
75.18266347444919
75.91452910180584
76.64175660889507
77.36441761735645
78.08258108138394
78.79631344589073
79.50567879381614
80.21073898261515
80.91155465072988
81.60818171712498
82.30067705887154
82.9890948138595
83.67348744656158
84.35390583690247
85.03039936302568
85.70301597925838
86.37180228885632
87.03680360936113
87.6980640400112
88.35562651795236
89.00953287560046
89.65982389225715
90.30653934308602
90.94971804592933
91.5893979035323
92.22561594495242
92.8584083637273
93.487810553901
94.11385714387245
94.73658202818264
95.35601839873084
95.97219877170053
96.58515501604417
97.1949183771973
97.80151950246982
98.40498846077038
99.00535477251356
99.60264741862089
100.1968948670519
100.78812508821518
101.37636557336832
101.96164335125296
102.54398500256183
103.12341667555057
103.69996409976918
104.27365259947648
104.84450710625802
105.41255217137596
105.97781197665057
106.5403103462251
107.10007075613939
107.65711634546531
108.21146992399822
108.76315398339203
109.31219070413532
109.85860196504008
110.40240934991019
110.94363415660803
111.48229740285996
112.01841983379278
112.55202192906958
113.0831239083632
113.61174573849412
114.13790713761152
114.66162758295489
115.18292631459755
115.70182234163427
116.21833444658638
116.73248119017278
117.24428091654154
117.75375175724389
118.26091163529289
118.76577827025199
119.26836918037215
119.76870168887856
120.26679292480664
120.76265982977358
121.2563191578394
121.74778748253699
122.23708119680444
122.72421651635173
123.2092094844672
123.69207597430298
124.17283169071618
124.65149217412059
125.12807280331748
125.60258879613836
126.07505521518506
126.5454869674495
127.01389880954603
127.48030534800147
127.94472104318945
128.4071602119346
128.8676370298746
129.32616553263045
129.78275962026052
130.23743305799047
130.69019947855375
131.14107238432481
131.59006514953364
132.03719102066418
132.48246311956453
132.92589444381133
133.36749786813888
133.8072861463801
134.24527191260236
134.6814676811372
135.11588585309315
135.54853870779084
135.97943898799693
136.4085975406616
136.83602692964317
137.26173898422888
137.6857454245055
138.10805786237512
138.52868780270478
138.94764664468246
139.36494568466262
139.78059611448626
140.19460902558635
140.60699540892682
141.0177661571289
141.42693206388802
141.83450382534076
142.24049204367532
142.6449072261672
143.04775978819225
143.4490600532166
143.84881824993258
144.2470445191223
144.64374891286283
145.03894139549973
145.43263184368814
145.82483004870048
146.21554571698465
146.60478846979967
146.99256784569522
147.3788933013924
147.76377421168485
148.14721987110102
148.52923949330645
148.90984221492155
149.28903709315128
149.6668331077583
150.04323916195128
150.418264082961
150.79191662226367
151.16420545705202
151.53513918990802
151.9047263489649
152.2729757681515
152.6398960170213
153.00549486660506
153.36978054491192
153.7327612123203
154.0944449290594
154.45483969138877
154.81395342123227
155.1717939701699
155.52836910279837
155.88368652719512
156.23775389064278
156.59057878615175
156.94216875969454
157.29253131386335
157.6416739131855
157.98960398114966
158.3363288991878
158.68185600175596
159.0261925707633
159.36934583177867
159.71132294941134
160.05213102481173
160.39177710163727
160.73026815040927
161.06761107724054
161.4038127323736
161.73887990544702
162.0728193254971
162.4056376671442
162.73734154739788
163.0679375293998
163.39743212343595
163.72583178581246
164.05314292249957
164.37937188786236
164.7045249853131
165.02860846911975
165.35162854392985
165.67359136497168
165.9945030398747
166.31436962496707
166.6331971328385
166.9509915301272
