136.931949
136.93195115474455
136.93195377378154
136.93195695715409
136.93196082646207
136.93196552950712
136.93197124593826
136.93197819411427
136.93198663944472
136.93199690452815
136.93200938147487
136.93202454688486
136.93204298005335
136.9320653850988
136.9320926178592
136.93212571858388
136.9321659516692
136.93221485395665
136.93227429343793
136.93234654060907
136.93243435520017
136.93254109159247
136.93267082695087
136.93282851696506
136.9330201851493
136.93325315293126
136.93353631931933
136.93388050083084
136.93429884466636
136.93480733091226
136.93542538295546
136.93617660942647
136.93708970601273
136.93819955158926
136.93954854053771
136.94118820214612
136.94318116894775
136.94560356918694
136.94854793480008
136.9521267359922
136.95647667742463
136.96176392012123
136.968190428562
136.9760016854136
136.98549606858654
136.99703624880954
137.01106304308917
137.02811225323677
137.04883513266753
137.0740232632721
137.10463879261835
137.14185118649814
137.18708190070868
137.2420586784619
137.30888154749857
137.39010303789473
137.48882568475614
137.60882054025288
137.75467122197037
