3.925926959646176e-6
4.017605396910375e-6
4.11142472047408e-6
4.2074349286509035e-6
4.305687141482994e-6
4.406233779128197e-6
4.509128384191021e-6
4.61442577531392e-6
4.722182073181545e-6
4.832454735310451e-6
4.945302470737299e-6
5.060785448881262e-6
5.1789651623424244e-6
5.299904651540135e-6
5.423668307282267e-6
5.550322094904911e-6
5.679933511148401e-6
5.81257163994396e-6
5.948307164456256e-6
6.087212356591045e-6
6.229361282316654e-6
6.374829656940661e-6
6.52369509286601e-6
6.676036769547601e-6
6.831936016242991e-6
6.99147579055879e-6
7.154741157938936e-6
7.321819106280354e-6
7.492798692409199e-6
7.667770987776874e-6
7.846829290861446e-6
8.030068947960998e-6
8.217587655131138e-6
8.409485302181998e-6
8.60586416949034e-6
8.806828879738577e-6
9.0124865854076e-6
9.222946812627135e-6
9.438321715165059e-6
9.658726097952073e-6
9.884277431318237e-6
1.01150958319577e-5
1.0351304269756907e-5
1.059302879127806e-5
1.0840398035687177e-5
1.1093543942175226e-5
1.135260130523912e-5
1.1617708207515297e-5
1.1889005953583781e-5
1.2166639090392703e-5
1.245075557988175e-5
1.2741506755611768e-5
1.3039047650364316e-5
1.3343536770972433e-5
1.3655136411156495e-5
1.3974012564851763e-5
1.4300335121056465e-5
1.4634278193401653e-5
1.4976019429028489e-5
1.5325741208107156e-5
1.5683629722372248e-5
1.604987575259433e-5
1.6424674470367043e-5
1.6808225516497968e-5
1.7200733439941093e-5
1.7602407366170058e-5
1.8013461245646744e-5
1.8434114233734166e-5
1.8864590410882115e-5
1.9305119277555974e-5
1.9755935465651275e-5
2.0217279308189183e-5
2.068939676860724e-5
2.117253924234654e-5
2.166696413118946e-5
2.21729352887082e-5
2.2690722076308263e-5
2.3220600478898018e-5
2.376285272964571e-5
2.431776812893118e-5
2.4885642110269574e-5
2.5466777513558517e-5
2.6061483943794543e-5
2.667007833193916e-5
2.7292884916219266e-5
2.7930235974004522e-5
2.8582470706278715e-5
2.9249937084037676e-5
2.9932990722169458e-5
3.0631995379370404e-5
3.134732378934259e-5
3.207935742259738e-5
3.282848596257067e-5
3.3595109355891136e-5
3.4379635398802764e-5
3.518248258034396e-5
3.60040789588134e-5
3.684486212430824e-5
3.7705280273853245e-5
3.858579179697794e-5
3.9486866787017746e-5
4.040898461225166e-5
4.135263729309588e-5
4.231832774391761e-5
4.330657047891291e-5
4.431789219429519e-5
4.53528323556477e-5
4.6411941990846674e-5
4.749578634573003e-5
4.8604942828036425e-5
4.974000298741741e-5
5.0901571097450613e-5
5.209026721706389e-5
5.3306724795942943e-5
5.455159203094796e-5
5.582553282217168e-5
5.712922639001003e-5
5.846336750160178e-5
5.9828667860538e-5
6.122585484861769e-5
6.265567381415042e-5
6.411888709316475e-5
6.561627455798465e-5
6.714863530970582e-5
6.871678555925088e-5
7.032156206406744e-5
7.196382029796588e-5
7.364443611980244e-5
7.536430659761864e-5
7.712434777904042e-5
7.892549906251621e-5
8.076872081454654e-5
8.265499631031158e-5
8.45853317515773e-5
8.65607566104157e-5
8.8582325776944e-5
9.065111630651521e-5
9.276823200729496e-5
9.493480345191978e-5
9.715198592751334e-5
9.942096358195145e-5
0.00010174294646358493
0.00010411917321812601
0.00010655091335487284
0.00010903946322098055
0.00011158615338071951
0.0001141923416655436
0.00011685942033001915
0.00011958881280870101
0.00012238197872744522
0.00012524040700408325
0.00012816562549508294
0.00013115919698448541
0.00013422272065422803
0.00013735783348951583
0.000140566209783332
0.00014384956470981085
0.0001472096537870817
0.00015064827277060786
0.0001541672613016743
0.00015776849902680344
0.00016145391336557728
0.0001652254761526036
0.00016908520412255157
0.0001730351634648647
0.00017707746794983387
0.00018121428145292874
0.00018544782100811402
0.0001897803520021652
0.00019421419606392118
0.00019875172705714493
0.00020339538092351974
0.00020814764435565274
0.00021301106853727407
0.00021798826028957436
0.00022308188989080487
0.0002282946944170936
0.00023362947096017823
0.00023908908714036722
0.0002446764747176839
0.0002503946380984771
0.00025624665285033603
0.00026223566843177227
0.0002683649086205126
0.0002746376721231714
0.0002810573438336125
0.0002876273809682322
0.00029435132740023706
0.0003012328122250212
0.00030827555453135345
0.0003154833591596755
0.0003228601214505796
0.00033040983516690345
0.0003381365882097804
0.0003460445663651798
0.00035413806322613113
0.0003624214670737741
0.00037089928026504636
0.00037957611171894303
0.0003884566860430743
0.0003975458412001881
0.0004068485334201504
0.00041636984258386307
0.00042611497479482077
0.0004360892593978794
0.0004462981682219027
0.0004567472991665447
0.0004674423929261029
0.0004783893366572679
0.0004895941619159042
0.0005010630535881093
0.0005128023504058659
0.0005248185561020959
0.0005371183390516812
0.0005497085353262451
0.0005625961538356711
0.0005757883953189384
0.000589292633528334
0.000603116436026048
0.0006172675802740711
0.0006317540302565415
0.0006465839718781158
0.0006617658082357375
0.0006773081591391185
0.0006932198778529003
0.0007095100565501153
0.0007261880412018823
0.0007432634210533037
0.0007607460540879088
0.0007786460812739703
0.0007969739040769425
0.000815740235384797
0.0008349560855223759
0.0008546327779816818
0.000874781963229042
0.0008954156265133858
0.0009165461094611695
0.0009381861121562499
0.0009603487144893641
0.0009830473972184564
0.0010062960461072554
0.0010301089737053172
0.001054500930177278
0.0010794871407774082
0.0011050833055310009
0.0011313056411981672
0.0011581708738907749
0.0011856962931594856
0.001213899758523485
0.0012427997294932012
0.0012724153037772712
0.0013027662407943878
0.001333872984450375
0.0013657567002679947
0.0013984393427189132
0.0014319436433654698
0.0014662931863280244
0.0015015124387479217
0.0015376268080003286
0.0015746626830402729
0.0016126474601181515
0.0016516096683577219
0.0016915789574465264
0.001732586191086357
0.0017746635215216751
0.0018178444338480724
0.0018621638638989639
0.0019076581909127554
0.0019543654130971208
0.0020023251791400423
0.002051578881790335
0.002102169791095913
0.002154143027617575
0.002207545829124453
0.0022624274865366435
0.0023188395339952417
0.002376835770862084
0.002436472426966463
0.002497808161423732
0.002560904160939301
0.002625824213026002
0.0026926346709950895
0.0027614045690258237
0.0028322054869316386
0.0029051115810638955
0.0029801994861670114
0.0030575481614158336
0.0031372386927708347
0.003219354112979038
0.003303979121480961
0.00339119971817459
0.0034811028940125123
0.003573776206725598
0.0036693073854963173
0.003767783986333872
0.003869292999803449
0.003973920599031034
0.004081751852428884
0.004192870624656345
0.004307359763762847
0.0044291230045078915
0.004550694232907785
0.004675896696524669
0.0048048109222954185
0.004950954726878579
0.005087881487614153
0.005228842458150642
0.005373920908743706
0.005530641932986259
0.0056844039923054064
0.005842586406976775
0.006005274531802644
0.006184764356288924
0.006357124157790048
0.006534417199160785
0.006716782449207773
0.006904029853687781
0.007097018004307528
0.007295585685925279
0.007522068515814555
0.007733127513292693
0.007950506521517336
0.008174267605836389
0.008404460398857972
0.008641165407216992
0.008884535013702842
0.009134806601687678
0.00939227145047683
0.009676119702080007
0.009949539018452138
0.010231221196632962
0.01052112466740915
0.010819253891597096
0.011125809903279141
0.011441237384490389
0.011766091274265244
0.012114129160879306
0.01245970353163148
0.01281559516147041
0.013181565119497177
0.013557850323330466
0.013945239857442672
0.014353828170150625
0.014765957002879117
0.01519053401006282
0.015626774738272807
0.01607483273971422
0.01653599958902836
0.01701778916696234
0.01750829443796389
0.018012530168789467
0.018530001519315973
0.019062365153523556
0.019615523282475542
0.020182482903334784
0.020765531842640395
0.02136460265591661
0.021984088836639038
0.02262136189984662
0.02327777751411046
0.023953310700635583
0.024651401163395942
0.025370341704787552
0.02610628923684278
0.026857411558745922
0.02762832494738784
0.02842431921313558
0.02924767202427973
0.03010322683160303
0.030990545408594528
0.031905283793146076
0.03284387790231535
0.033804359894949565
0.03478410069693075
0.03577872532265848
0.036802192288492415
0.037866412888205
0.03897575528953288
0.04012798493634438
0.04131369059691908
0.042523305026389444
0.04375162137850269
0.044992705187274336
0.046273060050915506
0.04761240173570997
0.04901315752532697
0.0504542703666933
0.05192444929173422
0.05340065925899534
0.05489313875879843
0.05644809197944356
0.05808999941663137
0.05978360932248176
0.061507513573232336
0.06322420023463218
0.06495889335688741
0.06679455941522842
0.06871766358997582
0.07068098437126907
0.07264118240043405
