4.215474346751581e-5
8.627391216573148
12.843163380404523
16.208654067698358
19.119603369522316
21.73408471284711
24.134822937587387
26.371704386362214
28.47761901904673
30.475632325001758
32.382671912801065
34.211602037720574
35.97247330086967
37.67331670122555
39.32067031189111
40.91994119088549
42.47566156016694
43.991674779748564
45.471273326706886
46.91730312436038
48.33224375336324
49.71827103726738
51.0773065230086
52.41105706572935
53.72104683686638
55.008643457560424
56.27507952478204
57.52147048620324
58.748829593644274
59.9580804983852
61.1500679274709
62.32556678657205
63.48528996370027
64.62989505321814
65.75999017708313
66.87613904695719
67.97886538453307
69.06865679659542
70.14596818460718
71.21122475517387
72.2648246868507
73.30714149987494
74.3385261680899
75.35930900641344
76.36980136212775
77.37029713426071
78.36107414176425
79.34239535838903
80.31451002966845
81.2776546853735
82.23205405905723
83.17792192481755
84.11546186010706
85.04486794236198
85.96632538626854
86.88001112764256
87.78609435927015
88.68473702335355
89.57609426477099
90.46031484881476
91.33754154673329
92.20791149200662
93.07155650999592
93.92860342331925
94.77917433508256
95.62338689185661
96.46135452813044
97.2931866937812
98.11898906595631
98.93886374664508
99.75290944706953
100.56122165995973
101.36389282063476
102.16101245776778
102.95266733461317
103.73894158141827
104.51991681965615
105.2956722787082
106.06628490550978
106.83182946769202
107.5923786506577
108.3480031490244
109.09877175282925
109.84475142884251
110.58600739732492
111.32260320453958
112.05460079128726
112.78206055773818
113.50504142478621
114.22360089215992
114.93779509349636
115.64767884855388
116.35330571276009
117.05472802424478
117.75199694852381
118.44516252096258
119.13427368715865
119.81937834137129
120.5005233630996
121.17775465193263
121.85111716075454
122.52065492741225
123.18641110492592
123.84842799032332
124.50674705217754
125.16140895691551
125.81245359397157
126.45992009983505
127.1038468810697
127.74427163634007
128.38123137751413
129.01476244987595
129.644900551505
130.27168075186194
130.89513750961555
131.51530468975503
132.13221558002886
132.74590290672754
133.3563988498548
133.9637350577171
134.56794266095247
135.16905228603056
135.76709406825262
136.36209766425944
136.95409226409564
137.54310660282155
138.12916897172394
138.71230722911244
139.2925488107493
139.86992073990785
140.4444496370907
141.016161729408
141.58508285964822
142.15123849503885
142.7146537357205
143.2753533229418
143.83336164698736
144.3887027548551
144.9414003576846
145.491477837955
146.038958256455
146.58386435904154
147.12621858318917
147.6660430643431
148.2033596420769
148.73818986607577
149.27055500193632
149.8004760368011
150.32797368482863
150.85306839251143
151.37578034383742
151.89612946531173
152.41413543083758
152.92981766646093
153.44319535498917
153.9542874404838
154.4631126326325
154.9696894110054
155.47403602920173
155.9761705188863
156.4761106937218
156.97387415320574
157.46947828640094
157.96294027558181
158.45427709978654
158.94350553827937
159.4306421739309
159.9157033965195
160.39870540594566
160.87966421537854
161.35859565432307
161.83551537161662
162.310438838356
162.7833813507592
163.25435803296025
163.72338383974062
164.19047355919912
164.65564181536521
165.11890307075217
165.5802716288536
166.03976163659146
166.4973870867018
166.95316182007923
167.40709952806753
167.8592137546983
168.30951789889247
168.75802521660634
169.20474882293885
169.64970169419743
170.09289666991563
170.53434645483657
170.97406362085513
171.412060608918
171.8483497308936
172.2829431713955
172.7158529895832
173.1470911209162
173.57666937888166
174.0045994566883
174.43089292892472
174.85556125319317
175.27861577170523
175.70006771285514
176.11992819275952
176.53820821677076
176.95491868096337
177.370070373591
177.78367397652354
178.19574006664962
178.6062791172625
179.01530149941772
179.42281748326636
179.8288372393686
180.2333708399798
180.63642826032012
181.03801937981876
181.4381539833343
181.83684176236508
182.23409231622486
182.62991515321193
183.02431969175007
183.41731526151514
183.80891110454206
184.19911637631157
184.5879401468244
184.97539140165196
185.36147904297584
185.74621189060613
186.12959868298617
186.5116480781817
186.892368654851
187.27176891320468
187.64985727594748
188.02664208920487
188.402131623439
188.77633407434496
189.14925756373793
189.52091014042816
189.8912997810752
190.26043439103609
190.62832180519786
190.99496978880185
191.36038603824792
191.7245781818922
192.08755378083274
192.44932032968396
192.80988525733449
193.16925592770446
193.52743964047727
193.88444363183655
194.24027507518267
194.5949410818361
194.94844870174444
195.30080492416408
195.65201667834077
196.00209083417903
