144.57593366765403
145.57593366765403
146.57593366765403
147.57593366765403
148.57593366765403
149.57593366765403
150.57593366765403
151.57593366765403
152.57593366765403
153.57593366765403
154.57593366765403
155.57593366765403
156.57593366765403
157.57593366765403
158.57593366765403
159.57593366765403
160.57593366765403
161.57593366765403
162.57593366765403
163.57593366765403
164.57593366765403
165.57593366765403
166.57593366765403
167.57593366765403
168.57593366765403
169.57593366765403
170.57593366765403
171.57593366765403
172.57593366765403
173.57593366765403
174.57593366765403
175.57593366765403
176.57593366765403
177.57593366765403
178.57593366765403
179.57593366765403
180.57593366765403
181.57593366765403
182.57593366765403
183.57593366765403
184.57593366765403
185.57593366765403
186.57593366765403
187.57593366765403
188.57593366765403
189.57593366765403
190.57593366765403
191.57593366765403
192.57593366765403
193.57593366765403
194.57593366765403
195.57593366765403
196.57593366765403
197.57593366765403
198.57593366765403
199.57593366765403
200.57593366765403
201.57593366765403
202.57593366765403
203.57593366765403
204.57593366765403
205.57593366765403
206.57593366765403
207.57593366765403
208.57593366765403
209.57593366765403
210.57593366765403
211.57593366765403
212.57593366765403
213.57593366765403
214.57593366765403
215.57593366765403
216.57593366765403
217.57593366765403
218.57593366765403
219.57593366765403
220.57593366765403
221.57593366765403
222.57593366765403
223.57593366765403
224.57593366765403
225.57593366765403
226.57593366765403
227.57593366765403
228.57593366765403
229.57593366765403
230.57593366765403
231.57593366765403
232.57593366765403
233.57593366765403
234.57593366765403
235.57593366765403
236.57593366765403
237.57593366765403
238.57593366765403
239.57593366765403
240.57593366765403
241.57593366765403
242.57593366765403
243.57593366765403
244.57593366765403
245.57593366765403
246.57593366765403
247.57593366765403
248.57593366765403
249.57593366765403
250.57593366765403
251.57593366765403
252.57593366765403
253.57593366765403
254.57593366765403
255.57593366765403
256.575933667654
257.575933667654
258.575933667654
259.575933667654
260.575933667654
261.575933667654
262.575933667654
263.575933667654
264.575933667654
265.575933667654
266.575933667654
267.575933667654
268.575933667654
269.575933667654
270.575933667654
271.575933667654
272.575933667654
273.575933667654
274.575933667654
275.575933667654
276.575933667654
277.575933667654
278.575933667654
279.575933667654
280.575933667654
281.575933667654
282.575933667654
283.575933667654
284.575933667654
285.575933667654
286.575933667654
287.575933667654
288.575933667654
289.575933667654
290.575933667654
291.575933667654
292.575933667654
293.575933667654
294.575933667654
295.575933667654
296.575933667654
297.575933667654
298.575933667654
299.575933667654
300.575933667654
301.575933667654
302.575933667654
303.575933667654
304.575933667654
305.575933667654
306.575933667654
307.575933667654
308.575933667654
309.575933667654
310.575933667654
311.575933667654
312.575933667654
313.575933667654
314.575933667654
315.575933667654
316.575933667654
317.575933667654
318.575933667654
319.575933667654
320.575933667654
321.575933667654
322.575933667654
323.575933667654
324.575933667654
325.575933667654
326.575933667654
327.575933667654
328.575933667654
329.575933667654
330.575933667654
331.575933667654
332.575933667654
333.575933667654
334.575933667654
335.575933667654
336.575933667654
337.575933667654
338.575933667654
339.575933667654
340.575933667654
341.575933667654
342.575933667654
343.575933667654
344.575933667654
345.575933667654
346.575933667654
347.575933667654
348.575933667654
349.575933667654
350.575933667654
351.575933667654
352.575933667654
353.575933667654
354.575933667654
355.575933667654
356.575933667654
357.575933667654
358.575933667654
359.575933667654
360.575933667654
361.575933667654
362.575933667654
363.575933667654
364.575933667654
365.575933667654
366.575933667654
367.575933667654
368.575933667654
369.575933667654
370.575933667654
371.575933667654
372.575933667654
373.575933667654
374.575933667654
375.575933667654
376.575933667654
377.575933667654
378.575933667654
379.575933667654
380.575933667654
381.575933667654
382.575933667654
383.575933667654
384.575933667654
385.575933667654
386.575933667654
387.575933667654
388.575933667654
389.575933667654
390.575933667654
391.575933667654
392.575933667654
393.575933667654
394.575933667654
395.575933667654
396.575933667654
397.575933667654
398.575933667654
399.575933667654
