0.00010000000000000009
0.00010233520470972588
0.00010472494122981492
0.00010717048298967112
0.00010967313315588179
0.00011223422532664198
0.00011485512424239397
0.00011753722651306377
0.0001202819613622779
0.00012309079138896035
0.0001259652133467141
0.0001289067589414027
0.00013191699564735722
0.00013499752754264304
0.00013814999616383248
0.00014137608138073627
0.000144677502291565
0.00014805601813899124
0.00015151342924760543
0.00015505157798326256
0.00015867234973483186
0.00016237767391887224
0.00016616952500776892
0.0001700499235818793
0.00017402093740624875
0.00017808468253246843
0.00018224332442626687
0.00018649907912142988
0.00019085421440066873
0.00019531105100406332
0.00019987196386572512
0.00020453938337933896
0.00020931579669325736
0.00021420374903583875
0.00021920584507173285
0.00022432475028984217
0.00022956319242369117
0.00023492396290496608
0.00024040991835099732
0.0002460239820869777
0.0002517691457037277
0.00025764847065183757
0.0002636650898730362
0.0002698222094696541
0.0002761231104130756
0.0002825711502920831
0.00028916976510203016
0.0002959224710757958
0.00030283286655749466
0.0003099046339199429
0.0003171415415268998
0.0003245474457411336
0.00033212629297937527
0.0003398821218152673
0.00034781906513141336
0.0003559413523216863
0.00036425331154496396
0.0003727593720314941
0.0003814640664431182
0.0003903720332886094
0.0003994880193954173
0.00040881688243912936
0.0004183635935320024
0.0004281332398719398
0.0004381310274533309
0.00044836228384119106
0.00045883246101008465
0.0004695471382493433
0.0004805120251361246
0.0004917329645779022
0.0005032159359259996
0.0005149670581618347
0.0005269925931575661
0.0005392989490128877
0.0005518926834697383
0.0005647805074067557
0.0005779692884153314
0.0005914660544591754
0.0006052779976193353
0.000619412477926676
0.0006338770272838495
0.0006486793534788518
0.0006638273442923086
0.0006793290717006702
0.0006951927961775608
0.0007114269710955736
0.0007280402472308575
0.0007450414773728918
0.0007624397210419142
0.0007802442493165057
0.0007984645497739094
0.0008171103315457206
0.0008361915304916322
0.0008557183144940009
0.0008757010888760509
0.0008961505019466053
0.0009170774506742936
0.000938493086494273
0.000960408821250539
0.0009828363332770034
0.0010057875736205844
0.0010292747724096089
0.0010533104453709374
0.0010779074004992732
0.001103078744882216
0.0011288378916846896
0.0011551985672964798
0.001182174818646673
0.0012097810206889025
0.0012380318840613984
0.001266942462925907
0.0012965281629896688
0.0013268047497147248
0.0013577883567189284
0.0013894954943731383
0.0014219430585991676
0.0014551483398731954
0.0014891290324394108
0.00152390324373883
0.0015594895040582832
0.0015959067764047315
0.0016331744666101679
0.0016713124336724876
0.0017103410003378415
0.001750280963930102
0.0017911536074332332
0.0018329807108324375
0.0018757845627201616
0.0019195879721731121
0.0019644142809066285
0.002010287375712886
0.002057231701189556
0.0021052722727657085
0.0021544346900318843
0.002204745150381477
0.0022562304629706363
0.0023089180630041944
0.0023628360263551777
0.0024180130845257216
0.002474478639957352
0.0025322627816987946
0.0025913963014396603
0.0026519107099185393
0.002713838253714282
0.0027772119324293576
0.0028420655162745144
0.0029084335640640496
0.0029763514416313187
0.003045855340674285
0.003116982298041145
0.003189770215466324
0.0032642578797673237
0.003340484983513245
0.0034184921461759324
0.0034983209357750387
0.0035800138910285807
0.0036636145440207177
0.003749167443398888
0.003836718178112645
0.00392631340170684
0.004018000857182093
0.004111829402435832
0.0042078490362974065
0.004306110925171175
0.0044066674303017885
0.004509572135676148
0.00461487987657694
0.004722646768802952
0.004832930238571755
0.004945789053120645
0.00506128335202222
0.005179474679231215
0.005300426015879677
0.00542420181383803
0.0055508680300598075
0.005680492161728427
0.005813143282224713
0.0059488920779343386
0.006087810885914765
0.006229973732441846
0.006375456372456507
0.00652433632993263
0.006676692939187568
0.006832607387157404
0.006992162756659376
0.007155444070664579
0.007322538337604539
0.007493534597735756
0.007668523970587013
0.007847599703514611
0.008030857221391519
0.008218394177456807
0.008410310505352608
0.008606708472376165
0.008807692733975461
0.00901337038951744
0.009223851039358482
0.009439246843247671
0.009659672580093833
0.009885245709128283
0.010116086432495813
0.010352317759307388
0.010594065571188513
0.010841458689358345
0.011094628943275226
0.01135371124088519
0.011618843640511006
0.011890167424419895
0.01216782717410924
0.012451970847350332
0.01274274985703134
0.013040319151841312
0.013344837298838383
0.013656466567946113
0.013975373018422919
0.014301726587350877
0.014635701180190799
0.014977474763452008
0.015327229459526144
0.015685151643735476
0.016051432043647618
0.016426265840709314
0.016809852774253647
0.017202397247935992
0.017604108438655532
0.01801520040802025
0.018435892216414878
0.018866408039732583
0.019306977288832503
0.019757834731787008
0.020219220618983538
0.020691380811147905
0.02117456691035713
0.021669036394111826
0.02217505275253932
0.022692885628800796
0.02322281096277726
0.02376511113811075
0.024320075132679482
0.02488799867258666
0.025469184389745398
0.026063941983143497
0.02667258838387406
0.027295447924020062
0.027932852509482527
0.028585141796844748
0.02925266337436646
0.029935772947204897
0.030634834526960843
0.03135022062565113
0.03208231245421079
0.032831500125630464
0.03359818286283781
0.03438276921143309
0.03518567725739265
0.0360073348498562
0.03684817982911678
0.03770866025993454
0.038589234670299025
0.03949037229576702
0.04041255332950602
0.041356269178177085
0.04232202272379275
0.04331032859169002
0.04432171342476088
0.045356716164087055
0.046415888336127774
0.047499794346614096
0.04860901178130633
0.04974413171377456
0.05090575902036682
0.052094512702532084
0.05331102621667036
0.0545559478116852
0.05582994087441921
0.057133684283155774
0.058467872769375887
0.059833217287962884
0.06123044539605186
0.06266030164072654
0.06412354795576916
0.06562096406767556
0.06715334791115145
0.0687215160543112
0.07032630413380643
0.07196856730011517
0.07364918067322969
0.0753690398089854
0.07712906117627993
0.0789301826454357
0.08077336398796708
0.08265958738801812
0.08458985796574302
0.08656520431290941
0.08858667904100821
0.0906553593421636
0.09277234756314062
0.09493877179275827
0.09715578646301858
0.09942457296427411
0.10174634027476068
0.10412232560483052
0.10655379505623054
0.10904204429677519
0.11158839925077477
0.11419421680558657
0.11686088553466512
0.11958982643749787
0.12238249369681921
0.1252403754535073
0.12816499459957587
0.13115790958968496
0.13422071527160118
0.13735504373605126
0.14056256518642155
0.14384498882876626
0.14720406378260012
0.15064158001295916
0.15415936928422727
0.1577593061362361
0.16144330888316022
0.16521334063573692
0.16907141034735795
0.1730195738845894
0.17705993512268983
0.18119464706671232
0.1854259129987852
0.18975598765218504
0.19418717841282554
0.19872184654880545
0.2033624084686672
0.20811133700903933
0.2129711627523479
0.21794447537529849
0.22303392502884964
0.2282422237504096
0.23357214690901223
0.23902653468423912
0.2446082935796798
0.2503203979717324
0.2561658916945726
0.26214788966213554
0.26826957952797253
0.2745342233838713
0.2809451594981406
0.2875058040944878
0.2942196531724375
0.30109028437025914
0.3081213588714002
0.3153166233554362
0.3226799119945807
0.33021514849681716
0.33792634819674283
0.34581762019523815
0.353893169549099
0.3621572995118074
0.37061441382662286
0.37926901907322474
0.3881257270691535
0.3971892573273298
0.4064644395709625
0.41595621630718416
0.42566964546078745
0.4356099030694608
0.4457822860419708
0.45619221498074614
0.46684523707037895
0.4777470290335769
0.48890340015614403
0.5003202953825998
0.5120037984840883
0.5239601353002645
0.536195677056882
0.5487169437608603
0.5615306076746273
0.574643496871597
0.5880625988746755
0.6017950643797328
0.6158482110660256
0.6302295274956015
0.6449466771037625
0.6600075022827095
0.6754200285605588
0.6911924688779363
0.7073332279644438
0.7238509068173249
0.7407543072847159
0.7580524367559253
0.7757545129612406
0.7938699688838233
0.812408457786297
0.8313798583547333
0.8507942799627445
0.8706620680585121
0.8909938096776104
0.9118003390845673
0.9330927435461657
0.9548823692395654
0.9771808272983906
1.0
