133.65255751883012
133.56095962878194
133.22657171329905
132.8938498455068
132.562780373512
132.2333497996073
131.90554477805182
131.57935211289063
131.2547587558124
130.9317518040439
130.61031849828132
130.29044622065703
129.97212249274145
129.65533497357916
129.3400714577585
129.02631987351438
128.7140682808629
128.40330486976794
128.09401795833855
127.78619599105679
127.47982753703518
127.17490128830352
126.87140605812415
126.56933077933536
126.26866450272215
125.96939639541411
125.67151573930961
125.37501192952595
125.07987447287489
124.78609298636316
124.49365719571738
124.20255693393295
123.91278213984651
123.62432285673137
123.33716923091569
123.05131151042279
122.76674004363329
122.48344527796856
122.20141775859518
121.92064812715007
121.64112712048563
121.36284556943482
121.08579439759572
120.80996462013508
120.53534734261066
120.26193375981205
119.98971515461933
119.71868289687971
119.44882844230136
119.18014333136446
118.91261918824898
118.64624771977893
118.38102071438274
118.11693004106964
117.8539676484215
117.59212556360012
117.33139589136941
117.07177081313249
116.81324258598323
116.55580354177208
116.29944608618582
116.04416269784124
115.78994592739213
115.53678839664967
115.28468279771592
115.03362189212993
114.78359851002668
114.53460554930821
114.28663597482704
114.03968281758144
113.79373917392256
113.54879820477302
113.30485313485687
113.06189725194072
112.81992390608582
112.57892650891093
112.33889853286577
112.09983351051493
111.86172503383192
111.6245667535034
111.3883523782433
111.15307567411656
110.91873046387258
110.685310626288
110.45281009551879
110.22122286046134
109.9905429641227
109.76076450299936
109.53188162646495
109.30388853616627
109.07677948542779
108.85054877866438
108.6251907708021
108.4006998667071
108.17707052062214
107.95429723561107
107.73237456301074
107.51129710189046
107.29105949851885
107.07165644583777
106.85308268294357
106.63533299457517
106.4184022106092
106.20228520556181
105.98697689809715
105.77247225054256
105.55876626841007
105.34585399992436
105.13373053555696
104.92239100756669
104.71183058954601
104.50204449597355
104.29302798177241
104.08477634187426
103.87728491078919
103.67054906218117
103.464564208449
103.25932580031281
103.05482932640578
102.85107031287126
102.64804432296505
102.44574695666283
102.24417385027257
102.04332067605199
101.84318314183088
101.64375699063822
101.4450380003341
101.24702198324624
101.04970478581123
100.85308228822021
100.65715040406904
100.46190508001294
100.26734229542538
100.07345806206132
99.88024842372461
99.68770945593957
99.49583726562668
99.3046279907822
99.11407780016191
98.92418289296866
98.7349394985438
98.5463438760624
98.35839231423225
98.17108113099653
97.9844066732401
97.79836531649943
97.61295346467597
97.42816754975313
97.24400403151654
97.06045939727788
96.87753016160185
96.6952128660366
96.51350407884728
96.33240039475282
96.15189843466597
95.97199484543621
95.792686299596
95.61396949510981
95.43584115512631
95.25829802773337
95.08133688571604
94.90495452631733
94.72914777100182
94.55391346522211
94.37924847818786
94.20514970263771
94.03161405461373
93.85863847323854
93.68621992049505
93.51435538100871
93.34304186183232
93.17227639223326
93.00205602348328
92.8323778286506
92.6632389023945
92.49463636076212
92.32656734098776
92.15902900129434
91.99201852069716
91.82553309880991
91.65956995565286
91.49412633146319
91.32919948650758
91.16478670089671
91.0008852744021
90.83749252627474
90.67460579506601
90.51222243845041
90.3503398330503
90.18895537426272
90.02806647608799
89.86767057096027
89.70776510958001
89.54834756074818
89.38941541120248
89.23096616545513
89.07299734563269
88.9155064913174
88.75849115939046
88.60194892387688
88.44587737579207
88.29027412299011
88.1351367900137
87.98046301794561
87.82625046426186
87.67249680268648
87.51919972304773
87.36635693113601
87.21396614856314
87.06202511262332
86.91053157615538
86.75948330740668
86.6088780898984
86.45871372229215
86.30898801825818
86.15969880634488
86.01084392984963
85.86242124669111
85.71442862928289
85.56686396440836
85.41972515309695
85.2730101105017
85.1267167657781
84.98084306196411
84.83538695586154
84.6903464179186
84.54571943211373
84.40150399584049
84.2576981197938
84.11429982785734
83.97130715699194
83.82871815712535
83.68653089104295
83.5447434342797
83.40335387501314
83.2623603139575
83.12176086425889
82.98155365139151
82.84173681305498
82.70230849907269
82.56326687129115
82.4246101034804
82.28633638123537
82.14844390187827
82.01093087436193
81.87379551917421
81.73703606824319
81.60065076484342
81.46463786350316
81.32899562991236
81.19372234083175
81.05881628400273
80.9242757580581
80.79009907243382
80.65628454728152
80.52283051338192
80.38973531205907
80.25699729509552
80.12461482464813
79.99258627316496
79.86091002330274
79.72958446784529
79.59860800962267
79.46797906143111
79.33769604595379
79.20775739568228
79.07816155283878
78.94890696929919
78.81999210651678
78.6914154354467
78.56317543647116
78.43527059932535
78.30769942302409
78.1804604157891
78.05355209497705
77.92697298700826
77.80072162729604
77.6747965601768
77.54919633884069
77.423919525263
77.29896469013619
77.17433041280248
77.05001528118716
76.92601789173253
76.80233684933238
76.67897076726715
76.55591826713966
76.43317797881151
76.31074854033994
76.1886285979154
76.06681680579962
75.94531182626432
75.82411232953041
75.70321699370785
75.58262450473596
75.46233355632432
75.34234284989425
75.22265109452077
75.10325700687514
74.98415931116786
74.86535673909228
74.74684802976863
74.62863192968864
74.51070719266059
74.39307257975494
74.27572685925036
74.15866880658028
74.04189720428003
73.92541084193427
73.80920851612498
73.69328903038
73.57765119512189
73.4622938276173
73.34721575192687
73.23241579885543
73.11789280590277
73.00364561721479
72.88967308353507
72.77597406215696
72.66254741687592
72.5493920179425
72.43650674201552
72.32389047211586
72.21154209758049
72.09946051401701
71.98764462325853
71.87609333331899
71.76480555834884
71.65378021859111
71.54301624033786
71.43251255588706
71.32226810349972
71.21228182735757
71.10255267752093
70.99307960988708
70.88386158614885
70.77489757375376
70.66618654586333
70.55772748131278
70.44951936457122
70.34156118570195
70.23385194032328
70.1263906295696
70.0191762600528
69.91220784382404
69.80548439833578
69.69900494640426
69.59276851617213
69.48677414107154
69.38102085978743
69.27550771622126
69.17023375945489
69.06519804371489
68.9603996283371
68.85583757773146
68.75151096134721
68.64741885363827
68.54356033402904
68.43993448688039
68.33654040145596
68.23337717188875
68.13044389714796
68.02773968100614
67.92526363200662
67.82301486343113
67.72099249326779
67.61919564417927
67.51762344347131
67.41627502306142
67.31514951944783
67.2142460736788
67.11356383132201
67.01310194243443
66.91285956153216
66.81283584756076
66.71302996386568
66.61344107816295
66.51406836251019
66.41491099327773
66.31596815112006
66.21723902094746
66.11872279189788
66.02041865730905
65.92232581469078
65.82444346569754
65.7267708161012
65.62930707576402
65.53205145861186
65.4350031826076
65.33816146972474
65.24152554592125
65.14509464111363
65.04886798915115
64.95284482779027
64.85702439866935
64.76140594728346
64.66598872295948
64.57077197883132
64.47575497181535
64.38093696258608
64.28631721555197
64.19189499883144
64.0976695842291
64.00364024721209
63.90980626688674
63.816166925975246
63.72272151079267
63.629469311224014
63.536409620701555
63.44354173618229
63.350864958125584
63.258378590471004
63.1660819406163
63.07397431939557
62.98205504105756
62.890323423244226
62.7987787869693
62.70742045659719
62.61624775982193
62.525260027646326
62.434456594361265
62.343836797525185
62.25339997794368
62.16314547964927
62.07307264988136
61.98318083906627
61.8934694007975
61.8039376918161
61.714585071991195
61.62541090430065
61.53641455481191
61.447595392662954
61.35895279004338
61.2704861221757
61.182194767296664
61.09407810663886
61.00613552441233
60.91836640778638
60.83077014687153
60.743346134701575
60.6560937672158
60.56901244324131
60.4821015644755
60.39536053546864
60.308788763606636
60.222385659093845
60.13615063493608
60.0500831069237
59.96418249361486
59.87844821631883
59.792879699079506
59.70747636865898
59.622237654521264
59.53716298881613
59.45225180636305
59.367503544635284
59.28291764374404
59.1984935464228
59.11423069801171
59.030128546442114
58.94618654222121
58.86240413841678
58.77878079064204
58.69531595704065
58.61200909827174
58.528859677495134
58.44586716035662
58.36303101497335
58.280350711919354
58.197825724211114
58.11545552729329
58.033239599024554
57.951177419663445
57.86926847185442
57.78751224061395
57.70590821331674
57.62445587968202
57.54315473175995
57.46200426391813
57.381003972828196
57.30015335745248
57.21945191903083
57.13889916106747
57.05849458931797
56.97823771177628
56.89812803866194
56.818165082407255
56.73834835764467
56.65867738119416
56.57915167205075
56.49977075137211
56.420534142466224
56.34144137077915
56.262491963882894
56.18368545146331
56.10502136530815
56.02649923929513
55.948118609380145
55.86987901358552
55.791779991988335
55.71382108670888
55.636001841899144
55.55832180373139
55.48078052038684
55.40337754204438
55.32611242086942
55.24898471100275
55.17199396854951
55.09513975156825
55.01842162006004
54.941839135957665
54.86539186311488
54.78907936729576
54.7129012161641
54.63685697927289
54.5609462280539
54.48516853580726
54.40952347769119
54.334010630711724
54.25862957371259
54.18337988736506
54.108261154157944
54.033272958387634
53.95841488614817
53.88368652532144
53.80908746556739
53.73461729831433
53.66027561674932
53.586062015808544
53.511976092167856
53.43801744423329
53.3641856721317
53.29048037770142
53.21690116448303
53.14344763771014
53.07011940430023
52.99691607284561
52.92383725360438
52.850882558491485
52.778051601069784
52.70534399654124
52.63275936173812
52.560297315114255
52.48795747673641
52.41573946827563
52.3436429129987
52.271667435759646
52.19981266299127
52.128078222696786
52.05646374444146
51.984968859344335
51.91359320007001
51.84233640082045
51.77119809732686
51.70017792684163
51.629275528130314
51.558490541463634
51.487822608609605
51.41727137282564
51.34683647885075
51.27651757289776
51.20631430264562
51.136226317231724
51.066253267244285
50.99639480471478
50.92665058311044
50.857020257326724
50.78750348367997
50.71809991989996
50.64880922512262
50.5796310598827
50.51056508610658
50.44161096710505
50.37276836756615
50.30403695354811
50.23541639247225
50.16690635311599
50.09850650560586
50.03021652141061
49.962036073334275
49.893964835509394
49.82600248339017
49.75814869374573
49.69040314465342
49.622765515492134
49.555235486935665
49.48781274094615
49.42049696076748
49.35328783091885
49.286185037188254
49.219188266626055
49.15229720753863
49.08551154948201
49.01883098325555
48.95225520089569
48.88578389566973
48.819416762069615
48.753153495805776
48.686993793801044
48.620937354184555
48.55498387628571
48.48913306062818
48.423384608923904
48.35773822406722
48.29219361012891
48.226750472350375
48.161408517137794
48.096167452056356
48.03102698582449
47.965986828308154
47.901046690515145
47.836206284589466
47.771465323805685
47.70682352256338
47.64228059638159
47.57783626189327
47.51349023683984
47.44924224006575
47.385091991513015
47.32103921221588
47.25708362429544
47.193224950954345
47.129462916471496
47.065797246196794
47.00222766654592
46.93875390499514
46.87537569007613
46.81209275137089
46.74890481950658
46.68581162615049
46.622812904004995
46.55990838680255
46.497097809300676
46.43438090727705
46.37175741752456
46.309227077846415
46.246789627051285
46.18444480494846
46.12219235234305
46.06003201103119
45.99796352379531
45.93598663439941
45.874101087584336
45.81230662906313
45.75060300551641
45.68898996458772
45.627467254878965
45.566034625945846
45.504691828293325
45.44343861337111
45.38227473356918
45.321199942213354
45.260213993560804
45.1993166427957
45.13850764602482
45.07778676027318
45.017153743479724
44.95660835449302
44.896150353066965
44.83577949985655
44.77549555641362
44.715298285182655
44.65518744949663
44.59516281357282
44.535224142508675
44.475371202277714
44.415603759725435
44.355921582565266
44.296324439374494
44.23681209959028
44.17738433350565
44.11804091226552
44.05878160786275
43.99960619313422
43.940514441756925
43.881506128244084
43.8225810279413
43.763738917022685
43.70497957248709
43.646302772154264
43.587708294661105
43.529195919457905
43.470765426804604
43.4124165977671
43.354149214213535
43.29596305881065
43.23785791502011
43.17983356709489
43.12188980007567
43.06402639978723
43.0062431528349
42.94853984660099
42.89091626924127
42.83337220968149
42.77590745761383
42.71852180349349
42.661215038535175
42.603986954709725
42.546837344740666
42.48976600210082
42.43277272100894
42.37585729642632
42.31901952405351
42.262259200326945
42.205576122415664
42.14897008821803
42.092440896358454
42.03598834618415
41.97961223776189
41.92331237187482
41.86708855001925
41.81094057440146
41.75486824793455
41.698871374235324
41.64294975762111
41.587103203106686
41.53133151640119
41.47563450390501
41.420011972706774
41.364463730580255
41.30898958598138
41.2535893480452
41.198262826582926
41.1430098320789
41.087830175687685
41.03272366923108
40.97769012519522
40.92272935672763
40.867841177634354
40.81302540237706
40.75828184607016
40.70361032447799
40.64901065401194
40.59448265172763
40.540026135322144
40.48564092313118
40.43132683412632
40.37708368791224
40.32291130472398
40.26880950542419
40.214778111500415
40.160816945062415
40.106925828839444
40.05310458617758
39.99935304103708
39.94567101798971
39.89205834221612
39.83851483950322
39.78504033624159
39.731634659422866
39.678297636637154
39.6250290960705
39.571828866502294
39.518696777302765
39.46563265843044
39.41263634042962
39.35970765442792
39.30684643213373
39.254052505833776
39.20132570839064
39.14866587324033
39.09607283438984
39.04354642641471
38.99108648445663
38.938692844221045
38.88636534197476
38.834103814543575
38.78190809930992
38.729778034210504
38.67771345773397
38.6257142089186
38.57378012734998
38.521911053158675
38.47010682701799
38.418367290141674
38.36669228428163
38.31508165172569
38.263535235295365
38.21205287834359
38.16063442475256
38.10927971893145
38.057988605814266
38.00676093085765
37.955596540038705
37.90449527985282
37.85345699731151
37.80248153994031
37.7515687557766
37.70071849336753
37.649930601767856
37.59920493053788
37.548541329741354
37.4979396499434
37.447399742208425
37.3969214580981
37.34650464966927
37.29614916947195
37.24585487054729
37.19562160642555
37.14544923112408
37.09533759914538
37.04528656547504
36.995295985579816
36.94536571540564
36.89549561137568
36.84568553038836
36.79593532981546
36.74624486750016
36.69661400175515
36.647042591360695
36.597530495562744
36.54807757407104
36.49868368705723
36.44934869515302
36.40007245944829
36.35085484148924
36.30169570327656
36.25259490726358
36.203552316354454
36.154567793902345
36.105641203707606
36.05677241001599
36.00796127751685
35.959207671341375
35.91051145706079
35.861872500684626
35.81329066865892
35.764765827864515
35.71629784561529
35.66788658965643
35.619531928162736
35.57123372973686
35.52299186340765
35.474806198628414
35.426676605275254
35.378602953645384
35.330585114455445
35.28262295883985
35.234716358349125
35.18686518494826
35.13906931101508
35.091328609338575
35.04364295311733
34.99601221595786
34.948436271873035
34.900914995280445
34.853448261000835
34.806035944256514
34.75867792066976
34.71137406626126
34.66412425744854
34.61692837104443
34.569786284255485
34.52269787468045
34.47566302030876
34.428681599518946
34.38175349107719
34.334878574135764
34.28805672823153
34.24128783328445
34.19457176959611
34.1479084178482
34.10129765910107
34.05473937479224
34.00823344673495
33.96177975711668
33.91537818849773
33.86902862380976
33.822730946354355
33.7764850398016
33.730290788188654
33.68414807591834
33.63805678775772
33.59201680883671
33.54602802464668
33.50009032103905
33.45420358422393
33.40836770076873
33.36258255759677
33.31684804198594
33.27116404156736
33.22553044432399
33.17994713858929
33.13441401304592
33.08893095672435
33.04349785900156
32.99811460959975
32.95278109858498
32.90749721636586
32.86226285369229
32.81707790165414
32.771942251679924
32.726855795535585
32.681818425323165
32.63683003347955
32.59189051277519
32.54699975631286
32.50215765752639
32.45736411017941
32.412619008364125
32.36792224650005
32.323273719332796
32.278673321932835
32.234120949694294
32.18961649833371
32.14515986388885
32.10075094271747
32.05638963149615
32.01207582721909
31.967809427196915
31.923590329055482
31.87941843073472
31.83529363048745
31.791215826878215
31.747184918782125
31.703200805383688
31.659263386175667
31.61537256095793
31.571528229836307
31.52773029322146
31.483978651827744
31.440273206672078
31.396613859072836
31.35300051064872
31.30943306331765
31.26591141929566
31.222435481095793
31.17900515152701
31.135620333693097
31.092280930991567
31.048986847112594
31.00573798603792
30.962534252039802
30.91937554967992
30.876261783808328
30.833192859562402
30.790168682365767
30.747189157927266
30.704254192239905
30.661363691579812
30.61851756250521
30.57571571185538
30.532958046749638
30.4902444745863
30.447574903041694
30.42548356507843
30.40747229611825
30.39112002342965
30.37490679132687
30.35897223630787
30.344263771830285
30.330126033214796
30.314446856844157
30.301277687684344
30.28641773224449
30.273325526768996
30.25837345473661
30.24568167544838
30.230251725193302
30.217899255056622
30.202525425307662
30.190097813239543
30.175413221567915
30.162247875442816
30.148688526382568
30.134062983240398
30.12151260079478
30.106563156754028
30.094002658485362
30.079822851672912
30.066074917556598
30.05308832384725
30.03826489792459
30.025838270961668
30.011347288969105
29.9982271752539
29.984837085593938
29.970245761225083
29.957799872893908
29.943117983940745
29.9303968719424
29.916657934743043
29.902427354282622
29.889842660736758
29.87505965840455
29.862600791931946
29.848523770097522
29.834865650600143
29.821987054643564
29.807295335061603
29.794930008221513
29.78065437665552
29.76743729441809
29.754303410013712
29.73974613579134
29.72740293586372
29.713005030397145
29.70009094719368
29.68675732315781
29.672338189624305
29.659986817689155
29.645479108976843
29.632818827663144
29.619278442699045
29.605070168452478
29.592654984568945
29.578064395726994
29.565616435239868
29.551853507248275
29.537987329754287
29.525423978087808
29.510842864094727
29.498522752823558
29.48459460114026
29.471075580330034
29.45834845725866
29.44384670005007
29.4315813044633
29.417580553238484
29.404284381586205
29.391460462920968
29.37703346651713
29.364797254103795
29.350779780658343
29.337604231601095
29.32474538767528
29.310373234796014
29.29815991634006
29.28415683912062
29.271038135235724
29.25818614161671
29.24385491058765
29.23166176549758
29.217696568095388
29.20458707232392
29.1917746609267
29.177474776235528
29.165299068477346
29.1513928573989
29.138250153285092
29.12550593107731
29.111230404047316
29.099067951966898
29.085239427661346
29.07202480794514
29.059372368076392
29.045115589348068
29.03296102755642
29.019222472641637
29.005908981502593
28.99336134115648
28.9791196517263
28.966967746921483
28.95332179167717
28.9399033455965
28.927459235504493
28.9132329136243
28.901079653769493
28.887521788464504
28.874010141875374
28.86165859308239
28.847452073824414
28.83529437375913
28.82181910893721
28.80823125920171
28.79596014975555
28.781780284363105
28.769614315679554
28.75621994121805
28.742568187907214
28.730369363996587
28.716224214870458
28.704043276064855
28.690733763822024
28.67702368282361
28.66489318161524
28.65079327059213
28.638584871863255
28.625371360825596
28.611604028351117
28.599540169873354
28.585502421856617
28.573242651087597
28.56014709623813
28.546323381066856
28.5343234942854
28.520379398162305
28.508019603625314
28.495083056865813
28.48121199466402
28.469264578212936
28.455474248356627
28.442911029185396
28.430206551871585
28.416314687403993
28.404381858764406
28.39083600562277
28.377884928631335
28.365505614058982
28.351605970011434
28.33962202135827
28.32635861651253
28.312944735389735
28.30087639773032
28.28697204598425
28.27488568393642
28.261847556724693
28.248192498895147
28.236280428586788
28.222481574674102
28.210206612649046
28.197418581045774
28.18366899745481
28.171820177841052
28.158257527172353
28.145605730055934
28.133171069527464
28.11940796319426
28.10752054695177
28.09430710445718
28.081053804163886
28.06903356520867
28.05525180490065
28.043233244166462
28.030312686174344
28.016727795325956
28.004909182460555
27.991268575787398
27.978961671914906
27.966372616072313
27.952711448268598
27.9409204986448
27.927622155374188
27.914716725293935
27.90259390841182
27.88891805124858
27.87700885539459
27.864090921516443
27.85062667513344
27.83884471453994
27.825251181299816
27.813053445055676
27.800489818711142
27.786912115095245
27.77517463601779
27.76194763728645
27.749090327017747
27.73703779812285
27.72344540891507
27.711565875981734
27.698756014343406
27.685318106595307
27.67361179321508
27.66014726303143
27.647883769923634
27.635490087129632
27.621986139217128
27.61026520556461
27.59725151356138
27.58417072931263
27.5723418623375
27.558817598380042
27.54687932509956
27.534271152591156
27.52083639649962
27.509198498207173
27.495980419966664
27.48340935771565
27.471339060943293
27.45789881726141
27.446118391985685
27.4334061028044
27.420076957597406
27.4084623127601
27.39514036425531
27.3828990802506
27.370664928141547
27.357290961359016
27.345611863815513
27.33282032701788
27.31964902940285
27.3080148267086
27.294656388437524
27.282629914754
27.270293459253423
27.256967343680618
27.245365363165966
27.232504359547903
27.21953195976699
27.2078492997355
27.194511058260055
27.182617662705688
27.17023607882991
27.156955682375795
27.145408236964073
27.132517375453457
27.119702065045896
27.107989790106824
27.094701778898163
27.082876257618608
27.070505025096818
27.057270282415185
27.045759913204495
27.03289683802176
27.02013530773257
27.00844947438691
26.99521270974266
26.9834084249416
26.97108972971116
26.957900921461402
26.946413392037943
26.933629064411377
26.920825805238163
26.909218257888217
26.896029344919253
26.884207309414876
26.87197369854279
26.858834215400265
26.84735319902383
26.834686048639295
26.821783819043237
26.810282411076457
26.7971531787718
26.785264174553017
26.77315125984561
26.76006561726151
26.748568371618006
26.736049536557385
26.723043487071145
26.711644983628446
26.698625761867458
26.686571271336394
26.67464283721353
26.66161025237289
26.65005633581153
26.63772125794761
26.624674202217346
26.61333060249137
26.600533349662292
26.588108431291555
26.5764744580002
26.56346532964539
26.551789414626946
26.5396615947336
26.52667443222716
26.515290141437212
26.502796769069636
26.48994309601499
26.47859422886767
26.46565538495069
26.453722107144138
26.441852760492104
26.42893467645656
26.417439387673316
26.40522104949963
26.392267180697186
26.380989156210674
26.36836200700871
26.355846847014103
26.344392585636804
26.331483728884805
26.319777284814773
26.307828384438995
26.29496687658007
26.283578247834352
26.271327052350955
26.258438454395577
26.2472145417971
26.2345436314409
26.222262401328916
26.21074913005904
26.197917381821284
26.18630307045968
26.17437032946427
26.161565973265684
26.150231311860487
26.138020387354302
26.125187639619128
26.114005751992966
26.101396354016618
26.089134408493706
26.077683660678975
26.064913130852624
26.053308037896446
26.041454354148083
26.028719557255663
26.017390921228596
26.005288930685772
25.99250092416556
25.98135091716698
25.968897088715128
25.95646401636396
25.945179576715482
25.932460135334008
25.920776858393896
25.90905960331491
25.896398505518473
25.88502831611811
25.87308039089164
25.86036915625695
25.84920545329132
25.836983514350045
25.824334482046716
25.813226594738364
25.800643629304446
25.78868413207455
25.777220609165695
25.764609362973975
25.75312302547822
25.74137099813276
25.728774872078933
25.717517684500567
25.70557219438648
25.692918295699087
25.68183325264831
25.669616546016012
25.657083722823078
25.646005074845256
25.63346392269566
25.62162531297353
25.610181275474446
25.597653418504628
25.586217172571935
25.574533060872014
25.562017058539805
25.550787324398044
25.53894067249071
25.52637282575803
25.51530680251531
25.50324157904674
25.49068582713884
25.479696818329153
25.467316319547933
25.45527481106722
25.444040564460753
25.431564131579083
25.42004960446122
25.408519285693664
25.39609882069066
25.384808795260493
25.373140180969678
25.360699316825045
25.34956756954586
25.337762477804844
25.325271664879267
25.314277006389478
25.302274281345206
25.289796225853465
25.278869029550613
25.266576790142576
25.254564950450934
25.243419598802806
25.23102998867426
25.219526857598105
25.20810442031156
25.19577876087736
25.18448789532991
25.172950443904348
25.160627466610272
25.149470199968114
25.137845624940667
25.125499631450506
25.114454769705024
25.10272765655349
25.090335936056384
25.079404402702217
25.067517194479493
25.055110470284802
25.04425808952215
25.032119973788895
25.020030914351178
25.009047246061527
24.996752625398837
24.98520160853203
24.973936045648777
24.961709259850196
24.95039217762985
24.939012966207983
24.926817612966946
24.91561495811542
24.90418586324391
24.89200291290918
24.880870510212045
24.869411718307965
24.857232395093387
24.84615446717219
24.83467018000602
24.822487270157488
24.81146197603283
24.799946697481598
24.787751674091975
24.77678552241443
24.765224336732828
24.753005030528165
24.742110825839806
24.73047442477994
24.718217186176403
24.707408531797036
24.695642552864722
24.68337192972083
24.67263066082684
24.660657054478627
24.64861897684058
24.63779265774491
24.62566057809302
24.61410647872968
24.60303869032599
24.59096234461246
24.579642205250224
24.568471502332322
24.556449386355997
24.54521360476633
24.534026346875788
24.52204280322137
24.510824063755454
24.499657724278293
24.487708568672453
24.476468637083798
24.465343378993776
24.453424506045476
24.442142331547004
24.431066975448225
24.41917212329945
24.407841352813833
24.396815143740493
24.384936665440108
24.373564565375947
24.36257928777992
24.350711062707862
24.339313114655877
24.328357525689945
24.316496771365923
24.305089227354653
24.294153513348125
24.282300664026042
24.27089452827923
24.25997300221718
24.248129879995783
24.236729723060197
24.225820634800016
24.21398894973826
24.202594865439078
24.191698790484015
24.179879537521657
24.168489693996786
24.15760794603962
24.145801409891096
24.134413885661548
24.123547543112956
24.11175356463776
24.100367197438302
24.089516763595707
24.077735030334452
24.066349492838558
24.055514972216365
24.04374520396893
24.03236072136654
24.021541841649913
24.009783865930643
23.998400868880573
23.987597296290403
23.975851039882194
23.964469923158664
23.95368138154983
23.94194682621474
23.930567856663362
23.919794158440606
23.9080713011652
23.89669462633263
23.8859356527119
23.874224482883648
23.862850180273654
23.852105846475727
23.840406338686385
23.82903445910987
23.818304686820728
23.80661679888855
23.795247409882837
23.78453211043652
23.77285580476556
23.76148898208388
23.750788063318424
23.739123301680646
23.727759124227873
23.717072491788635
23.705419236731522
23.6940577864703
23.683385346412546
23.671743564927354
23.66038492164959
23.649726582166636
23.6380962450424
23.62674047985888
23.616096157043042
23.604477236752338
23.593124410010837
23.582494025784918
23.570886493415824
23.559536664912347
23.548920141998845
23.537323971018527
23.52597719190741
23.515374456759524
23.50378961950587
23.492445945036422
23.48185692524308
23.47028339848664
23.458942871374337
23.448367499108972
23.43680525525625
23.42546792134074
23.414906126334923
23.403355139164912
23.39202104787965
23.38147276244834
23.369933011758462
23.3586022030107
23.34806736282557
23.33653882775196
23.325211335672723
23.314689881226723
23.303172540192794
23.291848397500626
23.28134026839766
23.269834098726932
23.258513339294264
23.248018475340103
23.236523457785626
23.225206112978178
23.214724457224523
23.20324057179428
23.191926669312167
23.181458164377933
23.1699853938152
23.158674962593427
23.148219553900063
23.136757881394118
23.125450941961045
23.11500857711587
23.103557985636485
23.092254560531536
23.081825187406864
23.070385660100932
23.05908577057178
23.04866933872023
23.037240862956256
23.025944524078596
23.015540985931207
23.004123547969545
22.99283077521085
22.982440081296822
22.971033667693533
22.959744473860646
22.94936657886713
22.93797117648683
22.926685575436906
22.916320433371915
22.904936032374998
22.893654030868365
22.883301597035807
22.87192818558681
22.86064979433331
22.850310025368934
22.838947595476164
22.827672821591992
22.817345675454696
22.80599422130232
22.794723062206895
22.784408500070715
22.773068012664858
22.761800472257026
22.751498452638984
22.740168924927723
22.72890500458565
22.718615487629506
22.707296915898056
22.69603661512404
22.6857595619217
22.674451943394814
22.663195258173218
22.652930632351797
22.641633964470525
22.63038088728661
22.620128653751983
22.60884293526935
22.597593458424985
22.5873535807971
22.576078813889822
22.564832928638697
22.554605372788302
22.54334156118329
22.53209925140505
22.521883986447193
22.510631134057128
22.499392384552145
22.48918937743179
22.477947489787724
22.46671228250359
22.45652150377998
22.44529059029078
22.43405890360318
22.423880321868488
22.412660392130878
22.401432206082504
22.391265792705386
22.380056862541522
22.368832147020054
22.358677875781787
22.347479960286844
22.336258684437944
22.326116529652555
22.314929646854754
22.303711779022965
22.293581714870637
22.282405889071658
22.271191388972294
22.261073392110816
22.249908648585354
22.238697475398407
22.22859152254567
22.217437890588073
22.206230000049775
22.196136070781655
22.18499358677982
22.17378892680722
22.16370700138579
22.152575706412062
22.14137421989832
22.131304280545805
22.120184220935947
22.108985844085915
22.09892787584566
22.08781910657671
22.076623767816287
22.066577756327774
22.055480338541827
22.04428795974966
22.03425389290975
22.02316789897254
22.011978393091656
22.001956261246796
21.990881772495843
21.979695043490963
21.969684838152858
21.958621950741556
21.947437891248324
21.937439606496064
21.926388433697976
21.915206921336146
21.905220555178946
21.894181227218027
21.88300212663389
21.873027678017728
21.862000350008923
21.850823507378152
21.84086097945623
21.829845836527394
21.818671079439305
21.808720477003323
21.7977177426174
21.786544870424727
21.77660620176627
21.765616146038596
21.754444931434996
21.74451820374855
21.733541159042577
21.722371347245527
21.712456569292183
21.70149295449267
21.6903242471232
21.680421424109237
21.66947177132981
21.658303833025027
21.648412956051395
21.63747796306366
21.626310413535826
21.616431452544983
21.60551205442308
21.59434447624617
21.58447734764204
21.573574835244365
21.56240680603747
21.552551319641246
21.54166754780686
21.530498727348906
21.5206544676319
21.509792221372873
21.498622586598056
21.488788636819425
21.477952322438245
21.466782802573288
21.45695708230196
21.446154111696483
21.434988341700965
21.425165840240037
21.414409587812266
21.40325879784337
21.393426450217895
21.382742755384182
21.37163866754215
21.36175931608928
21.35119993753792
21.340217187649795
21.33018070478629
21.319840781653813
21.309067394592358
21.298602289794825
21.288594665751315
21.27792826878689
21.266919719817757
21.257174394462044
21.246433381747746
21.23536205390663
21.225606314348962
21.214933274417525
21.203867498887593
21.194074754247357
21.18351061324422
21.172536037203823
21.16262351692008
21.152254359421455
21.141479697738298
21.13121487327207
21.121163305381277
21.11055969901126
21.099676458413278
21.089953870296508
21.079279545827195
21.06825791677496
21.05855496798188
21.047937947744572
21.036936711444344
21.02717713124584
21.016693112006426
21.005810464351292
20.99588356393604
20.985632587809526
20.974977500602026
20.964579253569507
20.95468542652013
20.94413548220392
20.933178617975766
20.92354121499477
20.91292209116792
20.90195919420142
20.89227042246643
20.88177299313203
20.87088218374082
20.861075071912413
20.850776754932074
20.8400987465154
20.829919393382337
20.819956205743814
20.80946046907439
20.798622519009506
20.78900108276732
20.778427130652734
20.767499370963442
20.75786254317736
20.747388489999146
20.73653422047762
20.7267769424481
20.71650529109519
20.70586400304617
20.695735565705032
20.685802823851056
20.67535394872986
20.66454753631346
20.6549664105872
20.64443815571528
20.633554596997545
20.623946179477272
20.61353404387707
20.60275023165176
20.592985905637747
20.582806578212924
20.572263391713165
20.562028836942762
20.552222794778885
20.54181857622853
20.53095938274358
20.521440078399163
20.510963938700336
20.500149869208677
20.490530947342677
20.48023593723436
20.469581026494406
20.459701417577307
20.449704917758083
20.439305430474654
20.428751876604057
20.4191626645561
20.408745826237894
20.397912338556658
20.388392353046502
20.378035511925958
20.367337382325754
20.35762887170213
20.34753179268533
20.337085022670955
20.326851150237186
20.31714862412064
20.30681907789931
20.29600054995847
20.286545013810652
20.276168683118723
20.265469176928416
20.25585052319171
20.245715121632706
20.23524240403486
20.225193625630432
20.215429873766304
20.205147831297882
20.194389724101782
20.184964467200224
20.174599358116843
20.163907657674745
20.15435187191901
20.144204018074017
20.133726457171406
20.12379138089656
20.114001518195057
20.103751585665968
20.093063386688613
20.083655710893584
20.073319552262134
20.06264615706498
20.053133456421666
20.04299811330792
20.032542253375233
20.02265782838594
20.012881440713294
20.00266415263852
19.99201150594875
19.982629308496385
19.97232674994161
19.961687566939702
19.95219556242671
19.942100831610627
19.931694795853897
19.921796934449947
19.9120766590339
19.90189715401967
19.891233171535234
19.881889244889
19.871622493768342
19.8610396463677
19.851539178642142
19.841517945027096
19.831191218573142
19.821200993518378
19.81158254608307
19.801435282059646
19.790751792556517
19.781436796436576
19.771229100906897
19.760736900820092
19.751175456513984
19.741278180443096
19.731066755395485
19.720848283137368
19.71139207063752
19.701240966881567
19.69060640914961
19.681266363123864
19.671173728374143
19.660816111164717
19.6510919849308
19.641382321406248
19.631285376364346
19.620746459845698
19.61146219893535
19.60128340764232
19.590779636146433
19.58134925655446
19.57141522340688
19.561199672228387
19.55121052326115
19.54170795610408
19.531643282717255
19.52103073982008
19.51176911586281
19.501687910728826
19.491358438722592
19.48173174513943
19.47203182668305
19.46198042213951
19.45152849608003
19.44227587901633
19.43215539869404
19.42169856581081
19.412312499054522
19.402431873772663
19.392285337926605
19.38229562516817
19.37286424922404
19.362848515376182
19.35229316560946
19.343056224510637
19.3330588639099
19.322833709235265
19.313146474662428
19.303569996684093
19.293594345943706
19.283075036093727
19.273899030507152
19.263837104517563
19.253511910190408
19.244059123959225
19.234335090546328
19.22432216005166
19.214086230892548
19.204837251612993
19.194818738019244
19.18439801373946
19.175103683526057
19.165269673778045
19.155203358519728
19.145270365404965
19.135908194476883
19.12596903451299
19.115491011189402
19.106297354922745
19.09640056692595
19.086300887364764
19.076556141564375
19.06712106054712
19.05722492089278
19.04673778624143
19.03760698240742
19.02767113050316
19.017531693555767
19.007941707869197
18.998439401012675
18.98856330656614
18.97811602159485
18.969020664866783
18.959060470556413
18.94886898315931
18.939424463118712
18.92984749671774
18.919968860235883
18.909644855644792
18.900541944856368
18.890591847332033
18.880347220746458
18.871022083444675
18.861379997059387
18.85148751114408
18.841335207271594
18.832192175596667
18.822288411332774
18.81200952878342
18.802762163434284
18.7930893544963
18.78319979769619
18.77315505520285
18.763992911049748
18.754130520590735
18.74384828451797
18.734640594979105
18.724970626772574
18.715101390393333
18.705090246261314
18.69594005001833
18.686103220151494
18.675842231214247
18.666647580070563
18.65700309890788
18.647164281570994
18.637139359040148
18.62802127198764
18.6181991043076
18.607974930700273
18.598776311883103
18.58917087253751
18.579367084950643
18.56930220326503
18.560226278744814
18.55041264396823
18.540234089350573
18.531021404916473
18.52146183760426
18.51169330837028
18.501579704452126
18.492547734123953
18.482741161993488
18.472611805271576
18.463379833873923
18.45386868637927
18.44413366090976
18.433973676124637
18.424982564696396
18.41518536605434
18.405106692118434
18.39585135308666
18.386390458662902
18.376687464571972
18.366486733370927
18.357531823027465
18.34774873110044
18.337723847266645
18.328437433303247
18.319031120618284
18.309359538547227
18.29912423057255
18.290199522646944
18.28043836009155
18.27047509378527
18.261140375467914
18.251799101130565
18.242158265178272
18.231899696261884
18.222993632212795
18.21327015677402
18.203385474971522
18.193962648842124
18.184709008344846
18.175094714189996
18.164846208482718
18.155928301969723
18.146278026527696
18.13650289889503
18.126898683559904
18.117777195041246
18.108167709552205
18.098012273290475
18.089008668150694
18.079494707531033
18.069851413098228
18.059920962535603
18.05097754466998
18.041320753355027
18.031335035887828
18.022173538657242
18.012821807593355
18.00325489329606
17.993090878773312
17.984247026267038
17.974580757981887
17.964746121191823
17.95541347192291
17.946205546050912
17.936667337141287
17.926482387452513
17.917621008350768
17.908045353742736
17.898364634652346
17.888753085125867
17.879728443485632
17.87017976998746
17.860140099484422
17.851130574822193
17.841742854725982
17.83221414019119
17.822175426990604
17.813355202193435
17.803739609537114
17.793915840281382
17.784680300676484
17.77548413001153
17.76600145946897
17.7558566497096
17.747047358237957
17.73750862018025
17.727875307220252
17.718310112745257
17.709327805411014
17.69983068379701
17.689850957745335
17.680862457924704
17.671539794487988
17.662076068639116
17.65202853915172
17.643265760445296
17.633697921789366
17.623969737090675
17.614695005992694
17.60559490782133
17.596162933340388
17.586090949280848
17.57727265486661
17.567844909093925
17.55833837514664
17.54858467452196
17.539751771091026
17.53025637123649
17.520441525344445
17.511347525862483
17.50217819218914
17.49278713435002
17.482709186213135
17.473974946791433
17.464506542906562
17.454963500859797
17.445433039410297
17.43653721118354
17.427114563307747
17.417251068342292
17.40826973702023
17.399068188519408
17.38970729363153
17.37966314990918
17.370971691002946
17.361503878148394
17.351951699343104
17.342540058096958
17.33362408603286
17.324249122214834
17.31437570563288
17.3054611460671
17.296256065318566
17.28692211884737
17.27691653320266
17.26825317272832
17.2588052093982
17.249267706952583
17.23990999399718
17.231005317335633
17.221665316373045
17.211813468937304
17.202927654903355
17.193747290451334
17.18444584900344
17.174461707037924
17.16582262890024
17.15640674014207
17.14691322307167
17.13754371215366
17.12868395452228
17.119367371036795
17.109572584380047
17.10067154814791
17.091548791263257
17.082286696312654
17.072312341606942
17.063686867441405
17.05432314904376
17.04491003685762
17.035436842939315
17.026665125697065
17.017352196153993
17.00765956459318
16.998685695552542
16.989656898459646
16.980430792835303
16.970501405936883
16.961847170904502
16.952578806482055
16.943277303809424
16.93358269302812
16.924940737938044
16.915602560709164
16.90605164261038
16.89694840181338
16.888038576461618
16.878827521439497
16.869006439068933
16.860266398353698
16.851127992945795
16.84192155912889
16.832040688293425
16.82348468682453
16.814158520099966
16.804764643524823
16.795456233707466
16.786693339510915
16.7774710593021
16.767812401556895
16.75892312957514
16.749939282062176
16.740787798906155
16.730922647007212
16.722317682087198
16.71312337990233
16.703908946150523
16.694207796309016
16.685647738724846
16.67636472494366
16.666927236148844
16.657795738555553
16.648993780500412
16.63983931514719
16.63015362448578
16.621371652464415
16.61237271321644
16.603261102602417
16.59341127500074
16.584872548635197
16.57567847280505
16.56647536275097
16.55688970059897
16.54833270345023
16.53910352251094
16.52967965452622
16.52060699552774
16.51182581441143
16.50271679498467
16.49306844971248
16.484311374406865
16.47535381221906
16.46628544813566
16.45647798265301
16.44795429423484
16.438816854943525
16.42967754805515
16.420044128699978
16.41154942097836
16.402342699139567
16.393001002430758
16.383883082735498
16.375176472465597
16.36609097470012
16.356535236557672
16.347731271466007
16.338861598955056
16.329834748771898
16.32011249757231
16.311543663213023
16.30251676654934
16.29347061387994
16.283718696166137
16.275291410181126
16.266121189744833
16.25692652472063
16.247614521075462
16.239049036754327
16.229950544657992
16.220553302239907
16.21161012452759
16.20287596647567
16.193868189802775
16.184304251630966
16.1756009643487
16.16673619460101
16.157762638879806
16.148062501389074
16.139560738038018
16.13055493860095
16.12154946806215
16.111854396350754
16.103466614511117
16.094338926477167
16.085186270031226
16.07591775855213
16.067392280599073
16.05834150400209
16.049003352919293
16.04006998704874
16.03139484686002
16.02243061207413
16.012948767880417
16.00422750048327
15.995443958158107
15.986519754348237
15.976917935893775
15.968376511833467
15.959482121854112
15.950557598499298
15.9408682596854
15.932486529804724
15.923460758698507
15.914460038464213
15.904946949809625
15.896574555314787
15.887507509495574
15.878343280803096
15.869245783716798
15.86071395740882
15.851749557338891
15.842431063906785
15.833578895190245
15.824936846809234
15.816038161913086
15.806614293465485
15.797923870035621
15.789202555221774
15.780336995803241
15.770822135430297
15.762275624475008
15.753473043748782
15.744617600749415
15.73501258075705
15.726613533832591
15.717707190561196
15.708822037921323
15.699210792988728
15.69091544422783
15.681906318997926
15.672909760075571
15.663608669713451
15.655235149682516
15.646264421562089
15.637119008437054
15.628130491898604
15.61963153560223
15.61074735145234
15.601493456385308
15.592675956067172
15.584104218101968
15.575269708470222
15.565949424440738
15.557242472814295
15.548623321973347
15.539817886237035
15.530445533308484
15.521831747664008
15.51317052353887
15.504384483905186
15.494958824928107
15.486440284889166
15.477730910443661
15.46895634083125
15.45946828255526
15.451057676972452
15.44228355643829
15.433505885052218
15.42395590245703
15.415663092747122
15.40680090871354
15.397982924682555
15.388472288695793
15.380246792299621
15.37131191996155
15.362387516698872
15.353168386399837
15.344862917395588
15.335976512925544
15.326930706824248
15.317960875159043
15.309560204986429
15.300746637444727
15.291625496138202
15.282780072376628
15.274333132594283
15.265561233656147
15.256406839187141
15.24762468696141
15.239158999623845
15.230411119374097
15.22124442269192
15.2124977463791
15.204026490335218
15.195294696980563
15.186126377967348
15.177400760965305
15.168931045902372
15.160211606360916
15.151048339299559
15.142334209985275
15.133870928110841
15.125161637039334
15.116008618021574
15.107298191725222
15.098845390502843
15.090144583930341
15.081006390449529
15.072292617576265
15.063853943530027
15.055160117298609
15.046040900518024
15.03731726845853
15.028896007623109
15.02020769110293
15.011111044410338
15.002371828681978
14.993970739400755
14.98528650938159
14.976215176483306
14.967455795535612
14.959076916615198
14.950395391744129
14.941350852541529
14.93256902521668
14.924213155105896
14.915533482707316
14.906515863853475
14.897711416804368
14.889378290158067
14.880700123792945
14.871708443538315
14.86288298290263
14.854571502344335
14.84589497984913
14.83692752897918
14.828083807033554
14.819792399558214
14.811118016910429
14.802172802737283
14.793313983206081
14.785040961964738
14.776369394897952
14.767444505703432
14.758573570625355
14.750317403955089
14.741649340073803
14.732743164016664
14.723862582062164
14.71562202477471
14.706958058242781
14.698069350250389
14.689180993359317
14.68095510506063
14.67229569846264
14.663423546357361
14.654528757411363
14.646316855231344
14.637662342046983
14.6288060920543
14.619905819613056
14.611707407606385
14.603058020493368
14.59421719386751
14.585312119380747
14.577126826691863
14.568482729663316
14.55965696004565
14.550747602647018
14.54257513390847
14.533936448070301
14.52512543742851
14.516212216300183
14.508052323423996
14.499419145634347
14.490622642391525
14.481705910079645
14.473558376505144
14.464930785764933
14.456148566918923
14.447228634081984
14.439093265519965
14.430471332583382
14.421703198857543
14.412780339592352
14.404656957034627
14.396040743089904
14.387286512560761
14.378360977332076
14.370249414695566
14.361638976759833
14.35289848243878
14.343970500130386
14.33587060336321
14.327265993357742
14.318539083823385
14.309608860905167
14.301520485973073
14.292921754056376
14.284208290788087
14.275276010144715
14.267199023647278
14.258606212231108
14.249906066908252
14.240971900618273
14.232906174177037
14.224319325297538
14.215632377789968
14.206696483709356
14.198641896049567
14.190061048749813
14.181387188452666
14.172449713271394
14.16440614944889
14.155831341998194
14.14717046706478
14.13823154295224
14.130198894068807
14.121630163067978
14.112982181730558
14.104041926952851
14.09602008865382
14.087457467445978
14.078822293425187
14.06988081605301
14.061869689345405
14.053313210111106
14.044690764655808
14.035748165817406
14.02774765322716
14.019197347733462
14.010587556279596
14.001643930317234
13.993653937864458
13.985109837157522
13.976512631842892
13.967568063937627
13.959588500828628
13.95105063612222
13.94246595490054
13.93352052316178
13.925551300747038
13.917019704128613
13.908447492569397
13.899501263671517
13.89154229619466
13.883016998406125
13.874457207405746
13.865510240925376
13.857561445547322
13.849042476017893
13.840495061210754
13.831547412059688
13.82360870348651
13.815096094254033
13.806561015360922
13.797612736174335
13.789684033427768
13.781177819738845
13.772655047370117
13.763706172602044
13.75578739695822
13.74728761083359
13.738777120538447
13.729827678785249
13.72191874974363
13.713425425323287
13.704927197245024
13.695977217086005
13.688078053819657
13.679591228909286
13.671105249305175
13.662154750898575
13.65426527221899
13.64578498703557
13.637311252601963
13.628360243430384
13.620480369521895
13.612006667343119
13.603545182992052
13.594593662328442
13.586723309438321
13.578256235110587
13.569807012988548
13.5608549745727
13.552994058278236
13.544533663521259
13.536096727131923
13.527144153440446
13.519292585431181
13.510838925355959
13.502414307703056
13.493461172943473
13.485618859993394
13.477171998598813
13.468759745933594
13.459806015557767
13.451972858204364
13.443532867516556
13.435133041742487
13.426178666096652
13.418354559455992
13.40992152276873
13.401534205128602
13.39257912264981
13.384763949257042
13.376337962988197
13.36796325415343
13.359007389471602
13.3512010185985
13.342782198080712
13.334420224909008
13.325463488350312
13.317665769346279
13.309254254153126
13.300905176501333
13.291947461090112
13.284158219107653
13.275754178488048
13.26741819609399
13.258459379052704
13.250678399491793
13.242282046576932
13.233959410769788
13.224999354462506
13.217226370679539
13.208837979445486
13.200529008102064
13.191567568303597
13.183802232614758
13.175422164172959
13.167127264772118
13.158164298757079
13.150406139358477
13.142034881963143
13.133754582171578
13.124789986215363
13.117038336632659
13.108676580466406
13.100411577361879
13.0914453525592
13.083699216582675
13.075347973222268
13.067099208886681
13.058131615127902
13.05038941545611
13.042050241554996
13.033819011758565
13.02485092915893
13.017109994132193
13.008785425720427
13.000573547692609
12.991607326274115
12.983862773770372
12.975557203710691
12.96736722149389
12.958408844782415
12.950650926779009
12.94237252233575
12.93420780647952
12.925272445533894
12.917479723294546
12.909244739633102
12.901108543947814
12.892232865833353
12.884354721642085
12.876196107927532
12.868085259723118
12.859343254199167
12.851264185427226
12.843240590890533
12.835123314268925
12.826596604021063
12.818154076706353
12.81031879408576
12.802125361368834
12.79379996292185
12.785054284114057
12.77734161133576
12.769083042076712
12.760868383052598
12.752008623242787
12.744327176651431
12.736061900815839
12.727899140478197
12.719006143088414
12.711322115359653
12.703075486288048
12.694948381889562
12.68605670270935
12.678348048830076
12.67013782959045
12.662044771589462
12.653191981808689
12.645417308727955
12.637272701313943
12.629212489957947
12.620470299210446
12.61252922438141
12.60450627893148
12.596456471584517
12.58792584836601
12.579632048466308
12.571802797173754
12.563689224169735
12.55539076279048
12.546724298021957
12.53905119449245
12.530854267959466
12.522695939923882
12.513885060943078
12.506247666410657
12.498042668758805
12.489949358185969
12.481107866794513
12.473451949121454
12.46527890393799
12.457229148751644
12.448419700235853
12.440694201876976
12.432589594517594
12.424577055680878
12.415885997110324
12.407977076609814
12.400004004057713
12.392000588677233
12.383538702863584
12.37524005831249
12.36747471121126
12.35939555538862
12.351171399860222
12.34250613125968
12.334885251786423
12.326729087691955
12.318640127574046
12.30985611264167
12.302250308479286
12.294102083678057
12.28607750426931
12.27729388490154
12.269634699647359
12.261544110873436
12.253564511567657
12.244877949184293
12.237060017726266
12.229089969420697
12.221131082258761
12.212665606930244
12.204475645949923
12.196712482585182
12.18869039496503
12.180482554484545
12.171876443073963
12.164283128130124
12.156170174555395
12.14811861741802
12.139374635245055
12.131797753057882
12.123692839551804
12.115714065771604
12.106981739733875
12.09933028088197
12.091297363539793
12.083364684292405
12.074768231975956
12.066895280513167
12.05901407567643
12.051084223125692
12.04274799624311
12.034419084866164
12.026766488959078
12.018738154631807
12.010639946408338
12.00198755522161
11.994442535613336
11.986361435456613
11.978386084507758
11.969672543714461
11.962093022270803
11.954056670804905
11.9461430382649
11.937517612859002
11.929774391445495
11.921862381558238
11.913974696077613
11.905585421556008
11.897436582940593
11.889746548285803
11.881787406322495
11.873669770226254
11.865095529565009
11.857569044686985
11.849522984398238
11.841563888749402
11.832884579263137
11.825340706895508
11.817327783495156
11.809441678926301
11.800840395576767
11.79313579447524
11.785245950780977
11.777389887902995
11.769028075415859
11.760909168612313
11.753246015926509
11.745317545454073
11.73723460763347
11.728681995737164
11.721182512900775
11.713167453440386
11.705246472219995
11.696601090522948
11.689068912537218
11.681097806095396
11.673249804068602
11.664713272658348
11.656975210531812
11.64915038377587
11.641319716431003
11.633054734894428
11.624834069560713
11.617254169750979
11.609322418417072
11.601321096915235
11.592748454276391
11.58527724997292
11.57729418144795
11.569429635757633
11.560832139216421
11.553274339274164
11.54537073612998
11.537566152348496
11.529150815614479
11.521275374609035
11.513567710679927
11.505738502405617
11.497626275660506
11.489221182246574
11.481744700870841
11.473795402307159
11.465898053208562
11.457313586461092
11.449843293200054
11.441912290709324
11.434110820642301
11.425612613269482
11.417947769600136
11.410157842377082
11.402382958874895
11.394160678952572
11.38600052255985
11.378463329078555
11.370586572348627
11.362641129385608
11.354116853883044
11.346686451214703
11.338760767841716
11.330958756598756
11.322436586965214
11.3148816411376
11.30705821685829
11.299310216146372
11.291021089799182
11.283050596247769
11.275460253337387
11.267649034343274
11.259667268054862
11.251212709608415
11.243801599198092
11.235896021626314
11.22809682167337
11.219580590886444
11.212086333241345
11.204257641807834
11.196529635794624
11.188215223141468
11.180354718168942
11.172742647998351
11.164975420003596
11.156979412516627
11.148583291195864
11.141186294930051
11.13330489590092
11.125514887027718
11.117016821578188
11.109559196477838
11.10174051985085
11.094032505533118
11.085721275512075
11.077915995187714
11.070307357263003
11.062570119342535
11.054582334349893
11.046222198155624
11.038841530200239
11.030983833837345
11.023212596963548
11.014738788367923
11.007299943295463
10.999503420525789
10.991817888378835
10.9835360369313
10.975736226336378
10.968155316653085
10.96043651124875
10.952482027696686
10.94412829186757
10.936769101999241
10.928932901269015
10.921192378476615
10.912749198073593
10.905308995252843
10.897548130895816
10.889887645920373
10.881664577097943
10.873813066612
10.866286788768706
10.858572341398881
10.85067661350288
10.842306592561203
10.834968650757332
10.82715563222843
10.81945691287069
10.8110598151614
10.803585980695775
10.79588059991853
10.788244064026932
10.780115968630572
10.772139834994046
10.764698033293056
10.756967900902502
10.749151876021113
10.740763619268666
10.733434332056493
10.725653628966121
10.718001424916839
10.70967848371967
10.702121955079756
10.694497296276085
10.68687364754148
10.678869541658255
10.670720874747802
10.66337321430815
10.65561770282529
10.647887861852238
10.63950098687714
10.632156183774214
10.62442243054067
10.61681217394036
10.608593263866213
10.600898190160056
10.593376440841153
10.585743921045445
10.577866521528964
10.569588737586336
10.56229792989076
10.554543602401914
10.546892457833657
10.53855309295046
10.531138792420355
10.523484451909669
10.51590586769784
10.507840619229839
10.499904091311222
10.49252098370019
10.484844002719207
10.477097150687037
10.468764383812024
10.46147361783113
10.453759773113301
10.44617475811671
10.43795368979698
10.430366695860346
10.422840884441557
10.415260084826498
10.407382539770524
10.3991795347442
10.391913588694894
10.384197800988336
10.376569300052962
10.36826109037319
10.360896191457329
10.353265639906494
10.345722637520813
10.337680703458087
10.329799886320204
10.322440111858626
10.314804030905139
10.30708932489848
10.298796282557225
10.291532751225562
10.283857480188725
10.276310284661827
10.268142440230662
10.260554893254351
10.253079520809171
10.245527044067272
10.237710458720166
10.229510459318227
10.222279888060832
10.214598792620249
10.207022546593494
10.198773900422564
10.19139032020085
10.183824921510263
10.176315975032402
10.168373739830741
10.160399073920098
10.153122131176158
10.145488910215919
10.13785358282624
10.129589348128132
10.122325028226864
10.114706831772263
10.107207199823952
10.099146293302299
10.091448322351516
10.084074296556597
10.076522474459093
10.068813432300662
10.060592045109791
10.053381667274598
10.04574809965573
10.038241215071182
10.030105361124026
10.022599904128526
10.01515241657176
10.007656282688778
9.999875427072284
9.991736456268727
9.984547066957038
9.976916209422937
9.969387739155051
9.961197021697217
9.953845035960086
9.946334361931108
9.938873116254207
9.931002135778025
9.923030300427053
9.91581341982497
9.908218606017327
9.900650068045865
9.892442679225443
9.88519440734973
9.87764219365881
9.870195633373287
9.862237174256416
9.854475020328046
9.847194553568569
9.839662103922956
9.832047148271064
9.823861269409752
9.816667292872802
9.809101928709504
9.801660134567415
9.793649395765359
9.786036752821783
9.778708969595446
9.771225802259696
9.763576376165027
9.755422105235564
9.748261174877387
9.740694538706299
9.733254363283589
9.725210424496414
9.717707007284792
9.710346401702845
9.702899947493316
9.695221548505664
9.687106294044519
9.679968792570575
9.67240582794352
9.664964037038635
9.656893227477912
9.649485155017445
9.642095761795552
9.634679949378539
9.6269694747695
9.618909306492796
9.611785590668742
9.60423195671372
9.59678349117436
9.588690555223476
9.581369918676945
9.573953412421766
9.5665629858979
9.558814064050582
9.550834809169062
9.54371069072963
9.536176113490393
9.528715336847453
9.520610430514616
9.513363293068505
9.505925383956017
9.498554311915678
9.490766124117224
9.482887780913213
9.475749251723244
9.468244471632806
9.460769536159463
9.452667674302104
9.445472030180445
9.438024318761517
9.430667698858986
9.422852691853967
9.415063740430012
9.407910004116523
9.400436570131365
9.392953210300636
9.384864301254646
9.377700549998359
9.37025451200053
9.362910503421238
9.355087052267793
9.347355075160184
9.340196742075898
9.332747835869712
9.32526593454142
9.31719271222543
9.310048380063959
9.302611400581213
9.29528012901232
9.28746303027853
9.279758608321202
9.272606900297761
9.26517510253517
9.2577033633606
9.249645879415496
9.242513319859123
9.23508990547603
9.22777196861283
9.219971472247732
9.212273466166735
9.2051367232343
9.197716498156547
9.190261193041058
9.182219267455569
9.175093232849118
9.167686415173005
9.160382212035639
9.152605302129492
9.144899274076392
9.137783047991192
9.13037063751627
9.122935917690567
9.11490973062234
9.10778627596325
9.100398226023092
9.093107771411495
9.085358994401773
9.077635850651284
9.070543302957445
9.063136464475498
9.055724763806547
9.047714912055238
9.040590930199988
9.033223239153916
9.025946198248027
9.018228257404159
9.010483199271329
9.003415542870137
8.996013328681054
8.988625833625585
8.980633320362593
8.973506109903292
8.966160079801737
8.958895871649709
8.951210370252122
8.94344149241434
8.93639859370998
8.929001020080692
8.921638238115946
8.913664539585604
8.906531208522617
8.89920822671169
8.891956092625295
8.884304378334136
8.876511138940993
8.869492091971912
8.862099802101348
8.854762116406068
8.846809421824057
8.839666021507082
8.832367940761888
8.825126897447454
8.8175107618572
8.809693000184602
8.802696339972146
8.7953104929949
8.787998546256697
8.7800702639665
8.772910585340805
8.765640474073331
8.758409037934474
8.750831561721338
8.74298901836131
8.736012471099906
8.72863498955243
8.721350056894362
8.713452006159201
8.706265147173099
8.699028386760256
8.69180396593275
8.684270476906075
8.676403453361806
8.669442696507465
8.662077188352022
8.654821397537187
8.646964172445667
8.639729711505757
8.632536057259104
8.625313469954953
8.617832663873472
8.609944885959113
8.602990370818906
8.595644180703077
8.588420017299152
8.580622729334959
8.57330239589377
8.566168904339408
8.558937265040043
8.551521261025258
8.543625158884373
8.536657184966773
8.529343449200463
8.522150884672657
8.514440630574606
8.506976875116546
8.499925588597328
8.492667054894158
8.485325398791106
8.477440046148711
8.470433217011948
8.463164936739226
8.45599580650656
8.448385188707531
8.440754854717278
8.433786232990085
8.426494695237245
8.419221247978909
8.411359312332712
8.404302074848452
8.397081154760055
8.389923315644372
8.38239457707128
8.37465409464497
8.367734779678232
8.360431520478297
8.353208787452273
8.345384968495203
8.33826695079082
8.331096502564474
8.323941597096596
8.316483832098898
8.308682799747748
8.301784230218068
8.294490214773822
8.287309673620184
8.279546538995916
8.272334360908037
8.265229345123986
8.258066049073712
8.250685171943077
8.242856306419114
8.235949097851597
8.228685172106497
8.221543816105937
8.21387713650966
8.206499912395836
8.199488447096483
8.192293952648555
8.185001185059084
8.177179288493534
8.170223913149721
8.163012000404162
8.15589845124826
8.148352632067423
8.14076408875264
8.133852902531094
8.126614088309182
8.119403494797258
8.111609563451198
8.104584432833772
8.097429702681762
8.090325193741855
8.082876922797498
8.075159868916812
8.068298352192247
8.061048099294165
8.053895580249199
8.04615540215175
8.039035558848228
8.031947316322514
8.024837466305042
8.017475520430738
8.009703552982685
8.002845720774092
7.995617352997688
7.988511141289423
7.980865075759391
7.973581945540542
7.966588518058952
7.9594500480557855
7.952183623444993
7.944408920488125
7.937504506940078
7.930328615058643
7.92325628293394
7.91574318329011
7.908219987661251
7.90134113678183
7.894150241894171
7.886977523414116
7.879231090371609
7.8722465450886805
7.865133933902177
7.8580716484068205
7.850670370146036
7.842993004184501
7.836171223737114
7.82896395019382
7.821857034490296
7.814171079549946
7.807072864553788
7.800035515428903
7.792963695507405
7.7856582476155705
7.777925701291879
7.771099308211159
7.763919601976258
7.756861372979247
7.749286189929448
7.741988031268663
7.735060031563508
7.727948749680581
7.720747004515137
7.713021696481349
7.706131306843647
7.6990127320396065
7.691983729611973
7.684550907782127
7.677000911810265
7.670184762948433
7.663020822833381
7.6559119380394565
7.6482249498474895
7.641237635049377
7.634188439727545
7.627161548583437
7.619837756283596
7.612167339638645
7.605384211664637
7.598221265516666
7.59117352188613
7.583571087051971
7.576428286962054
7.569472285587316
7.562422334587958
7.555202675493372
7.547507110594496
7.540687734254488
7.533572126527589
7.5265673983081145
7.519105259775657
7.511701993277801
7.504873372141846
7.49776548268705
7.490652481623221
7.482983375237417
7.476074677371637
7.469028784300127
7.462037807108955
7.454707468933731
7.447107705577664
7.440351603569322
7.4332167010384165
7.426181154541422
7.418576953926434
7.411535923775661
7.4045737077065885
7.397569536900735
7.390345464933079
7.3826868278516145
7.375918988226931
7.368816115929145
7.36183198588016
7.354353972075029
7.347078012052684
7.34023830435373
7.333184552745216
7.326071617242364
7.318428095474837
7.311580171508425
7.304545627633346
7.2975857263908
7.290255968269601
7.282728519092464
7.275992096941581
7.268890461459448
7.261869027172313
7.25427686788535
7.247309124895166
7.240353191996059
7.233386814863665
7.226167865486429
7.218549872466426
7.211821591105043
7.204738343983791
7.197774551944518
7.19029452690384
7.183117375714575
7.176275656999
7.169268711824953
7.162161706903488
7.154545903471397
7.147749167153313
7.140729783566562
7.133798254575435
7.126472514212749
7.119017942844502
7.1122972636656705
7.105231410345214
7.0982248511928825
7.090651293984557
7.083743280881259
7.0767995685976635
7.069867157210388
7.062658014684442
7.055082514749159
7.0483877615755635
7.041327624120725
7.034384237691773
7.026909922934338
7.01981441504264
7.012976673118182
7.006011476311782
6.99891353370233
6.991326287142623
6.984575980900935
6.977573330311899
6.9706683447551026
6.963347207457675
6.955968146905864
6.949259868564891
6.942231703315155
6.935239453782054
6.927687570813863
6.9208332119543226
6.913904133496354
6.907003630652244
6.8998055954854225
6.892274903483813
6.885610195236833
6.8785749793347755
6.871651370096423
6.864185918355794
6.857164377227153
6.850332973077868
6.843406768833889
6.836318088655938
6.828760169026646
6.822054474896271
6.815068516433362
6.808188244333787
6.800869083249733
6.793573154944907
6.786872528870526
6.779884709245525
6.772904275109847
6.765375232269262
6.758573334611238
6.751658840795154
6.744789008998856
6.7376001742919
6.730119425633566
6.723481785161735
6.716472872609025
6.709567119904475
6.702110477130666
6.695162530400426
6.688336605369426
6.681448404013345
6.674366261854018
6.666839619850507
6.660178218182226
6.6532079285214945
6.646349821451126
6.639026717640409
6.63182796399431
6.625127532739331
6.618184219749272
6.611210566602096
6.603704583316299
6.5969575221205625
6.590055557908411
6.583215264028312
6.576030007584513
6.568610501227783
6.561995327018589
6.555015132089528
6.548123367239665
6.540673875511332
6.533803444064991
6.526980007065344
6.520129419500683
6.513048098628558
6.505557980306003
6.498940339247436
6.491984547448897
6.485144431384972
6.4778082761085
6.470727087468564
6.464015972009502
6.457122718588068
6.450147019712871
6.442663754770531
6.435977734443096
6.4290835059214775
6.422270727427495
6.415076541571309
6.407744707227385
6.401141472367956
6.394196451489323
6.387310911181999
6.379867031307264
6.373080771253384
6.366255251372315
6.359441631290301
6.352351621231491
6.344911880111936
6.338333820133818
6.331393470188039
6.324564422307575
6.317205504410705
6.310262405233108
6.303528258982919
6.296689369116978
6.2896977911830785
6.282238896819139
6.275622251523898
6.268728193281485
6.261937159836796
6.254709409984649
6.2475236419983755
6.240906426839288
6.234013578195239
6.227118405376678
6.219683028404036
6.212986821554715
6.206154734447353
6.199375487960373
6.192262918020603
6.184905905321452
6.178353196819295
6.171436517861702
6.164608333215847
6.157225380742413
6.1504240116867255
6.143660895579053
6.1368735069475315
6.129850546042787
6.1224329777466355
6.115881814335296
6.108985742899824
6.102203036178968
6.094914190665959
6.087944086174809
6.081275082406933
6.074456154775511
6.0675251380917326
6.0601056916247495
6.053506583469662
6.046660376386136
6.039907186545848
6.032741525829467
6.025549333877165
6.018983828347935
6.012116606725956
6.005269205530439
5.997874517475519
5.991203943903843
5.984413185066399
5.977667787828903
5.970597596472638
5.963275325765155
5.9567584267271325
5.949877515239291
5.943084979226402
5.935738223941305
5.928979620248827
5.922249060087196
5.915497900110425
5.9085048140861804
5.901130875889166
5.894618932475487
5.887755445445561
5.881003008745193
5.87373389403688
5.866842277242368
5.860190061830913
5.853416690185975
5.846503118357129
5.839120589165399
5.832577580123082
5.8257538036984
5.8190314961372
5.811866534340237
5.8047891954123445
5.798230046390101
5.791416694270899
5.784579795385084
5.777212932412323
5.770617279912058
5.763840545553622
5.75713214541867
5.750057691511746
5.7428386857914955
5.7363418544581055
5.729504402378359
5.72272217534549
5.715383041460317
5.708733433074605
5.702000441158933
5.695295457429225
5.68828514630232
5.680999196667025
5.674528367380657
5.667691832263497
5.6609461880261005
5.6536473276796615
5.6469370085919754
5.640250085861179
5.633542939975653
5.6265890984533
5.619270430741326
5.612806684853731
5.605984687558064
5.599269524166603
5.592024947132087
5.5852321168333985
5.578600156682907
5.571882964393275
5.564987212660301
5.55765636332585
5.551182660363979
5.544386270422912
5.537697755447664
5.530522930922448
5.523616645006167
5.517050450558248
5.51031256548916
5.503476025676415
5.496149219048939
5.4896507350925114
5.48288718455065
5.476218328875357
5.469116205985102
5.462091076546238
5.4555876393788925
5.448826412610926
5.4420404544091046
5.434725418561855
5.428201013267273
5.421468051840944
5.414810990478605
5.407763752740791
5.4006616424261
5.394199557181937
5.387427059356048
5.380675400446128
5.373374699879263
5.366833766326607
5.360124782740861
5.353475940543377
5.346463907052988
5.3393277208002115
5.332889360572338
5.326117030399866
5.3193871192862465
5.312100442355291
5.30555375923595
5.298862529218656
5.292221494560551
5.285231450090923
5.2780865369998216
5.271663156693638
5.264896666639936
5.258181044953828
5.250905939280441
5.244363491526371
5.237684526627969
5.231051852569304
5.22407408291243
5.216936907916698
5.210523631413162
5.20376593402996
5.197059296099151
5.189792535796783
5.183263660767404
5.176591772983906
5.169968152837206
5.162993982036782
5.1558787973124165
5.149471492565345
5.142724991994419
5.136022568547376
5.128761238773176
5.12225425897291
5.1155846976224515
5.1089705348141825
5.101991624649336
5.094913243095865
5.088507008057428
5.081774689980166
5.075071764732477
5.0678143839687575
5.0613353217027965
5.054664381486428
5.048059443155231
5.041068263532207
5.034041963265379
5.027630766621139
5.0209164771065256
5.014208502211648
5.006955727583926
5.000507283610497
4.993833040257903
4.987236325039418
4.980227269731286
4.973266199938555
4.96684386024462
4.9601515398082725
4.953434543041961
4.946188819270309
4.9397707538097695
4.9330928964225365
4.926502827125243
4.919472385651357
4.912585657175025
4.906146978363828
4.899479593710149
4.892749996617906
4.8855145808442835
4.879125523101072
4.872444245229116
4.865858751213446
4.85880378375991
4.851998785400788
4.8455389280299785
4.838898534863175
4.832151743804884
4.824931010311343
4.818569775975491
4.811884855692602
4.8053008616989255
4.798216268855029
4.7915029643482345
4.785015465660356
4.778403853528107
4.771631606335879
4.764434467936634
4.7580993742156545
4.751410349945851
4.744822226632015
4.737699549314362
4.731093009962843
4.724567849071124
4.7179860144241195
4.711171731675092
4.704023768253523
4.697706901827476
4.691016666375346
4.684412748993899
4.677244252491352
4.670759548502657
4.6641841596672435
4.657628301595101
4.650741491286089
4.6437158200311845
4.637384639918369
4.630713728211222
4.624073205640177
4.61687510448903
4.610498343748151
4.603873505497363
4.597328022851111
4.590341106341031
4.583533969705523
4.577133209990852
4.570518992184247
4.563817939046723
4.556636281711446
4.550323485668495
4.543671044034732
4.537118096963494
4.530041984231685
4.523443873338849
4.516961119604643
4.51040249967985
4.503622595354921
4.496510568506262
4.490225869920283
4.483563808503826
4.476982130599305
4.46982953131191
4.463413352984407
4.456847167917706
4.450321318823555
4.44341901782682
4.436520327432639
4.43018745889924
4.423565382475363
4.416917953089
4.409748235763502
4.403447579464776
4.396822460661884
4.390293214819165
4.3832511546117745
4.376656719869088
4.370204555630127
4.363661213967743
4.356905002108132
4.349819053977917
4.343556836264869
4.336914087493526
4.330346530211522
4.3232045494387785
4.316837835286824
4.310276078134574
4.303769106282362
4.296848295950036
4.290058315518114
4.283712965254602
4.277131362773239
4.270470690976096
4.263335838835531
4.25707897311719
4.250457576662304
4.2439318944556685
4.23685155531023
4.230400163933298
4.223906961935382
4.2174037096524835
4.2105821049576
4.203650058228405
4.197376721602991
4.190770528947643
4.184169284157959
4.1770293718772376
4.170767653449749
4.1641709520333885
4.157667692898474
4.150634273627574
4.144133200903335
4.137685345306982
4.1311828119281495
4.124411724969467
4.117437101003955
4.111194077346713
4.104588766273287
4.098014526331562
4.090884456769709
4.084628616161336
4.078048254830826
4.07155746881262
4.064541910122614
4.058047291006629
4.05161495687181
4.0451217457077355
4.038360832571321
4.0314083932238
4.025175483916544
4.018582623217552
4.012013059401114
4.004895402706284
3.9986632578679098
3.9920860978855766
3.9856000528130644
3.9785692210288626
3.972142203774276
3.965692858481284
3.9592184514664863
3.952424098374939
3.945567173996007
3.939319132426552
3.9327535758045946
3.9261639405896798
3.919071523075569
3.912871928182529
3.906290021508528
3.8997979806984002
3.892730848619111
3.8864100759963565
3.879918435043387
3.8734609637013433
3.8665835501993104
3.859923827841407
3.853612949973221
3.8471017618860532
3.8404535873331356
3.833433848917833
3.8272528252613442
3.8206731415998414
3.8141570757871603
3.807065930113949
3.8008470021994385
3.7943069614175764
3.787847455503005
3.7808530817665504
3.774449272136812
3.7680305171508843
3.7615777395637684
3.7547978704861644
3.7480110369197055
3.7417763027113637
3.7352441354656016
3.7286563495085363
3.7216158047121475
3.715454694984271
3.708887574100218
3.7023955677285127
3.695321633411832
3.689111584465603
3.6825908371613867
3.676143977889617
3.669164126763454
3.662784463578234
3.656376543108218
3.6499367526214983
3.6431545615294483
3.636426981012117
3.630191116381966
3.6236821627145703
3.6170869551907736
3.61008976236926
3.603944675961037
3.5973886837391227
3.5908908669248243
3.5838281217566563
3.5776675493407786
3.571134573600818
3.5646829020195914
3.5576557375093163
3.5514081879956994
3.544944525657188
3.5385195271370007
3.531620039024265
3.525161506945241
3.5188251582415058
3.5123849721508456
3.5056785271753808
3.498883922029457
3.4927017218159375
3.4861882137944247
3.4796307845668712
3.4726418047859227
3.4665194698796937
3.459976551367095
3.4534896798911108
3.4464482360885973
3.4403193013576305
3.43379158390743
3.427340494090501
3.420306835735204
3.414135943975154
3.407648560436709
3.401224218342269
3.3942494727047388
3.38798087104633
3.381566845738745
3.375158212407903
3.368311228043269
3.361835961970496
3.3555422229407905
3.349111461504927
3.3424339787275783
3.335669325378154
3.3295078278641763
3.323013385712892
3.316461191028896
3.309526577762958
3.3034235604427735
3.296898453869911
3.2904044511587007
3.283411656187748
3.2773201320272034
3.2707944172924788
3.26432628107481
3.2573159087446255
3.251222750197366
3.244705881222386
3.238253715196925
3.2312398895222714
3.2251406847572457
3.218636211084947
3.212197177562594
3.205186872583904
3.1990777812593123
3.192588758126602
3.1861622880228455
3.1791618019797894
3.1730366419937126
3.166567668302729
3.1601541230091397
3.153172755372228
3.1470199173240077
3.1405790045556463
3.1341788212749804
3.1272332639147584
3.121029934156887
3.1146312149802524
3.1082427623877784
3.101361903226151
3.095064719016788
3.088730691694244
3.0823446221129034
3.0755649815519908
3.069109930892809
3.062866029545772
3.056459218173867
3.0497967237600214
3.043150971832483
3.036998971686253
3.0305512872881604
3.0239776106756433
3.0172022705507597
3.0111052120511634
3.004628213754747
2.998098304958952
2.9912717213077116
2.98519641500469
2.9787085132181774
2.972192649988268
2.965358379165815
2.9592898690250187
2.9528005211345816
2.946285048878768
2.939463356704826
2.93339532321589
2.926909006914349
2.920388374353714
2.9135879889202947
2.9075175408873104
2.901036587564342
2.8945089588858295
2.8877326966154384
2.8816586677582765
2.8751841681565313
2.868649323953669
2.861897323074279
2.855819409755193
2.8493517184444954
2.8428099260118094
2.8360816020486386
2.82999977103988
2.823538923044382
2.8169903849827493
2.810285353780756
2.8041995186327973
2.7977454911675896
2.7911901658398133
2.784508494062868
2.778418409170643
2.771971230526343
2.765408831631684
2.758750990374143
2.752656254091744
2.7462160187023392
2.7396460645015033
2.7330128265811164
2.726912908554012
2.720479760709666
2.7139016059203778
2.7072939832140483
2.7011882347338205
2.6947623481712633
2.688175182444513
2.6815944274849057
2.6754820713959493
2.6690636438706137
2.6624664649425176
2.655914112734025
2.6497942119295277
2.6433834639898475
2.6367750274829347
2.6302529586838186
2.6241243661188336
2.6177215344710394
2.6111002666842267
2.6046108385267583
2.598472113222
2.5920774520341987
2.5854413210004177
2.5789875452193867
2.572836826318503
2.5664505962940285
2.5597969118150408
2.5533827293252815
2.5472175369587706
2.540839974698157
2.5341650740027886
2.5277955422811176
2.5216125391852042
2.515243587189381
2.5085421635926695
2.502224728796667
2.4960188259555482
2.4896580900110266
2.482922288635073
2.476667603376732
2.470430932856034
2.4640767750274977
2.45729527973676
2.451118083855111
2.4448380657605226
2.4384848900137843
2.4316453385099948
2.425562454595168
2.419218946431508
2.4128487992209333
2.405970650388993
2.3999781513977383
2.393553119618506
2.3871164284399216
2.3803807679304207
2.3743782324967735
2.3679311111976102
2.361373078809032
2.35491625346246
2.348802986716045
2.342411596779629
2.335731146824131
2.329466789460871
2.3232590418514745
2.3168993803987905
2.3101135380646274
2.304003368674457
2.2977013702497175
2.2913368834592838
2.2844805986110104
2.278496817828655
2.2720855450991024
2.2656449576649877
2.258968908008568
2.2529642838341926
2.246529827146017
2.2399388378308
2.233591509260601
2.2274434857279526
2.2210690325139026
2.2143213537872817
2.2081991362079356
2.201920242654893
2.1955525493475134
2.1887144578599536
2.1827457186599126
2.176332076888388
2.169868668396638
2.1632912895606196
2.157262260664537
2.1508462680238116
2.144204126560368
2.137971734803359
2.1317741052037196
2.1254063179553344
2.1185995635075523
2.1125947202403443
2.106232421311361
2.099808810419931
2.0931384736986804
2.0871561729864405
2.0807234182665533
2.074113975351704
2.0678662028548054
2.0616870145194155
2.055312442813675
2.0485136258057977
2.04252577578956
2.0361545771106693
2.0297075753809595
2.023127788716262
2.017119995367537
2.0107011634685668
2.0040439479688286
1.9978885972043028
1.991660418635031
1.9852767582258282
1.9784891650179068
1.9725469617760973
1.9661217352481846
1.9595840992628468
1.9532554556184956
1.947137586660005
1.9407509109891816
1.9339830304666306
1.9279929482886053
1.9216369652022585
1.9151762728989485
1.9086655281368579
1.9026435065502
1.8962320720649224
1.8895331325199707
1.8834714813321818
1.877185796018889
1.8707619845974426
1.8641288911629552
1.8581621082583297
1.8517285606687184
1.845070612796711
1.8389745024860957
1.8327188636614686
1.8262958915785512
1.8196502548059146
1.8136923467655752
1.8072541719718385
1.8005930180905139
1.7945154463899131
1.7882475481406503
1.7818067119760672
1.7752283616723679
1.769249530846421
1.7628170628524666
1.7561250015523309
1.75009956444992
1.743788568941178
1.7373088954323626
1.7308712694907544
1.7248355758494753
1.7184205170257636
1.7116893622733143
1.7057271130553744
1.6993521961004319
1.6928052575803358
1.6865574790197748
1.6804239581917624
1.6740129359256803
1.6673040042133014
1.6613781481080858
1.654934410801604
1.648283827194043
1.6422339529702246
1.6359502417793774
1.6294564394280218
1.6230642770296406
1.6170162975488014
1.610592765194303
1.60387322057431
1.59794308365553
1.591516473766886
1.584878551519233
1.578818892907435
1.5725485035144644
1.56604852482292
1.5596812775108244
1.5536260455018092
1.5471949775201657
1.540499773925585
1.5345755178930676
1.5281247973573413
1.5214501226873156
1.5154597808460433
1.5091110401589949
1.5025188547945743
1.4963766945295958
1.4901833396422266
1.4837144316930053
1.4772460729282682
1.4712466081364888
1.464790230378066
1.4581122230779
1.4521843866937052
1.4457220251493481
1.439034224532115
1.433078778295477
1.4266695840730823
1.420000940655098
1.4139992089962459
1.4076655471782973
1.401061412123712
1.3949525261083067
1.3887361011009027
1.3822252925736138
1.3758985383896412
1.3698334371951464
1.363366073165139
1.356801569147708
1.3508473300746786
1.3443525856210516
1.337715044266925
1.3317769443072307
1.325273583098212
1.3186204509801214
1.3126811151751359
1.306166727675353
1.2995220342607363
1.293577600596127
1.2870454923605865
1.2804318556414753
1.2744748875462326
1.2679244890332884
1.2613616037815918
1.255383591525838
1.2488219393151612
1.2423156714679424
1.2363139591132948
1.2297497342078314
1.223291132015883
1.2172700654522803
1.210707361351416
1.2042842082455751
1.198249287469222
1.1916880078361083
1.1852927575472259
1.1792467309217853
1.1726851761060717
1.1663158722864744
1.1602585587107508
1.15369491170144
1.1473532593664775
1.1412826683124118
1.134715386683597
1.1284047681784035
1.1223180310993375
1.1157456509725199
1.1094699288703984
1.1033636609308497
1.096784226032276
1.0905478984884054
1.084417754890565
1.0778283750638051
1.0716370119112761
1.0654768789359754
1.058872992467099
1.0527338012366785
1.0465342544009968
1.0399083204583204
1.0338308408248094
1.027575375997946
1.0209158620483667
1.0149108855818734
1.0085686068498232
1.0018714650680378
0.9959367956278282
0.9894497689545378
0.9828319346603231
0.9768800117547021
0.9702199651112138
0.9639527554771704
0.9577996768581327
0.9511031209047857
0.9450622603712813
0.9387247726813792
0.9320027592437824
0.9260756880804731
0.9195130473678006
0.9130243213734044
0.906993476081073
0.9002599831111745
0.8941809930862445
0.8878614289089661
0.8811214327200251
0.875194288356574
0.8685914261304324
0.8621799668021641
0.8560918012146215
0.8493177628980597
0.843321412956953
0.8368800209445557
0.8302089713626146
0.8242544670230207
0.8174783250189641
0.8113899564339815
0.805036844328304
0.7982880966328819
0.7923586891628549
0.7855986002878232
0.779458159705794
0.7731357931279329
0.7663638063931429
0.7604362997689591
0.7536466588448699
0.747540558621456
0.7411641839795329
0.7344306286538237
0.7284769807003871
0.7216080191801465
0.7156116846570201
0.7090714351937186
0.7025439703725737
0.6964611093107186
0.6895550004857008
0.6836426743432793
0.6768583910657214
0.6706995243827114
0.664313503960122
0.6576022943934632
0.6516036602057876
0.6446448923177147
0.6387299213949457
0.6319079389383818
0.6257802858795033
0.619312229955929
0.6127155013378329
0.6066220063992764
0.599673997362552
0.5937575667317609
0.5867609512594372
0.580813899256828
0.5739814078086244
0.5678470407076542
0.5613048786340149
0.5548270017390675
0.5486020230967337
0.5417659783232477
0.5357604955594275
0.5287356728228056
0.5228088592101596
0.5157308726189704
0.5098048284774137
0.5027364580796818
0.4967820296794453
0.4897455881483427
0.4837545942491188
0.4767542685272661
0.4707272147423372
0.4637575906215072
0.45769984792789103
0.4507479040215424
0.44466925540496466
0.43771376232250037
0.43162858965358136
0.42463958511008826
0.4185653852032914
0.41151056167609107
0.4054602483020859
0.3983435093729725
0.39230279982583033
0.3852341381032108
0.3791390746524036
0.3722246246846971
0.36601420047969013
0.35925537855458745
0.35290942219274096
0.3462876706604222
0.33978544188136284
0.333296568286863
0.3265889960561544
0.32023929041807964
0.31325731853862016
0.3070243708043417
0.2999687754760794
0.29366282816150036
0.2869090948035108
0.28024325352195234
0.27376745772693134
0.26669608252640703
0.26031241244503267
0.25349680965036053
0.24669494801922937
0.2401699502794649
0.23314766880428564
0.22646922965744776
0.21979566264778277
0.21271070665568476
0.20594399895248572
0.19920245321428878
0.1921713191079308
0.18514036276981333
0.17832865153078392
0.1714289138832723
0.1642105444105794
0.15708303710064964
0.15003829530000196
0.1430395402906912
0.13591289692616607
0.12855702388906326
0.12112232346171872
0.11362884038586969
0.10607038166096898
0.09842803005177655
0.09067871485607627
0.08282287232014297
0.07493350708405416
0.06705881492160373
0.05912536477463576
0.05103339519852618
0.04267258638436473
0.03421690645366295
0.02557340709627756
0.016631665136155348
0.007709185623564916
0.005220256086191613
