800.0
799.89077774696
799.49077774696
799.09077774696
798.6907777469601
798.2907777469601
797.8907777469601
797.4907777469601
797.0907777469602
796.6907777469602
796.2907777469602
795.8907777469602
795.4907777469602
795.0907777469603
794.6907777469603
794.2907777469603
793.8907777469603
793.4907777469604
793.0907777469604
792.6907777469604
792.2907777469604
791.8907777469605
791.4907777469605
791.0907777469605
790.6907777469605
790.2907777469605
789.8907777469606
789.4907777469606
789.0907777469606
788.6907777469606
788.2907777469607
787.8907777469607
787.4907777469607
787.0907777469607
786.6907777469607
786.2907777469608
785.8907777469608
785.4907777469608
785.0907777469608
784.6907777469609
784.2907777469609
783.8907777469609
783.4907777469609
783.090777746961
782.690777746961
782.290777746961
781.890777746961
781.490777746961
781.0907777469611
780.6907777469611
780.2907777469611
779.8907777469611
779.4907777469612
779.0907777469612
778.6907777469612
778.2907777469612
777.8907777469612
777.4907777469613
777.0907777469613
776.6907777469613
776.2907777469613
775.8907777469614
775.4907777469614
775.0907777469614
774.6907777469614
774.2907777469615
773.8907777469615
773.4907777469615
773.0907777469615
772.6907777469615
772.2907777469616
771.8907777469616
771.4907777469616
771.0907777469616
770.6907777469617
770.2907777469617
769.8907777469617
769.4907777469617
769.0907777469617
768.6907777469618
768.2907777469618
767.8907777469618
767.4907777469618
767.0907777469619
766.6907777469619
766.2907777469619
765.8907777469619
765.490777746962
765.090777746962
764.690777746962
764.290777746962
763.890777746962
763.4907777469621
763.0907777469621
762.6907777469621
762.2907777469621
761.8907777469622
761.4907777469622
761.0907777469622
760.6907777469622
760.2907777469622
759.8907777469623
759.4907777469623
759.0907777469623
758.6907777469623
758.2907777469624
757.8907777469624
757.4907777469624
757.0907777469624
756.6907777469625
756.2907777469625
755.8907777469625
755.4907777469625
755.0907777469625
754.6907777469626
754.2907777469626
753.8907777469626
753.4907777469626
753.0907777469627
752.6907777469627
752.2907777469627
751.8907777469627
751.4907777469627
751.0907777469628
750.6907777469628
750.2907777469628
749.8907777469628
749.4907777469629
749.0907777469629
748.6907777469629
748.2907777469629
747.890777746963
747.490777746963
747.090777746963
746.690777746963
746.290777746963
745.8907777469631
745.4907777469631
745.0907777469631
744.6907777469631
744.2907777469632
743.8907777469632
743.4907777469632
743.0907777469632
742.6907777469632
742.2907777469633
741.8907777469633
741.4907777469633
741.0907777469633
740.6907777469634
740.2907777469634
739.8907777469634
739.4907777469634
739.0907777469635
738.6907777469635
738.2907777469635
737.8907777469635
737.4907777469635
737.0907777469636
736.6907777469636
736.2907777469636
735.8907777469636
735.4907777469637
735.0907777469637
734.6907777469637
734.2907777469637
733.8907777469637
733.4907777469638
733.0907777469638
732.6907777469638
732.2907777469638
731.8907777469639
731.4907777469639
731.0907777469639
730.6907777469639
730.290777746964
729.890777746964
729.490777746964
729.090777746964
728.690777746964
728.2907777469641
727.8907777469641
727.4907777469641
727.0907777469641
726.6907777469642
726.2907777469642
725.8907777469642
725.4907777469642
725.0907777469642
724.6907777469643
724.2907777469643
723.8907777469643
723.4907777469643
723.0907777469644
722.6907777469644
722.2907777469644
721.8907777469644
721.4907777469645
721.0907777469645
720.6907777469645
720.2907777469645
719.8907777469645
719.4907777469646
719.0907777469646
718.6907777469646
718.2907777469646
717.8907777469647
717.4907777469647
717.0907777469647
716.6907777469647
716.2907777469647
715.8907777469648
715.4907777469648
715.0907777469648
714.6907777469648
714.2907777469649
713.8907777469649
713.4907777469649
713.0907777469649
712.690777746965
712.290777746965
711.890777746965
711.490777746965
711.090777746965
710.6907777469651
710.2907777469651
709.8907777469651
709.4907777469651
709.0907777469652
708.6907777469652
708.2907777469652
707.8907777469652
707.4907777469653
707.0907777469653
706.6907777469653
706.2907777469653
705.8907777469653
705.4907777469654
705.0907777469654
704.6907777469654
704.2907777469654
703.8907777469655
703.4907777469655
703.0907777469655
702.6907777469655
702.2907777469655
701.8907777469656
701.4907777469656
701.0907777469656
700.6907777469656
700.2907777469657
699.8907777469657
699.4907777469657
699.0907777469657
698.6907777469658
698.2907777469658
697.8907777469658
697.4907777469658
697.0907777469658
696.6907777469659
696.2907777469659
695.8907777469659
695.4907777469659
695.090777746966
694.690777746966
694.290777746966
693.890777746966
693.490777746966
693.0907777469661
692.6907777469661
692.2907777469661
691.8907777469661
691.4907777469662
691.0907777469662
690.6907777469662
690.2907777469662
689.8907777469663
689.4907777469663
689.0907777469663
688.6907777469663
688.2907777469663
687.8907777469664
687.4907777469664
687.0907777469664
686.6907777469664
686.2907777469665
685.8907777469665
685.4907777469665
685.0907777469665
684.6907777469665
684.2907777469666
683.8907777469666
683.4907777469666
683.0907777469666
682.6907777469667
682.2907777469667
681.8907777469667
681.4907777469667
681.0907777469668
680.6907777469668
680.2907777469668
679.8907777469668
679.4907777469668
679.0907777469669
678.6907777469669
678.2907777469669
677.8907777469669
677.490777746967
677.090777746967
676.690777746967
676.290777746967
675.890777746967
675.4907777469671
675.0907777469671
674.6907777469671
674.2907777469671
673.8907777469672
673.4907777469672
673.0907777469672
672.6907777469672
672.2907777469673
671.8907777469673
671.4907777469673
671.0907777469673
670.6907777469673
670.2907777469674
669.8907777469674
669.4907777469674
669.0907777469674
668.6907777469675
668.2907777469675
667.8907777469675
667.4907777469675
667.0907777469675
666.6907777469676
666.2907777469676
665.8907777469676
665.4907777469676
665.0907777469677
664.6907777469677
664.2907777469677
663.8907777469677
663.4907777469678
663.0907777469678
662.6907777469678
662.2907777469678
661.8907777469678
661.4907777469679
661.0907777469679
660.6907777469679
660.2907777469679
659.890777746968
659.490777746968
659.090777746968
658.690777746968
658.290777746968
657.8907777469681
657.4907777469681
657.0907777469681
656.6907777469681
656.2907777469682
655.8907777469682
655.4907777469682
655.0907777469682
654.6907777469683
654.2907777469683
653.8907777469683
653.4907777469683
653.0907777469683
652.6907777469684
652.2907777469684
651.8907777469684
651.4907777469684
651.0907777469685
650.6907777469685
650.2907777469685
649.8907777469685
649.4907777469685
649.0907777469686
648.6907777469686
648.2907777469686
647.8907777469686
647.4907777469687
647.0907777469687
646.6907777469687
646.2907777469687
645.8907777469688
645.4907777469688
645.0907777469688
644.6907777469688
644.2907777469688
643.8907777469689
643.4907777469689
643.0907777469689
642.6907777469689
642.290777746969
641.890777746969
641.490777746969
641.090777746969
640.690777746969
640.2907777469691
639.8907777469691
639.4907777469691
639.0907777469691
638.6907777469692
638.2907777469692
637.8907777469692
637.4907777469692
637.0907777469693
636.6907777469693
636.2907777469693
635.8907777469693
635.4907777469693
635.0907777469694
634.6907777469694
634.2907777469694
633.8907777469694
633.4907777469695
633.0907777469695
632.6907777469695
632.2907777469695
631.8907777469695
631.4907777469696
631.0907777469696
630.6907777469696
630.2907777469696
629.8907777469697
629.4907777469697
629.0907777469697
628.6907777469697
628.2907777469698
627.8907777469698
627.4907777469698
627.0907777469698
626.6907777469698
626.2907777469699
625.8907777469699
625.4907777469699
625.0907777469699
624.69077774697
624.29077774697
623.89077774697
623.49077774697
623.09077774697
622.6907777469701
622.2907777469701
621.8907777469701
621.4907777469701
621.0907777469702
620.6907777469702
620.2907777469702
619.8907777469702
619.4907777469703
619.0907777469703
618.6907777469703
618.2907777469703
617.8907777469703
617.4907777469704
617.0907777469704
616.6907777469704
616.2907777469704
615.8907777469705
615.4907777469705
615.0907777469705
614.6907777469705
614.2907777469705
613.8907777469706
613.4907777469706
613.0907777469706
612.6907777469706
612.2907777469707
611.8907777469707
611.4907777469707
611.0907777469707
610.6907777469708
610.2907777469708
609.8907777469708
609.4907777469708
609.0907777469708
608.6907777469709
608.2907777469709
607.8907777469709
607.4907777469709
607.090777746971
606.690777746971
606.290777746971
605.890777746971
605.490777746971
605.0907777469711
604.6907777469711
604.2907777469711
603.8907777469711
603.4907777469712
603.0907777469712
602.6907777469712
602.2907777469712
601.8907777469713
601.4907777469713
601.0907777469713
600.6907777469713
600.2907777469713
599.8907777469714
599.4907777469714
599.0907777469714
598.6907777469714
598.2907777469715
597.8907777469715
597.4907777469715
597.0907777469715
596.6907777469715
596.2907777469716
595.8907777469716
595.4907777469716
595.0907777469716
594.6907777469717
594.2907777469717
593.8907777469717
593.4907777469717
593.0907777469718
592.6907777469718
592.2907777469718
591.8907777469718
591.4907777469718
591.0907777469719
590.6907777469719
590.2907777469719
589.8907777469719
589.490777746972
589.090777746972
588.690777746972
588.290777746972
587.890777746972
587.4907777469721
587.0907777469721
586.6907777469721
586.2907777469721
585.8907777469722
585.4907777469722
585.0907777469722
584.6907777469722
584.2907777469723
583.8907777469723
583.4907777469723
583.0907777469723
582.6907777469723
582.2907777469724
581.8907777469724
581.4907777469724
581.0907777469724
580.6907777469725
580.2907777469725
579.8907777469725
579.4907777469725
579.0907777469725
578.6907777469726
578.2907777469726
577.8907777469726
577.4907777469726
577.0907777469727
576.6907777469727
576.2907777469727
575.8907777469727
575.4907777469728
575.0907777469728
574.6907777469728
574.2907777469728
573.8907777469728
573.4907777469729
573.0907777469729
572.6907777469729
572.2907777469729
571.890777746973
571.490777746973
571.090777746973
570.690777746973
570.290777746973
569.8907777469731
569.4907777469731
569.0907777469731
568.6907777469731
568.2907777469732
567.8907777469732
567.4907777469732
567.0907777469732
566.6907777469733
566.2907777469733
565.8907777469733
565.4907777469733
565.0907777469733
564.6907777469734
564.2907777469734
563.8907777469734
563.4907777469734
563.0907777469735
562.6907777469735
562.2907777469735
561.8907777469735
561.4907777469735
561.0907777469736
560.6907777469736
560.2907777469736
559.8907777469736
559.4907777469737
559.0907777469737
558.6907777469737
558.2907777469737
557.8907777469738
557.4907777469738
557.0907777469738
556.6907777469738
556.2907777469738
555.8907777469739
555.4907777469739
555.0907777469739
554.6907777469739
554.290777746974
553.890777746974
553.490777746974
553.090777746974
552.690777746974
552.2907777469741
551.8907777469741
551.4907777469741
551.0907777469741
550.6907777469742
550.2907777469742
549.8907777469742
549.4907777469742
549.0907777469743
548.6907777469743
548.2907777469743
547.8907777469743
547.4907777469743
547.0907777469744
546.6907777469744
546.2907777469744
545.8907777469744
545.4907777469745
545.0907777469745
544.6907777469745
544.2907777469745
543.8907777469745
543.4907777469746
543.0907777469746
542.6907777469746
542.2907777469746
541.8907777469747
541.4907777469747
541.0907777469747
540.6907777469747
540.2907777469748
539.8907777469748
539.4907777469748
539.0907777469748
538.6907777469748
538.2907777469749
537.8907777469749
537.4907777469749
537.0907777469749
536.690777746975
536.290777746975
535.890777746975
535.490777746975
535.090777746975
534.6907777469751
534.2907777469751
533.8907777469751
533.4907777469751
533.0907777469752
532.6907777469752
532.2907777469752
531.8907777469752
531.4907777469753
531.0907777469753
530.6907777469753
530.2907777469753
529.8907777469753
529.4907777469754
529.0907777469754
528.6907777469754
528.2907777469754
527.8907777469755
527.4907777469755
527.0907777469755
526.6907777469755
526.2907777469756
525.8907777469756
525.4907777469756
525.0907777469756
524.6907777469756
524.2907777469757
523.8907777469757
523.4907777469757
523.0907777469757
522.6907777469758
522.2907777469758
521.8907777469758
521.4907777469758
521.0907777469758
520.6907777469759
520.2907777469759
519.8907777469759
519.4907777469759
519.090777746976
518.690777746976
518.290777746976
517.890777746976
517.490777746976
517.0907777469761
516.6907777469761
516.2907777469761
515.8907777469761
515.4907777469762
515.0907777469762
514.6907777469762
514.2907777469762
513.8907777469763
513.4907777469763
513.0907777469763
512.6907777469763
512.2907777469763
511.89077774697637
511.4907777469764
511.0907777469764
510.69077774697644
510.29077774697646
509.8907777469765
509.4907777469765
509.0907777469765
508.69077774697655
508.2907777469766
507.8907777469766
507.4907777469766
507.09077774697664
506.69077774697666
506.2907777469767
505.8907777469767
505.49077774697673
505.09077774697676
504.6907777469768
504.2907777469768
503.8907777469768
503.49077774697685
503.09077774697687
502.6907777469769
502.2907777469769
501.89077774697694
501.49077774697696
501.090777746977
500.690777746977
500.290777746977
499.89077774697705
499.4907777469771
499.0907777469771
498.6907777469771
498.29077774697714
497.89077774697716
497.4907777469772
497.0907777469772
496.69077774697723
496.29077774697726
495.8907777469773
495.4907777469773
495.0907777469773
494.69077774697735
494.29077774697737
493.8907777469774
493.4907777469774
493.09077774697744
492.69077774697746
492.2907777469775
491.8907777469775
491.4907777469775
491.09077774697755
490.6907777469776
490.2907777469776
489.8907777469776
489.49077774697764
489.09077774697766
488.6907777469777
488.2907777469777
487.89077774697773
487.49077774697776
487.0907777469778
486.6907777469778
486.2907777469778
485.89077774697785
485.49077774697787
485.0907777469779
484.6907777469779
484.29077774697794
483.89077774697796
483.490777746978
483.090777746978
482.69077774697803
482.29077774697805
481.8907777469781
481.4907777469781
481.0907777469781
480.69077774697814
480.29077774697816
479.8907777469782
479.4907777469782
479.09077774697823
478.69077774697826
478.2907777469783
477.8907777469783
477.4907777469783
477.09077774697835
476.69077774697837
476.2907777469784
475.8907777469784
475.49077774697844
475.09077774697846
474.6907777469785
474.2907777469785
473.89077774697853
473.49077774697855
473.0907777469786
472.6907777469786
472.2907777469786
471.89077774697864
471.49077774697867
471.0907777469787
470.6907777469787
470.29077774697873
469.89077774697876
469.4907777469788
469.0907777469788
468.6907777469788
468.29077774697885
467.89077774697887
467.4907777469789
467.0907777469789
466.69077774697894
466.29077774697896
465.890777746979
465.490777746979
465.09077774697903
464.69077774697905
464.2907777469791
463.8907777469791
463.4907777469791
463.09077774697914
462.69077774697917
462.2907777469792
461.8907777469792
461.49077774697923
461.09077774697926
460.6907777469793
460.2907777469793
459.8907777469793
459.49077774697935
459.09077774697937
458.6907777469794
458.2907777469794
457.89077774697944
457.49077774697946
457.0907777469795
456.6907777469795
456.29077774697953
455.89077774697955
455.4907777469796
455.0907777469796
454.6907777469796
454.29077774697964
453.89077774697967
453.4907777469797
453.0907777469797
452.69077774697973
452.29077774697976
451.8907777469798
451.4907777469798
451.0907777469798
450.69077774697985
450.29077774697987
449.8907777469799
449.4907777469799
449.09077774697994
448.69077774697996
448.29077774698
447.89077774698
447.49077774698003
447.09077774698005
446.6907777469801
446.2907777469801
445.8907777469801
445.49077774698014
445.09077774698017
444.6907777469802
444.2907777469802
443.89077774698023
443.49077774698026
443.0907777469803
442.6907777469803
442.2907777469803
441.89077774698035
441.49077774698037
441.0907777469804
440.6907777469804
440.29077774698044
439.89077774698046
439.4907777469805
439.0907777469805
438.69077774698053
438.29077774698055
437.8907777469806
437.4907777469806
437.0907777469806
436.69077774698064
436.29077774698067
435.8907777469807
435.4907777469807
435.09077774698073
434.69077774698076
434.2907777469808
433.8907777469808
433.4907777469808
433.09077774698085
432.69077774698087
432.2907777469809
431.8907777469809
431.49077774698094
431.09077774698096
430.690777746981
430.290777746981
429.89077774698103
429.49077774698105
429.0907777469811
428.6907777469811
428.2907777469811
427.89077774698114
427.49077774698117
427.0907777469812
426.6907777469812
426.29077774698123
425.89077774698126
425.4907777469813
425.0907777469813
424.6907777469813
424.29077774698135
423.89077774698137
423.4907777469814
423.0907777469814
422.69077774698144
422.4835236106143
422.3144656134025
422.16091566904777
422.0086114795182
421.85886703971727
421.7205936127289
421.5876392650361
421.44013583039697
421.31620239854385
421.17630986864975
421.0530174588151
420.91216257728684
420.7925607196753
420.64710616124904
420.5306232443501
420.38560060239456
420.2683305432081
420.12971771357564
420.00540378306016
419.87732817656257
419.73913477773345
419.6205101999396
419.4791631063412
419.36036408020067
419.22620611456034
419.09609034027335
418.97314052935263
418.8327535151608
418.7150269664342
418.5776986720013
418.4533204057704
418.3263421654445
418.1879258899579
418.0698231361062
417.9304566947567
417.80966281161903
417.67916246847005
417.5439465922361
417.4243308823399
417.28377415941
417.1652763705484
417.0313452391995
416.9013561261236
416.77874676518184
416.63882921457287
416.52102877147655
416.3849857606934
416.2589886645373
416.13374487775155
415.9948813671405
415.877099950815
415.73966777484645
415.61635849275086
415.48900293512787
415.35123306449384
415.233181831207
415.0944759546271
414.97339336221387
414.8438525489919
414.7078765374992
414.589022596674
414.4492974049987
414.330051979005
414.198168114873
414.0652505718535
413.94478318093235
413.80492210155836
413.6867100632554
413.5530264892713
413.4232268282688
413.30099169945765
413.1616667045668
413.04378940999317
412.90919175051437
412.7813255537603
412.657962051744
412.5191316502744
412.40134520805094
412.2663695251074
412.1394592090178
412.015560588513
411.8770353260316
411.7592801356271
411.6242262287169
411.4976603533389
411.37362879532554
411.23527612585855
411.117526731311
410.9826220570395
410.8559421663381
410.73209436452134
410.59382310136186
410.4760537614532
410.3415038517284
410.2142997975234
410.09091402034556
409.9526575740845
409.83482840765873
409.7008164401234
409.5727120523763
409.4500192609582
409.311724075998
409.19378350351485
409.0604311941643
408.9311625877209
408.8092920955452
408.6709232678073
408.5528207156901
408.4201564615159
408.2896614578047
408.16860418355213
408.03016491602716
407.91186143160786
407.7798441890672
407.6482340590527
407.5278863462758
407.38942035318865
407.27088582765697
407.1394647811509
407.0069024896115
406.88714892568964
406.74872372133285
406.62992065397884
406.49908166553047
406.3656850749056
406.24644848224483
406.1081437618443
405.98900639000044
405.85879085461113
405.7246126152221
405.60585648189925
405.46777642760276
405.34818199556605
405.2187017464905
405.0837506897443
404.9654607259371
404.82777285085535
404.70748598273116
404.5789595504901
404.44324257030354
404.3253947142947
404.1884104565678
404.0669516023064
403.93978629244634
403.80339071817116
403.68587400082015
403.55018802247235
403.42653659390004
403.3014567856109
403.1646429258603
403.04708603958244
402.9135973915137
402.7859292656293
402.66386017249755
402.52675612366596
402.4085113506007
402.27760246674825
402.14516584105894
402.02597732516097
401.88861312068485
401.7691718567503
401.6402859491645
401.5052580854979
401.3874294520925
401.25089536200016
401.12940141898565
401.002791051828
400.86661713737476
400.74923193379476
400.6148268301374
400.4894086440873
400.3661057018305
400.22958673498965
400.1116366783478
399.98048980443974
399.8489053986036
399.7295270229163
399.59261165499527
399.4731757520004
399.34473757610886
399.20965242083537
399.0920947891258
398.9563725093237
398.8338821362137
398.708545943594
398.5724928464771
398.4550294693257
398.3225091626031
398.19386372321406
398.072983200903
397.9365744486603
397.817750523292
397.68882338939443
397.5544011076138
397.43673841610286
397.30094264645317
397.1790526761552
397.0534689964977
396.9177060706169
396.8003077062687
396.6679713896483
396.53929341324334
396.41863363994344
396.2825160684086
396.16351498481305
396.03515635973434
395.9004619768628
395.7830886496045
395.6480456572981
395.52501041527916
395.40063211945755
395.2650693755348
395.14737013618975
395.0166503705312
394.88521540585396
394.7663239962275
394.6303507450642
394.51028629296155
394.38344713101895
394.2482501102375
394.1310999376699
393.9980034485035
393.8713826525564
393.7497697117626
393.6143124456373
393.4955475926697
393.3673503371139
393.2328902611397
393.11569033515616
392.9812221742177
392.8576239384214
392.73406132912766
392.5989451830672
392.48091659666716
392.3516076688208
392.2184181621047
392.10073680051966
391.9655739524329
391.8438509695523
391.718953979897
391.5839957940983
391.46646327911856
391.3361380286671
391.20464310125055
391.0861865121337
390.95090240519664
390.83023613648726
390.70458019103944
390.5697609307851
390.45249914090016
390.3215567673811
390.19134156748174
390.0722990952869
389.937200367538
389.8169343996732
389.69108190767116
389.5564034594865
389.4392375929575
389.30826393038
389.17828416083114
389.0592256662471
388.9243254277157
388.8039878299156
388.6783696892758
388.5438374333288
388.4266242706514
388.29614112964094
388.16542454870205
388.04688095446124
387.9121472886502
387.79134087351946
387.66629250681547
387.5319435975192
387.4145174621273
387.28492210016054
387.15288109601073
387.03514151358286
386.9006981313931
386.7789180631113
386.65480865111675
386.5206920045129
386.4028202364167
386.27443789261355
386.14101816332436
386.024054784369
385.8904215186403
385.76665324723734
385.64414393182693
385.51025442145715
385.39152083742744
385.2647232586137
385.13056602603893
385.01389049232176
384.88222508809605
384.7543517103974
384.6345838622872
384.5006195798071
384.38034866767333
384.25538704049563
384.12153059016424
384.0041602881689
383.87531855460924
383.74272072205235
383.625612331402
383.4920580722964
383.3688464048803
383.2462597683881
383.11280202099294
382.9940084369292
382.8677067934921
382.7337614174362
382.6171106162392
382.48646803286704
382.356944983007
382.23836733534097
382.10469219111377
381.9834325367497
381.8596262460192
381.72632441173926
381.6082536912005
381.48120429626596
381.34750442584556
381.23103943383137
381.0995219105602
380.9720108480887
380.85243901610755
380.71913507276497
380.5984431582129
380.47440715049237
380.3412714976146
380.22338308673187
380.09634499890467
379.96279751443615
379.8463965817353
379.71509806973404
379.5873793425572
379.4680759618999
379.33498328253097
379.2140012070598
379.090392770395
378.95755699303794
378.8393546235652
378.7130475754619
378.57954075504864
378.46310118229104
378.3330089226012
378.20309465657783
378.08514896411185
377.9521662109848
377.82998083604923
377.7074056720287
377.57491811135884
377.45590446289646
377.3308085345583
377.19768126833907
377.0807280819316
376.9526526437503
376.8200620423473
376.7035929234819
376.57161968666435
376.4461485692324
376.32584705734547
376.1934627456334
376.0728520721021
375.9494171255054
375.8170776853256
375.69877174004944
375.5731971935216
375.44013635476585
375.3235394403962
375.1950032846275
375.06310197441417
374.9464720327596
374.81440820737026
374.68970597157494
374.5691262748473
374.43708896372806
374.31652200720697
374.1933077285634
374.06128243935234
373.94279160732293
373.81775672389256
373.68507115027944
373.56820799675484
373.44075737304877
373.30808586822457
373.1919366815274
373.06104332616064
372.9336966407622
372.8148540757314
372.682833361536
372.5609560718621
372.4388778767923
372.30733738368866
372.1877349271417
372.06408777626393
371.93221928963857
371.81419356991955
371.68899417907016
371.55648371840783
371.4398125389281
371.3124089854219
371.17992110142194
371.0638671434092
370.93327916089646
370.80563282002356
370.6871614857941
370.5554269112911
370.4330829068182
370.31156372011657
370.180398114585
370.0602103976601
369.937364213308
369.8061164997981
369.6872508856046
369.5633728813933
369.43176920002185
369.31400205816425
369.18892616932607
369.0567236483349
368.9400666733969
368.8131763906399
368.68070192568916
368.5647918399014
368.4351135615595
368.30592184407317
368.1885105840359
368.05704904133864
367.9335032339314
367.81297757033093
367.6821313149272
367.56098614853346
367.43914275252837
367.30852356015987
367.18850306201983
367.06602334513684
366.93542797514004
366.81606060191285
366.69316022594796
366.56249481617954
366.44361253555434
366.3203360827328
366.1895232466131
366.0711072518328
365.9473952011481
365.8163431993401
365.69846435441013
365.57415571897667
365.4427333493618
365.3255303775809
365.20030882479125
365.06836853014556
364.951989017933
364.8252674600939
364.69307271288335
364.5773221863298
364.44825655178795
364.31845861402144
364.20169419892704
364.07081083216394
363.94612743990274
363.8266595692254
363.6962689662112
363.5740089856785
363.4533304235813
363.323417826008
363.20196861258654
363.08101139590053
362.9514087090334
362.83004367706747
362.7092130990441
362.57987586873674
362.4581814383483
362.3376962853213
362.20858073056655
362.08632845870966
361.9662850874649
361.8373238836049
361.714444126078
361.5948352316089
361.4659458142148
361.3425165554651
361.2232538023136
361.09436995402257
360.9705586020041
360.8515205412135
360.7226121611469
360.59859491878785
360.47967535093113
360.3507472699067
360.22664368892384
360.1077810746325
359.97885326361285
359.85471314323564
359.7358886802094
359.60697995246846
359.48280443265423
359.36402462760697
359.23514605075195
359.11091527241905
358.99219470155526
358.8633496195684
358.7390426957224
358.62039340016696
358.49158031459126
358.36718459956467
358.2486123630849
358.1198280926636
357.9953400373417
357.87684520107445
357.7480869073214
357.6235089990789
357.50508887375855
357.37635488930846
357.25169187155933
357.13334308730253
357.0046328279648
356.8798890624679
356.76160887249324
356.6329223553945
356.508100811389
356.3898874332917
356.2612248424981
356.1363271868266
356.0181795889045
355.8895410251186
355.76456815906886
355.64648568016895
355.51787108119964
355.392823614608
355.27480566236585
355.1462147807302
355.0210935088182
354.903139374759
354.7745720122723
354.6493778225266
354.5314867572447
354.4029427077037
354.27767652434943
354.1598477517528
354.03132681644007
353.9059895995216
353.7882223454813
353.6597243737002
353.5343170614787
353.4166105729381
353.28813545504727
353.1626588919869
353.0450125007112
352.9165601448912
352.79101505832654
352.67342815829676
352.54499845664935
352.4193855694096
352.30185756134154
352.1734504315174
352.04777037229576
351.9303006961304
351.80191604251985
351.67616948675425
351.55875759303217
351.4303953684336
351.30458285397464
351.1872282421328
351.0588883502428
350.93301045074367
350.8157125912437
350.68739495022515
350.5614522804776
350.4442106705878
350.3159152648007
350.189908334975
350.0727225074623
349.94444931334425
349.8183785703705
349.7012481099179
349.5729970953826
349.4468629713519
349.32978745110796
349.2015585711946
349.0753615119102
348.95834050562047
348.8301337529799
348.70387417716785
348.58690729315873
348.458722651584
348.33240093786225
348.2154877780636
348.08732526133275
347.9609418028419
347.8440819989469
347.7159416253429
347.589496721968
347.4726899286195
347.3445717134809
347.2180656881412
347.10131156151397
346.9732155216748
346.8466486834036
346.72994689706974
346.6018730961982
346.4752456853973
346.3585959438206
346.2305444327878
346.1038566946396
345.98725867963583
345.8592295122274
345.7324816624295
345.6159351011484
345.4879283342245
345.36112060060304
345.2446252113195
345.11664093841455
344.9897734693439
344.8733289836392
344.7453672755271
344.618440263986
344.50204642720763
344.3741073976022
344.247120996372
344.130777567587
344.00286135448556
343.87581560721975
343.75952238057846
343.6316290859381
343.50452410929034
343.3882808478917
343.26041059531235
343.1332464775633
343.0170529617311
342.8892059122888
342.7619827205497
342.64583874022884
342.5180150654941
342.3907328270703
342.27463819980795
342.14683807369573
342.01949677617165
341.9034513329813
341.7756749441588
341.6482745728266
341.53227812918385
341.4045257050469
341.27706623310246
341.16111862900215
341.03339041456275
340.9058717313142
340.7899728426135
340.6622690850602
340.5346910898256
340.41884076688564
340.29116173185906
340.16352429112527
340.0477224244625
339.92006842180484
339.79237136096265
339.6766178179074
339.5489891598147
339.4212323226335
339.30552700125327
339.17792407103695
339.05010718511903
338.93445001016846
338.8068731832525
338.67899596693167
338.5633868685097
338.43583655413755
338.30789871578645
338.1923376217569
338.06481430122255
337.9368154498807
337.82130231567805
337.6938064820119
337.56574621952933
337.45028100062956
337.3228131934564
337.19469108123286
337.0792737651532
336.95183460600646
336.82365011482653
336.708280696377
336.58087086137084
336.45262340312723
336.33730189902684
336.2099221256596
336.08161103410765
335.96633749292374
335.8389886189963
335.71061313702415
335.59538761375893
335.46807054927217
335.3396298427578
335.22445241794094
335.09716820340714
334.9686613335751
334.8535321155641
334.72628189654023
334.5977078191616
334.4826269294681
334.35541202408774
334.22676956214093
334.1117371516179
333.98455907765555
333.85584687850564
333.7408631431436
333.61372361668253
333.48494017509955
333.37000532169026
333.2429063492709
333.1140499436258
332.99916422753404
332.872108166154
332.7431768564778
332.62834055218457
332.5013302064795
332.37232172243
332.2575351451223
332.13057386486014
332.0014856230217
331.8867490756407
331.75984093775816
331.6306700313548
331.51598383546303
331.38913392725635
331.25987693878113
331.14524137544646
331.0184561070355
330.88910918351
330.7745243711358
330.64781208727163
330.51837084724036
330.4038366595739
330.2772084767398
330.14766809954807
330.0331837896821
329.90665498013925
329.7770105790986
329.6625741623938
329.5361665858643
329.4064142216685
329.2920210931814
329.1657674749032
329.0359068934621
328.9215466143444
328.79549862027693
328.66554065925465
328.55118923388
328.42543364868425
328.29542069943597
328.18101996933007
328.0557132620296
327.9257763660237
327.81117420496423
327.68661857409984
327.5571281429294
327.441891140992
327.31869197195175
327.1905202757252
327.0733623985732
326.9526330568069
326.82681088459555
326.7045581628469
326.5876211468083
326.46295576244654
326.3342581432531
326.22030027940724
326.0946685544266
325.96513961581985
325.85097403498503
325.7260433964124
325.5964820956276
325.48179727788556
325.3580484357773
325.22945870612165
325.1132842041397
324.9917285224295
324.8653873330674
324.74499416862574
324.6270736582944
324.50264622923686
324.3749047156587
324.2607582557423
324.1354076007074
324.0059449861865
323.8919437226115
323.76717267645273
323.6378529929849
323.5231005863323
323.39980051710467
323.2717796570949
323.1549729957473
323.03432401181107
322.90888756998874
322.7864440290847
322.66991204204163
322.54562184475395
322.41650456547023
322.30290811699865
322.1777098497863
322.0484252704873
321.93413821077706
321.81028256005806
321.6817527766214
321.5659838723646
321.4443873489814
321.3182761143879
321.1980242835327
321.08029781367384
320.95624841301577
320.8281217987257
320.71434910458004
320.5892828802163
320.45999876683175
320.345959453002
320.2219829465917
320.09347332511487
319.97792319624335
319.85625257729316
319.73017207930525
319.61013824266877
319.49239547320855
319.36850436124644
319.2403415026814
319.1266827912555
319.00175856177793
318.87258546975255
318.7585187178147
318.6348810908849
318.50679768073564
318.3907946861059
318.2698326056336
318.14451579960166
318.02283727585416
317.9062254847586
317.7824704760144
317.653270941506
317.53998550915315
317.4152834488431
317.28652619745714
317.1719710277887
317.04933498150405
316.92238004079803
316.80463413339317
316.68546688882236
316.5614655368644
316.4355957021814
316.3211998978304
316.1969011847013
316.0675980732162
315.95394470811095
315.83027134013435
315.7024905154973
315.5865017187784
315.46584217537804
315.34097328135067
315.21861897884276
315.10258979710943
314.9790328101778
314.84959425196416
314.73643591381426
314.61222869923677
314.4841208308773
314.36892639789653
314.2475147452226
314.12203158958596
314.00159859460615
313.8845539734819
313.76126681742966
313.63223905476264
313.5191696985509
313.39479616032503
313.2664715851952
313.1517528874296
313.0298977216185
312.90405252612
312.78469405320226
312.6670525155143
312.543853065459
312.4153538103997
312.30222261386143
312.1778967915557
312.04948247426785
311.93500524525695
311.81300649800284
311.6871188304312
311.5680823560203
311.45031938340077
311.3272161660394
311.1988356137029
311.0857389182774
310.96151870887354
310.83320774612383
310.7187045668405
310.5969022189276
310.4713130271471
310.35182804180477
310.23445942037057
310.1115166441027
309.982690626863
309.8697846177887
309.7456988152083
309.61776085466295
309.50288050688874
309.38167484680633
309.2567440185145
309.1358548784727
309.01943734380257
308.89659033117454
308.76721946358504
308.6543933939662
308.5307259326165
308.4035803297844
308.28768605537425
308.1676933657339
308.0438623486124
307.91991572564183
307.8051881841587
307.68200111654113
307.55291522993343
307.4395156024251
307.31695026977997
307.1911363513136
307.0729892002872
306.9549904716248
306.83225628489737
306.7041182036593
306.59120828857766
306.46739091627074
306.3395889393127
306.22481995366627
306.10389356323816
305.979510438498
305.8578546979731
305.7420980785657
305.61946553573677
305.4901256705967
305.37722335922314
305.25430177805805
305.1283224391276
305.0108863673976
304.89252980033746
304.76985562892753
304.6422620851114
304.52928280079726
304.4056779538093
304.27793383544866
304.16324346477614
304.04248228721667
303.9184415821132
303.79628875632676
303.6809365353041
303.55840885811494
303.4292481600949
303.31619356178015
303.1938038725834
303.0685953516612
302.949945626831
302.83262556047384
302.7103868450402
302.58145484559947
302.4689609560279
302.3455778179734
302.2189356622019
302.10296660799065
301.98364260034583
301.86074466286755
301.73507938000506
301.62150443184714
301.49845160148624
301.37042746650843
301.2562148900445
301.1353429987585
301.0115864892444
300.8894399940131
300.77428649116297
300.6520080171092
300.52306874954127
300.40990801588333
300.2880650647712
300.16369465426595
300.04366666478705
299.92742635483756
299.8054777513623
299.6762150625405
299.56364401091986
299.4411199618285
299.31605553392535
299.19774051881126
299.08048059566727
298.9585799752566
298.8295979679515
298.7172807336304
298.5942558590228
298.46834394946626
298.3516332735532
298.2332591073932
298.1111279443927
297.98345994428195
297.87086613260453
297.74776557810867
297.6209907183144
297.50556745602205
297.38619417837697
297.26369238076677
297.137943194047
297.0246691297074
296.90194245937585
296.77453676892355
296.65989000224323
296.5399416889418
296.4172770393039
296.2926580056251
296.1789628628434
296.0565505058492
295.9288964258046
295.8145563500713
295.69444878311657
295.57183767828417
295.44743416027546
295.33370329742166
295.21141042031644
295.08381383995766
294.9694508325992
294.84946596118846
294.72703502920314
294.6022587922994
294.488743735818
294.3664357234694
294.2390914790533
294.12449426822985
294.0048020868555
293.8826101105796
293.7571342769096
293.6439617140889
293.5215627540391
293.3945822042082
293.2796246705852
293.1603120373575
293.03836333077123
292.9120769135156
292.79927094421055
292.6767630433059
292.55019277641225
292.4348091271506
292.3159097626593
292.19418383225775
292.0671141885918
291.9546378849822
291.8320502699005
291.7059108817692
291.5900492875461
291.47158811790905
291.3500678969956
291.22228378182297
291.1100804567326
290.98747285958984
290.8618053867245
290.7453683102679
290.6274016756486
290.5060807225276
290.3776579621852
290.2656538330947
290.1431250687836
290.01803002714496
289.9007999041536
289.783461395605
289.6623326712399
289.53341217152615
289.4214632360705
289.2992123919481
289.17490576514774
289.0563800852136
288.93995667081214
288.8189686052496
288.68996904506633
288.577692366737
288.4561683212039
288.3330436056653
288.21204377912983
288.0971000574571
287.97597991280793
287.84794840081213
287.7344123863166
287.6144143451715
287.49275733510046
287.36744849228955
287.2545693428108
287.1326594137636
287.00656759382355
286.8908570479004
286.77271783520894
286.65183305796967
286.52337336831755
286.41157352132865
286.2893501891697
286.1649691241878
286.04690992356944
285.9304028162492
285.8096897704974
285.6807615225191
285.5685625628608
285.4472931818114
285.324665163516
285.2028854107325
285.08851653651624
284.967479912997
284.8401899000407
284.72593493546833
284.6068578219396
284.4859651080622
284.35857231442566
284.2466172319045
284.1245398015455
283.99979058813153
283.88248456378096
283.765652996705
283.645154881173
283.51621276020427
283.40422006032566
283.28292744460174
283.16040431957657
283.03871981101895
282.92442536409703
282.80355367278764
282.6765103784183
282.5620597339617
282.44332834625266
282.3227735063328
282.19475213004716
282.08307554368326
281.9611123643451
281.83707678167184
281.7187960814502
281.6027171313165
281.48237833690865
281.3538441278056
281.24128368661167
281.1209178545096
280.9995188063391
280.874934912629
280.762087427758
280.64074959067665
280.51530089995975
280.3990396045433
280.28178976358305
280.1616782095965
280.03275151054635
279.9209898308626
279.79980771247887
279.677642736674
279.55561115635896
279.44168071372934
279.3209769280295
279.1945969478173
279.07949427150993
278.961543861374
278.8415243941832
278.7127150461639
278.6012281494042
278.47975661459185
278.3571749692061
278.2363696029965
278.1219015921299
278.00151463905246
277.8746978918338
277.76017139181783
277.64188706563573
277.5219204057468
277.39329179788996
277.281893700383
277.16038061648266
277.0376882701423
276.9172817436159
276.8026796117285
276.6824488482239
276.5556003323094
276.44116460954484
276.32291014689287
276.2030697506352
276.07440391706405
275.96304731142834
275.84165167924357
275.71922771292697
275.59837579142146
275.4840741314818
275.36385290330287
275.237432238524
275.12252163086026
275.00472343209816
274.8850998960973
274.75624780605585
274.64479638654586
274.5237801101385
274.40209832976166
274.2796124031623
274.166171801295
274.04570606968394
273.92030045894995
273.80416862129186
273.68730096175943
273.5678534631277
273.43927154489654
273.3271776315086
273.2071036489346
273.0865737655696
272.9609215922126
272.8488885227887
272.72780386871574
272.6039328906163
272.4858419133059
272.37023526517595
272.25069437563957
272.1232077431703
272.0097290017773
271.8910527798936
271.77146704717256
271.64309170089194
271.5319051207288
271.41068437490696
271.28855638671877
271.1675126468597
271.05353816275186
270.9335630503985
270.8078828008812
270.6921884540727
270.57523837453755
270.4560803780678
270.3276009517718
270.21550905959685
270.09571488677585
269.9756321606119
269.84917812865746
269.7375739745296
269.61651842109774
269.49342105917174
269.37428860234905
269.25943095998986
269.1399479320149
269.0135031185883
268.89883102461283
268.7813010237
268.6622738839778
268.5335742564256
268.42198134293096
268.30179833255
268.18147093721
268.0561138356791
267.94418504771403
267.82343833245835
267.7001171782227
267.5813658734841
267.46640532265275
267.34712746882326
267.22075927321964
267.1060393161272
266.98866823531426
266.86981987182565
266.7412561560158
266.6294968353227
266.50966511456966
266.38978287962647
266.26339108701734
266.15191534811606
266.0310704689227
265.90842693033443
265.7886950250442
265.6743400192207
265.5549833806746
265.4294213730222
265.31371240297216
265.19711537862895
265.07842693572877
264.9505666269027
264.8378507720543
264.719084671954
264.60003967082423
264.4716783302944
264.3607287354491
264.2399727862095
264.1188685310737
263.996191829697
263.88332584036533
263.7634113392443
263.6395322174261
263.52161311853456
263.4064258392316
263.2876050041452
263.16142005817517
263.04656547484336
262.92955544499637
262.8110844033117
262.6829924480281
262.5707009527639
262.45172740012725
262.33273273981047
262.2045975107808
262.09371630927603
261.9730289089689
261.8519850956445
261.7293822792856
261.6165843899445
261.49681144086566
261.3732085450087
261.2549378587221
261.14006185378844
261.0213327935722
260.89572060902066
260.78015930093096
260.66374861818315
260.5454488330081
260.41813853789034
260.3048635818055
260.18688322072376
260.06847809722836
259.93989744666703
259.8286453131333
259.70881993935154
259.58930155288806
259.4629517706032
259.3517286972575
259.2312525773371
259.1094587949243
258.9885256575958
258.87508823954755
258.7558746391513
258.6319251955032
258.51415313152864
258.3991526833441
258.2807124799987
258.15525486141746
258.0395365210276
257.9233828250851
257.8052833604516
257.6785067865133
257.56460812861786
257.44727267480175
257.32920782633215
257.201121191491
257.0890927185068
256.9702733879581
256.8517117107684
256.7234330278498
256.61269370576764
256.49240105566116
256.3722505030615
256.24800588406623
256.1361283318645
256.01624686446195
255.89400467232673
255.77383375968697
255.6601843626455
255.54135910727254
255.41756233158338
255.29957823768984
255.18485891877577
255.06659836560303
254.9418082318602
254.82520509832892
254.7097540337324
254.59178332416806
254.46619023631268
254.35073757728938
254.23462526752965
254.11681527136395
253.99040142480152
253.8761292080277
253.7592731285986
253.64151785696367
253.5141599006688
253.40124056083954
253.28341668557957
253.16552055240513
253.03722329803628
252.92579165860897
252.80668499074676
252.68814747587638
252.56027101315604
252.44965075707165
252.3294659934508
252.20939658461205
252.08533516972096
251.97354558663218
251.85391232776206
251.73210718301252
251.6112992142258
251.49813351083117
251.3793813752198
251.25645887350805
251.1372266811777
251.0233424785071
250.90505288765848
250.78157903338348
250.66310071853422
250.54886837009366
250.4308040946116
250.30706100620912
250.18896273193184
250.07455980795424
249.95661427196546
249.83274598985722
249.71483376010212
249.60035624082528
249.48247935528755
249.35857611143993
249.24072096388045
249.12623507153182
249.0083972890659
248.88452953393917
248.76662636859632
248.65218705323525
248.53436608161084
248.41059606132345
248.29254947216825
248.17820638720247
248.0603820427879
247.93676637741612
247.81848799967582
247.70428603203214
247.586438533658
247.46302641388195
247.34443835553816
247.23041533959264
247.11252549793033
246.98935469523346
246.870394390084
246.75657847716136
246.6386276202211
246.51571881927003
246.39635481015017
246.2827573558678
246.1647339507315
246.0420894768493
245.92231889980258
245.80893681093278
245.6908361827447
245.56844327473655
245.4482874846289
245.33510632783035
245.21693038441157
245.09476633570947
244.97426235751348
244.86126117983963
244.7430167151201
244.62105489607112
244.50024545842894
244.3874017011494
244.2690979784369
244.1473127976536
244.02623825681243
243.9135314231376
243.79517789133826
243.6735477894195
243.55224159071682
243.43965504656447
243.3212599017029
243.19976827904566
243.07825579416897
242.96577703148725
242.84734669079077
242.7259814605176
242.60428088638233
242.49190088985765
242.37344001950532
242.25219260230932
242.13031678202833
242.0180290736239
241.89954097019992
241.77840516333112
241.65636331166476
241.54416311133522
241.42565013830276
241.3046212642439
241.18242039279158
241.07030394359325
240.95176788127353
240.83084218797964
240.70848795387752
240.59645213802693
240.4778944378621
240.3570688013698
240.23456596045395
240.12260808498792
240.00402995625316
239.88330163692405
239.76065438097893
239.6487720518716
239.53017459305417
239.4095411701397
239.28675319829765
239.17494422524138
239.05632840548918
238.9357876904257
238.81286238556993
238.70112475020588
238.58249148322489
238.4620414870924
238.33898194306641
238.22731378724694
238.1086639183634
237.98830286128077
237.86511187042714
237.75351146897245
237.63484582089998
237.51457209592027
237.3912521318936
237.27971790154592
237.16103719164343
237.0408493279986
236.91740272126387
236.80593314360803
236.6872380854218
236.5671347212074
236.4435636113088
236.33215726179037
236.21344852882442
236.0934284298342
235.96973480705904
235.85839034460753
235.73966860092355
235.61973065046487
235.49591630887952
235.38463247224874
235.26589836002992
235.14604157762096
235.02210812297403
234.9108837101825
234.79213782761414
234.67236130574898
234.5483102062708
234.4371440861509
234.3183870163475
234.19868994906153
234.07452258018048
233.96341363925964
233.84464596062048
233.72502759740968
233.60074524360854
233.48969241363014
233.37091469554775
233.2513743765278
233.1269781980083
233.015980451805
232.8971932669952
232.77773041087545
232.65322147223213
232.54227780936648
232.423481743711
232.3040958731309
232.179475082254
232.06858453954882
231.9497801612047
231.8304708711625
231.70573903918225
231.59490069118664
231.4760885509828
231.35685550086006
231.23201337577268
231.12122625992043
231.00240694602715
230.88324985070366
230.7582981505115
230.64756136158493
230.52873550803963
230.4096542331683
230.2845934235345
230.17390608504428
230.05507428192172
229.93606876117556
229.81089922693997
229.70026043482494
229.5814233028703
229.46249353333755
229.33721566001262
229.22662450287848
229.10778271527715
228.98892877897995
228.86354283503437
228.75299839364814
228.63415265861212
228.51537478341243
228.3898808602475
228.27938223184412
228.16053330183388
228.04183183071567
227.9162299047638
227.8057761285921
227.6869247795062
227.56830015716096
227.44259012709423
227.3321802301289
227.21332733590916
227.09478016701786
226.9689617729962
226.85859472468852
226.73974120867754
226.62127223230272
226.495345097576
226.38501979521916
226.26616670766074
226.14777685043398
226.02174047414562
225.91145572407552
225.792604230414
225.67429464102298
225.54814830837512
225.4379028371806
225.31905426410327
225.2008263659932
225.0745691926671
224.96436154600886
224.8455174081576
224.7273729016846
224.6010038065444
224.4908323389713
224.3719944212969
224.25393538005218
224.12745307756308
224.01731585789707
223.89848629179232
223.78051526010123
223.65391821737842
223.54381296744018
223.4249943087172
223.30711440051093
223.18040085784205
223.07032473135382
222.9515201626624
222.8337352290991
222.70690321270996
222.59685261957617
222.47806619269
222.36038103646166
222.2334284751878
222.12339866842706
222.00463567972602
221.8870563850664
221.75998122502466
221.64996568641507
221.53123324845978
221.41376761937983
221.28656835657756
221.176557790151
221.05786589932967
220.94052416440533
220.81320078190112
220.70318118738095
220.58454443070593
220.46734032562966
220.33989648778405
220.22984557380886
220.1112863245281
219.99423865007228
219.8666868570775
219.75656671523654
219.63812133859287
219.5212563667242
219.3936300814465
219.2833712505298
219.16510264592543
219.0484570728155
218.92084161714638
218.81030515544708
218.692330173643
218.5759525824843
218.4485645011581
218.33744446405765
218.21999560870267
218.1039330676662
217.97729619131147
217.86486956085568
217.74841820276987
217.63262619565194
217.50779862326073
217.39241405499595
217.27779979323012
217.16182502973803
217.03997638044407
216.9193063460496
216.80729402356476
216.6901392700384
216.57107417211606
216.44597303727053
216.3356267451151
216.21744776197272
216.09987406692233
215.9730414722715
215.86305545132814
215.7446874538153
215.62776472078048
215.50035625395859
215.3902467552833
215.27205294912523
215.1555494995092
215.02805989986004
214.91751075635568
214.79974638164444
214.68363998186936
214.55660851519943
214.44502518818143
214.32811033920729
214.21238465058707
214.08684221769275
213.972781564457
213.85752305738276
213.74185650641823
213.61925696785434
213.5000370911934
213.3874732874093
213.2707995371086
213.15144374549143
213.02676980990785
212.91636467066758
212.79840015595929
212.6809682446875
212.55411779741578
212.44414048569962
212.3259674727696
212.20938040284494
212.08198981576254
211.97165960888893
211.8538548085146
211.7378046575604
211.6107767912611
211.49935699663516
211.38244751083698
211.26684391927904
211.14142579498497
211.0272718972011
210.91217027427936
210.79660861329802
210.67440310081875
210.55453115723748
210.44234109195096
210.32559522300778
210.20673097743676
210.08146608374958
209.97127746522352
209.85332710637448
209.73632596539926
209.6092457884029
209.49918953414883
209.3812622913145
209.2651021465408
209.1379290085999
209.02701418885755
208.909830094168
208.79423142779459
208.66836614138813
208.55506472633238
208.43953701466845
208.3241491760881
208.2013927942376
208.08260801305056
207.96999196103474
207.85359792980242
207.7344857270398
207.60956877502343
207.4993311841747
207.38152756730918
207.2645929170537
207.13757658033703
207.0274922829152
206.90971421154134
206.793746923254
206.66680185301684
206.55554801592996
206.43872584219986
206.32333945635344
206.1982733737152
206.08371069317565
205.96900636399891
205.85357224198253
205.732199021729
205.6109082064835
205.4994450747378
205.3824872882338
205.26448887403626
205.13839030641813
205.02840914763385
204.91059176741103
204.79429387085446
204.6672062677193
204.55663692692337
204.43938155078555
204.32389474677493
204.19799562503076
204.08495132530587
203.96942128366499
203.85422470988917
203.73167882638438
203.6126216065405
203.50024642812411
203.3839170397967
203.2652483668298
203.1398797946147
203.02980987592343
202.91211963796064
202.79567919938603
202.66867691943153
202.5582678476709
202.44097215893746
202.32551097735336
202.19955401450719
202.08670608272405
201.97112342419155
201.8560140077505
201.73347047514414
201.6144633505627
201.50211551779657
201.38585628233096
201.2673093568992
201.1418491304711
201.0318164127826
200.91419735122184
200.79793674866525
200.67101862210154
200.5604214722984
200.4433577427819
200.32808015500632
200.20266437708216
200.08895734141538
199.973953973319
199.8588432482985
199.73732475612638
199.61643404083668
199.5049452031331
199.38825955028003
199.27052803700224
199.14436513028633
199.0343909351089
198.91686054034957
198.80105317604614
198.6744280366113
198.5630942145483
198.44664486824794
198.33163286668005
198.20759649466453
198.0914952300855
197.97784621405046
197.86238360664217
197.74272434994216
197.61872070253986
197.50839630367707
197.39107330380858
197.2744949526325
197.1477486161656
197.03743146203647
196.92028925492525
196.8050386003137
196.67947063338664
196.56619442170026
196.45104837850403
196.3361033253661
196.21452065556898
196.0938329795964
195.98233793210977
195.86579837911464
195.74822035626607
195.62205183797957
195.5120528498509
195.39470023539334
195.27915706914138
195.15292415518138
195.04099654076472
194.92507007086334
194.81023984502707
194.68736624413467
194.56919291847885
194.45663490222117
194.34078016035522
194.22237353379901
194.09692855706274
193.986944936903
193.86960175346846
193.75381580213073
193.62736023281553
193.5160584034251
193.39976838623687
193.2849526269091
193.16140086492123
193.04457155206154
192.93141374544007
192.81592818906927
192.69701865260856
192.57213449609353
192.4620905703254
192.34481883357395
192.22888521216797
192.10238940336788
191.99135961747726
191.87493319038427
191.76013329356806
191.63632563364692
191.5200323980028
191.40664808988194
191.2913262069119
191.17224757160872
191.04759369670523
190.93752346161733
190.8203177821715
190.70438005551577
190.57793620649778
190.4669146606449
190.35053371293327
190.23578829628707
190.11211616902844
189.9956198940178
189.8823722302667
189.76704348976503
189.64817112086814
189.523307926216
189.41328950812374
189.29611856218352
189.18035665904364
189.05406182927135
188.94274858068823
188.82661676642255
188.71196584069162
188.58887157714753
188.47131669003275
188.35861052192433
188.24306542750818
188.12478305094584
187.99937107723892
187.8894025491035
187.77229313706593
187.65687551810066
187.5309636853835
187.41887459041115
187.3032918605988
187.18872077123135
187.06675177719202
186.9470400090575
186.83532726410638
186.71926514626796
186.60189156089734
186.47590028952328
186.36579396652974
186.24888495744713
186.13388545040758
186.00878197136586
185.8951769512603
185.7805268077122
185.66587090535955
185.54547057132567
185.42287197573899
185.3123041787679
185.19557790289863
185.07921639481123
184.95293980712086
184.842332272639
184.72584637438885
184.61119950089937
184.48735989954804
184.37139115750907
184.25801382452826
184.14294591667812
184.02416411723678
183.8993208206599
183.78934230694077
183.67235070689995
183.55689453119624
183.43102894461126
183.31910416440573
183.2035349089218
183.08908855828915
182.96727010157693
182.84737284907283
182.7358156318499
182.61979709591625
182.50270097280662
182.37672426750873
182.26648011627586
182.1498175685695
182.0350823603155
181.9107022700687
181.79589359471595
181.6819901022557
181.5672335647301
181.44796283927732
181.32374049130627
181.21368808776924
181.09680122447395
180.98121539293334
180.85530664636033
180.7436725334781
180.6279909511729
180.5136158160102
180.39165253021423
180.27210988666675
180.1604504185428
180.04457808735688
179.92749110163487
179.80160245037564
179.69132121672402
179.5747676929451
179.46013812464
179.3360585053865
179.22077251348222
179.10717036937822
178.9923757705153
178.87354489954083
178.74886123592194
178.63889766884134
178.5220615445028
178.40679915258508
178.28128324386876
178.16890955511735
178.05374802194075
177.9394251139864
177.8184829867691
177.6970237928633
177.5861710548284
177.46987015019772
177.35351581016621
177.22755352620655
177.11681114094043
177.00065324395436
176.8862823766214
176.76332897340257
176.64588920653415
176.53337114877863
176.41811947869957
176.30044682387188
176.17492958252785
176.06482716385636
175.94824184059124
175.83357044398272
175.70926785585104
175.59457514206204
175.48074781330874
175.36615638915669
175.24719064999894
175.12272567105862
175.01276187481238
174.89602489267543
174.78083323622963
174.65548497214954
174.5429513724303
174.42796825016623
174.31372127080664
174.19317818385383
174.07106724999406
173.96050035909929
173.84412257398498
173.72812626510787
173.60231497738948
173.4911853578114
173.3753751191511
173.2611644253181
173.1390799195117
173.01998425189785
172.90825894693077
172.7926461311662
172.67574565300225
172.5500567866197
172.4395774895092
172.32337407932164
172.2090480457222
172.08595859425677
171.9689641057913
171.8563272117382
171.74128136440766
171.62365803567863
171.4982479729604
171.38809485803375
171.27168032504954
171.15719073437126
171.03338733671774
170.9178814242428
170.80455363670137
170.68988363052515
170.57162030066573
170.4466047071543
170.3366312070887
170.22008160057513
170.10537861893437
169.98095709789183
169.86673119020384
169.75277298458724
169.63838694266786
169.5194341714329
169.39506289430153
169.28512129843267
169.1685240762956
169.053529435061
168.92856160137416
168.81549829890818
168.70093399139228
168.58675216496843
168.46700974746383
168.34368466200297
168.2335562703628
168.11706220291637
168.0016883279966
167.87633006898042
167.76421813451594
167.64913461824983
167.53506487299887
167.41451808862104
167.29255282169382
167.18202065708434
167.06579697926023
166.95001457445773
166.82449786135615
166.7129999974575
166.5975759138063
166.48354319373627
166.3623829781073
166.24160397776362
166.13065490640057
166.0147271035424
165.8986243764577
165.77310309485344
165.66191767011702
165.5463306164823
165.43230704151756
165.31081736711627
165.19072563590538
165.07952365620778
164.9637873247254
164.84751737793994
164.72203464226794
164.6109693133588
164.495334148748
164.38132227015362
164.25973283394438
164.13987353808105
164.02859296189385
163.91293381741755
163.79663213934055
163.67118949531252
163.56012612349866
163.44451342814477
163.3305231451364
163.20899391492847
163.08903898776634
162.97781006030726
162.862142606481
162.7459074256266
162.6205027964036
162.509360064896
162.39381774465727
162.2798558912643
162.1584966348821
162.03822098369994
161.92713105289596
161.81139712032328
161.69529401827205
161.5699309280021
161.45864746279068
161.34321020106015
161.22927762853575
161.10816053102394
160.98742150006692
160.87652095887367
160.760685786091
160.64475379226408
160.51944228844326
160.4079695189382
160.29266308376268
160.1787551648116
160.0579238909842
159.9366453784302
159.8259543388959
159.71000327264602
159.59426205455046
159.46901859206417
159.3573140650554
159.24215980981015
159.12826802765625
159.00774919249463
158.8859001048617
158.77541764722017
158.65935108325576
158.5438097419049
158.4186582744448
158.30667633579654
158.1916970502757
158.07781005006535
157.95762637321056
157.83519688819607
157.72490994630286
157.6087381326038
157.49340385406802
157.36837965724095
157.25605781669194
157.14128371572193
157.02738655120723
156.90756783974442
156.78455409027703
156.6744407320638
156.55818208720362
156.44306617452034
156.3182238923028
156.20546375954842
156.09094434953013
155.97701411887002
155.85761063348153
155.73400718832156
155.62403262339612
155.50771769342813
155.39284147724013
155.26827404933834
155.15490273359305
155.04072425179095
154.92672045532385
154.80781816621374
154.683628438364
154.57372536300343
154.4574114640262
154.34280985093065
154.2186861124726
154.1043794887981
153.99069771120958
153.87653872248526
153.75827725975896
153.63355884750928
153.52357699376407
153.40738083525872
153.29309457462054
153.16971897496884
153.0538688998593
152.94095592127405
152.82646942551372
152.70904329443067
152.5839919530032
152.4736195352935
152.35775015617295
152.2437803668337
152.1215853958126
152.00327520798726
151.8914834640863
151.77638598395248
151.6599497788346
151.53486757406068
151.42370090967836
151.30836618053874
151.1945848119925
151.0737748747912
150.95262951094912
150.84197037877368
150.72616337306485
150.61062321742827
150.4857118080463
150.3735651880035
150.25879754911176
150.1450125975013
150.0253102316193
149.90221839488143
149.7921654131452
149.67598561624015
149.56106650592213
149.43656086235708
149.32326649636542
149.20911775970467
149.0951965833094
148.97643211301647
148.85217804244337
148.7422786366187
148.62605939064457
148.51162801367968
148.38788971881482
148.27291226522817
148.15962344628204
148.045385494548
147.92765676601093
147.80275924727803
147.692545556656
147.57661994786872
147.4626304261027
147.3402336555551
147.22243637230946
147.11045977273054
146.99554020206838
146.8790303076015
146.7540439661907
146.6428837637843
146.527603684428
146.41387604386532
146.29321592449585
146.17185022562765
146.06129813255748
145.9454852719973
145.8301035683304
145.70536463265617
145.59290972605191
145.47836042858393
145.36459538727019
145.24530446809374
145.1216858570021
145.0117524323384
144.89557076050946
144.7809350643018
144.65685820478419
144.54270474034254
144.429038211012
144.31500540965274
144.19690843950013
144.07221103625986
143.9621608139509
143.8461444995387
143.73206882539475
143.6093047718413
143.4923466119552
143.38002112309638
143.2653462129653
143.14859523547898
143.02365468152828
142.91267988156633
142.79732174268023
142.68360859560633
142.56278697534262
142.4417807430717
142.3311189271701
142.2154172662733
142.0999877804
141.97530283231177
141.86286080084972
141.74833731960814
141.63460442594797
141.51539120049966
141.39170817135613
141.28178918922873
141.1656388285152
141.0510857298281
140.9271769204924
140.81272261557206
140.69923008755697
140.58516193119917
140.46730461002034
140.34253401093804
140.2323652431719
140.1164745903713
140.00252487263432
139.88020739182963
139.76234157563835
139.65043434179103
139.5355467994353
139.41917734339359
139.294325043825
139.1829462894334
139.06785929732106
138.9542007147454
138.8339910732804
138.71186395240287
138.60158795183628
138.48566528098684
138.37061333565205
138.24618263196578
138.1330573002981
138.01891045319027
137.90510511342643
137.7864703571468
137.66219791712916
137.5522814012614
137.43619028092237
137.3219463322142
137.19868866125387
137.0828620356764
136.97004497397938
136.85568449858357
136.73855057603788
136.61367252955006
136.502992895074
136.38748559447947
136.27375845882057
136.15258336865773
136.0323423088773
135.92141501371697
135.80593136592955
135.6903444565352
135.5656981268616
135.4533906154984
135.33883320160973
135.22514902138386
135.10592529721472
134.98229681793637
134.8723731073793
134.7562663561178
134.64175646164418
134.51796890017346
134.4033284328201
134.28995165281057
134.17587204028322
134.05819019523594
133.93340631115854
133.82311679278803
133.70734776268347
133.59349434355127
133.47156803948226
133.35291457931226
133.24135594365106
133.12628645540224
133.01023122248512
132.8854962123385
132.77372463442276
132.6588873973915
132.54524907427688
132.4255507917875
132.30260159602645
132.19255323724133
132.07651882866134
131.96177484374775
131.8376817199353
131.7237741562347
131.61004011882517
131.4961157353126
131.37804024631424
131.2534150428387
131.14332541964492
131.02740799965022
130.91342569115224
130.79097191373472
130.67345513929348
130.56141124387528
130.4466418691401
130.33021327431453
130.20542672194938
130.09404091771023
129.9789866931786
129.86535289057744
129.74523531050858
129.6229829926174
129.5127469225908
129.39682936310405
129.28186453307592
129.1575738848521
129.0441852546479
128.93019111865402
128.81636296323725
128.69797024401373
128.57353822118276
128.46355355157704
128.34754641651278
128.23343786645054
128.11058203489213
127.99393163016477
127.8814995043375
127.76695206866653
127.65020119655279
127.5253792718964
127.41430657441448
127.29906204240754
127.18540521842479
127.06487723605777
126.94337351881185
126.83289561396687
126.71712980692917
126.60193556252031
126.47749915453899
126.36453603609023
126.25032197155252
126.13655940582602
126.01787091903294
125.89367454665837
125.78374063066353
125.66767547595494
125.55343177932593
125.43022534336936
125.31432415521817
125.20154206106568
125.08717533330261
124.97010539019804
124.84526321230348
124.73447851073468
124.61904392225583
124.50533607611227
124.38435350978212
124.26373305339385
124.15293519022293
124.03736877941213
123.92190445166113
123.79734302934379
123.68479152050594
123.57035734425229
123.45664281379128
123.33762708703253
123.2137559204834
123.103826173461
122.98772785146113
122.87331848495877
122.7497602812345
122.63461062223604
122.52146383778569
122.40726524606231
122.28983089201387
122.16500322378653
122.05450583184962
121.9388650449022
121.82506580682849
121.70352920596278
121.58403472027945
121.47279276754232
121.35749881914955
121.24168096226047
121.11699968386043
121.00490486040087
120.89021695998277
120.77653431581852
120.65709763342538
120.53374464517374
120.423744800182
120.30765552759974
120.19301709172146
120.06907915464471
119.9547546452942
119.84119269313425
119.72715938702302
119.60926481539605
119.48454158860774
119.37432715198631
119.25846126817129
119.14450258526374
119.02225804023426
118.90424079259354
118.7923719905444
118.67744753097077
118.56112834689533
118.43632295153824
118.32479416316129
118.20977271615185
118.09609064388998
117.97602311578699
117.85363602831436
117.743391882915
117.62742176789381
117.51242494394593
117.38808084104025
117.27470152761478
117.1606468261016
117.04677149254019
116.92825621364483
116.80387222419132
116.69387521508595
116.57780037455854
116.46356727980893
116.34044884249562
116.22426640283689
116.11156112403796
115.99708330227172
115.88002926432664
115.7551286720502
115.64431210159816
115.52882977098703
115.415053639169
115.2939394724296
115.17350696533872
115.06258407553307
114.94702116894992
114.8313992442037
114.70669640754052
114.59437063144237
114.47974601276677
114.36598843366866
114.24661672252877
114.12311998067622
114.01310523002228
113.89696000286503
113.78228092166557
113.65826233342023
113.54399274051919
113.43034640648808
113.3162727169539
113.19821927834897
113.07350992493946
112.96334777113347
112.84736608839157
112.73327134354214
112.61064085398887
112.49335188748333
112.3811103510408
112.26632600223628
112.14963457813859
112.0246972509837
111.9135540621469
111.79822960779109
111.68445248074015
111.56370484380194
111.44248813547854
111.33181430938072
111.21603483306646
111.10056949874183
110.97585299208178
110.86332915407036
110.7487584347937
110.63493353929645
110.51560705506533
110.3920036058535
110.28197593847743
110.16578277539932
110.05106207972108
109.92695881898965
109.81277035713188
109.69903625637724
109.58493455902888
109.46672346048166
109.34205172740734
109.23193441420956
109.11585278559053
109.00162961207737
108.87864451238596
108.76202528703409
108.64943783119301
108.53478028631623
108.41772913263787
108.29271553505444
108.18189852401098
108.06630660775404
107.95241392613279
107.83100014549187
107.71104945950674
107.5998620664389
107.48434590530914
107.36841039369592
107.24346553123203
107.13158082007895
107.01660477625462
106.9027685695623
106.78269965178006
106.6601550687386
106.54985032192353
106.43374271151629
106.31855289412303
106.19388209486263
106.08090420716317
105.96649009850422
105.85253240643908
105.7333645331249
105.60948850426831
105.49945187153895
105.38317665348205
105.26842740530373
105.14424520475391
105.03005596784054
104.91624539064262
104.80207108123422
104.68367665811098
104.55904805915723
104.44895841205988
104.33274733466631
104.21833634041445
104.09488330728449
103.97910758558714
103.86605428306274
103.75152848288093
103.6339378136868
103.50890481178796
103.39847154449535
103.28251392982862
103.168377119781
103.04591987735475
102.92802467312116
102.81591570732768
102.70085572448968
102.58409072691752
102.45892945254319
102.34789842722662
102.23231888540677
102.11833789073596
101.9969302257543
101.87681693695835
101.76560403895118
101.64996306613082
101.53387888752697
101.40872134174299
101.29707132426819
101.18183270644487
101.06787353522844
100.94721383963726
100.8255924945595
100.71491204782383
100.59889518935351
100.48321516714603
100.35810545610194
100.24599563085906
100.13098583632268
100.01698739732494
99.89674064504472
99.77434251223865
99.66389398350971
99.54769647601876
99.4322066587559
99.30713973749863
99.19475383590171
99.079866880227
98.96582212868182
98.84576277959704
98.72302102364745
98.6126550520935
98.49637396871906
98.3809469257617
98.25588092730801
98.14338990616075
98.02853195302151
97.91445040445795
97.79441208138542
97.6716090656972
97.56124215394321
97.44492820835656
97.32947295441892
97.20435248874495
97.09191695957324
96.97699889329834
96.86289251778781
96.74272593542912
96.62010722647575
96.50966829589991
96.39336297985209
96.27779733624222
96.15257210524642
96.04033593043643
95.92527574581561
95.8111515590018
95.69071253977728
95.56853454253825
95.45793887472955
95.34169390969679
95.22593621348727
95.10058043085412
94.98864841232884
94.87338176773844
94.75923581389821
94.63839345333257
94.51692182937818
94.40606476903397
94.28994699440028
94.17391810087508
94.04844285350973
93.93686281313177
93.82135587663399
93.70717087318017
93.58582694583056
93.46529175368188
93.35406553947031
93.23814374100122
93.12177409397793
92.99622149332667
92.88499051271225
92.76923725027225
92.65498584335484
92.53307799243105
92.41364034195185
92.30195378088771
92.18628016614201
92.0695066987468
91.94393314630308
91.83302864878806
91.71703174431002
91.60267786922404
91.48014986598372
91.36194170617571
91.24970935084794
91.13432052870664
91.01706220933679
90.89154377382226
90.78094629865488
90.66470120605932
90.55019113263918
90.42695236578287
90.31015104908627
90.19725877400288
90.08218686957193
89.96429838694445
89.83899048716857
89.72867177555437
89.61216972750223
89.49740494654966
89.37330579361333
89.2581784886869
89.1444495735386
89.02971299893406
88.91090327502226
88.78625267934802
88.67607564014428
88.55936631264727
88.44414250329301
88.31904521836334
88.20586031346194
88.09107271939558
87.97660615490531
87.8563396650046
87.73362556116085
87.62302220912206
87.50646376065745
87.39041578360418
87.26460059290228
87.15312146074861
87.03728540133673
86.9228168442578
86.80060642351359
86.68151874094377
86.56952075074015
86.45376770250826
86.33647418616933
86.21074504975556
86.10020717764863
85.98370193561793
85.86891894910273
85.7449495345087
85.62933334468038
85.51571868036896
85.40075439368589
85.28189009872517
85.15717993557837
85.04695732993059
84.930096214875
84.81462467881184
84.68911361370338
84.57650453288602
84.46124268119041
84.34666879360718
84.22546376220932
84.10429972414464
83.99305367424304
83.87670705347769
83.75989419920715
83.63388000262611
83.52312030131974
83.40663662903803
83.29181831603921
83.16795945181799
83.05195235379153
82.93842811108046
82.8232794909404
82.70436353115201
82.57962064080657
82.4693590932294
82.35237703119103
82.23669853024268
82.11087908942848
81.998696988209
81.8830580365605
81.7683643414838
81.64635408981063
81.52662812429625
81.41472234186368
81.29862975617966
81.18112142473723
81.05522405022504
80.94479908823382
80.82792028526734
80.7127104826451
80.58768525497845
80.47374513888525
80.35904645626516
80.24414998225363
80.12360720402026
80.00108995444056
79.89019488016925
79.7733953990695
79.65666243943053
79.53038036707899
79.41961052153484
79.30289439793353
79.18781103120698
79.0633228584085
78.94823573998687
78.83407055970358
78.71891692087002
78.59898573557805
78.4754262695521
78.36480755736352
78.24774901099613
78.13122011468585
78.00481541234072
77.89388907795392
77.77718795936903
77.66205483563772
77.5375903069299
77.42234654639205
77.30818777355206
77.19292814740481
77.07289477406478
76.94943780470841
76.83873774764999
76.72162411293944
76.60490320390157
76.47842057114633
76.36765337753577
76.25073343856195
76.13541247899556
76.01038201221256
75.8960680826491
75.78133665041959
75.66613884677183
75.54522617119905
75.4231769742467
75.311945399807
75.19504052519983
75.07768557228339
74.95135265487606
74.84090273130386
74.72362091801244
74.60791946025086
74.48194503296251
74.36925384574951
74.25349572930293
74.13832622955643
74.01564432049229
73.89682333054067
73.7842060354647
73.66799350137724
73.54931429537736
73.42397831927744
73.31359713732253
73.19607576857243
73.07966945240287
72.95296558125293
72.84182577562184
72.72492647857293
72.60944573482594
72.48437931104431
72.36985132147467
72.25503545836723
72.13959022641572
72.01827060282886
71.8968032796846
71.78519679094988
71.66824509457558
71.55027589620215
71.42417491304879
71.31380475890774
71.19614028193682
71.07980029607297
70.95300768632116
70.84167848076103
70.72475835147038
70.60914195630512
70.48394333009165
70.36948880804351
70.25450659591827
70.13893156045141
70.01718872652442
69.89640311938896
69.78442515992408
69.66752224557897
69.54904821570138
69.42332886704472
69.31289885103472
69.19506345659394
69.07825206509817
68.95126050967819
68.84046965533497
68.72296036442746
68.60689207954867
68.480446197806
68.36800736891342
68.25165804388212
68.13598345066187
68.01174263185557
67.89542006011469
67.78127725504292
67.66524276001849
67.5443883130067
67.42192152950419
67.31047212205918
67.19302873709745
67.0747712875853
66.94870673806798
66.83825363754369
66.72019133577174
66.60311846930692
66.47601217443238
66.36535679348702
66.24748010408318
66.13096539073624
66.00390409904261
65.8924072646505
65.77517060774635
65.65905158083729
65.53295971087289
65.41961208124847
65.30361367325929
65.18769128986824
65.06381605170834
64.94664332272525
64.83273433581031
64.7163239418999
64.59542438595544
64.47292266149394
64.36132259331104
64.24367043246006
64.12494951642721
63.999274798744246
63.888649943414244
63.77035242718594
63.652596463035046
63.525770931694176
63.415270285063414
63.29687157299163
63.17949523990449
63.05225394300786
62.941639260606095
62.823310722297116
62.706134742239605
62.578733459462676
62.467924308271925
62.34973043528691
62.23270342729339
62.105268572559574
61.99419473309488
61.87619118537424
61.759302925239574
61.631948924611294
61.52049741407173
61.40276808151952
61.28602527111747
61.15892147605269
61.04688023512206
60.92957136684311
60.81298212228665
60.686432999187936
60.57338531778218
60.456755088391475
60.34028985642321
60.214823003655006
60.09997646202787
59.984436247286546
59.867924629544994
59.7442081504099
59.62639158855635
59.51240726714274
59.395426849871626
59.27375418763501
59.15236309463324
59.03996930377986
58.92215125846464
58.80200749088451
58.67815319165205
58.566676421992796
58.448230546889214
58.328793705140484
58.20390533319504
58.092739519669614
57.97400153610821
57.85472839792103
57.729601551985134
57.61847312879129
57.499615603171044
57.38025607567334
57.25526151011293
57.144054560960846
57.02515920760538
56.90561120003073
56.78090899171853
56.66957021153607
56.55067957264904
56.43090893594467
56.306551057894154
56.19505867662767
56.07619261841497
55.95619480464775
55.83218416457395
55.72053220296851
55.601697108805865
55.48147649816455
55.35780272311092
55.24599015310281
55.127186540011884
55.00674632570419
54.88340269795856
54.77142750335777
54.652654819568724
54.531993698840175
54.408981779086105
54.296839001732074
54.178097628689216
54.05720978080734
53.93453858003242
53.82222036777634
53.70351190094589
53.58238788036883
53.46007199004937
53.34756809145158
53.22889504376113
53.10752235688209
52.98558081060104
52.87287875808661
52.754244185936265
52.632607252749686
52.511063570032924
52.39814848591997
52.27955589042541
52.157635537848
52.03651851162103
51.92337251742317
51.8048258228947
51.6825983439545
51.5619432264364
51.44854450760605
51.33004793967554
51.20748346342738
51.08733441093154
50.973655647809565
50.85521375794971
50.7322738392429
50.612687237949125
50.49869325257889
50.38031071568576
50.25694459755037
50.137994196906966
50.02363823203992
49.905319276931294
49.78145801407739
49.66323846022569
49.54845771284337
49.43020110408732
49.30574502842045
49.1883955605155
49.07309450806639
48.95489273071114
48.829694532682765
48.71341432845627
48.597445511697096
48.47926786989674
48.353115436327435
48.23818018783342
48.121308044559555
48.00305003231059
47.87571116083927
47.76243598310848
47.64428341843655
47.52560993517901
47.39744468780362
47.285758727543424
47.16598690377493
47.04597229742978
46.920355994729874
46.80838850812613
46.688103236328665
46.565722324677814
46.44520406199868
46.3310745996078
46.211728020032766
46.08695668540036
45.96993151834381
45.85393976182534
45.735084558492744
45.60823662254591
45.49399440301579
45.37614103216715
45.25709377126061
45.12881897568468
45.01684374805503
44.89684376207
44.77626896319738
44.651258371781054
44.53879627179903
44.418258352552066
44.29476081467322
44.175802709376704
44.06055539865631
43.94103810331188
43.814494757070285
43.6996558536986
43.58185311037948
43.46235848492794
43.33400744852213
43.2219495498035
43.10151338079418
42.980115804044836
42.85654985543062
42.74326085794209
42.622674671248824
42.49780990892431
42.380621854489064
42.26406231323273
42.14427646291574
42.016203765265224
41.90319424166857
41.78343167234735
41.662487977008276
41.53687016593407
41.42418468956398
41.302987857388665
41.17843358623516
41.060668324470036
40.94417031493588
40.82396206580824
40.695723781068615
40.582756278355376
40.46253014323212
40.340845904896874
40.21662665004107
40.10318059069889
39.98194597070709
39.85617955690046
39.73986759338332
39.622153361630005
39.50147318003795
39.373126461339304
39.260739491684326
39.1391898394761
39.01548472635902
38.89570630045484
38.77989097453717
38.658959529389016
38.53077935090455
38.41730392739694
38.29686981604135
38.1744230058342
38.050998292584495
37.93681212858945
37.81521439581869
37.68813328817087
37.573114729918295
37.45381800520744
37.331871137732946
37.205920917737956
37.092596237374586
36.9703783419859
36.8438667126105
36.728003355917494
36.609080561429245
36.486947722115815
36.3605499675932
36.247205770249145
36.124696349215434
35.99791266874196
35.88220866578618
35.762853396489334
35.640175463676535
35.51484735520342
35.40091385778122
35.278306803039804
35.15071978064273
35.035814300774476
34.91543476152933
34.79180741999971
34.668951805175595
34.55373898277556
34.43125518628754
34.30270343856545
34.18880825593571
34.06700082354582
33.94187507445023
33.82243711655341
33.705155050747535
33.58253664488134
33.4541873496946
33.3407910087206
33.217454530519454
33.09012601451925
32.974269270146856
32.85390507532389
32.72948503536642
32.606980995168236
32.49104437478746
32.367877915215665
32.23900173026607
32.125236962771865
32.0019171333605
31.87450890359126
31.758170030287523
31.637755305852213
31.512899275597242
31.39056084073969
31.274187924474177
31.150560457842214
31.021820803682125
30.90787592765442
30.783773660950065
30.655328110047986
30.540021504149024
30.41778494278746
30.290827086084835
30.172504852249464
30.05316571693147
29.928483985395452
29.8037790430975
29.68808372414762
29.56354451909041
29.43469451940616
29.320288320731432
29.195533103924813
29.06638970934694
28.951357299511965
28.82752781054936
28.698649508053045
28.582628386763663
28.46015811028728
28.33242218469764
28.21423275902016
28.093930594056705
27.967896538866157
27.845391048760067
27.727920138360435
27.602623640362765
27.475408741484024
27.359988445909426
27.23405604213659
27.105317353019014
26.99011250929203
26.86390606168969
26.73475513611608
26.619427913461077
26.49289919411117
26.363801259470133
26.248275607408488
26.12129302300207
25.99268711018917
25.87681728043815
25.74936809888179
25.621637550496214
25.505256553308794
25.37747618013493
25.250736022604745
25.133790501262972
25.005846786887286
24.879923472169317
24.76249645463063
24.634468185427558
24.509123971044975
24.39132118641942
24.26320549505237
24.138293180537964
24.02016683088726
23.891929445202578
23.767410674073474
23.64895577015382
23.520559974417132
23.396467898435777
23.277643979396636
23.149058287825405
23.025458977139674
22.906208228228355
22.77740256514005
22.65437166556541
22.534625942102398
22.405560442420317
22.283186259686723
22.162858330667337
22.03347462359712
21.911866733818098
21.790834301187523
21.66104092271802
21.54034137355768
21.41841658947775
21.288063095910903
21.168460178286363
21.04531514512103
20.914171872798356
20.795878973725973
20.670900990367294
20.538884865853404
20.421859712795047
20.29390045280487
20.163315310966265
20.04583058708076
19.914323640562767
19.790530306719702
19.668950409818382
19.53658553135286
19.417139609618513
19.29178588097874
19.158778451251138
19.041459332025596
18.91151475916727
18.782986896784525
18.66348671000763
18.53001567391129
18.409474461673025
18.284118684198912
18.150373277791008
18.03271497705601
17.901595815564807
17.774229527049073
17.65324161131781
17.518572968958775
17.399320139534865
17.27116947414052
17.138398183211883
17.0198434164216
16.88487831564408
16.763565115485353
16.63692914858005
16.502353425884607
16.384070228523882
16.249163556781088
16.126573989783896
16.000303572053344
15.864998069711202
15.746518250569947
15.610751536451344
15.488603080619308
15.360997199946878
15.226186675025309
15.106941692067329
14.969306790812817
14.849106509931197
14.717949212596935
14.586991875599018
14.464903350848552
14.326231407848576
14.207463141226686
14.071120336029086
13.947292004918758
13.81884151836089
13.683789246413417
13.56302329400804
13.422864450142454
13.303675293118669
13.16614767718651
13.042560562053897
12.912049194633399
12.778878897062201
12.655810976941694
12.515417997992275
12.395812822169988
12.254303307375782
12.133963660663811
11.995640688989397
11.871390306311318
11.738816171930617
11.607479208803518
11.481207745691679
11.342470524299806
11.22052813883319
11.077814402372875
10.957345301093676
10.813402186950393
10.692822387647537
10.548922901510636
10.427636351727992
10.284232869180272
10.162069181982883
10.019245715923882
9.896211152796877
9.75385581143299
9.630055920579135
9.487900749957989
9.363531501266966
9.221139397363649
9.096491388080983
8.95324444146093
8.828672864676323
8.683902450462815
8.55966932788053
8.413448079185047
8.289257158907573
8.143840735522287
8.018372771123358
7.8759464048944805
7.74793825409526
7.608535691139739
7.477561305079074
7.34080354396212
7.206422490145679
7.072225652984991
6.933408272617663
6.801904543713346
6.6572010637963555
6.5279268311991645
6.381481410585649
6.250496225777808
6.110104195949306
5.971430578957586
5.836605703512641
5.689261067962945
5.5561367986705825
5.413888841202527
5.2718060590879015
5.135390534413652
4.9884492701092
4.8485764125785655
4.708680157310649
4.560020250857491
4.417900937501195
4.276174282074721
4.128212265158052
3.980100293090449
3.8364570465290093
3.6908037910488463
3.5382546977141396
3.387451500466914
3.2382247889627034
3.0897956463850735
2.938468365061674
2.782071047380591
2.6237819714308763
2.4640143564656958
2.30262200696402
2.1391841216232867
1.9731862836153984
1.8046127863010435
1.6350057138082872
1.4653796852529632
1.2941236255028472
1.1190309195521377
0.9376184393778002
0.7535107840524898
0.5643789887439393
0.36680394829913354
0.16257696633702928
0.1
