-116585.9
-116513.83535895417
-116250.49757377306
-115988.06914827364
-115726.5446407401
-115465.91865868641
-115206.1858582582
-114947.34094364387
-114689.3786664944
-114432.29382535224
-114176.08126508852
-113920.73587634893
-113666.25259500786
-113412.62640163065
-113159.85232094393
-112907.92542131372
-112656.84081423139
-112406.59365380713
-112157.17913627089
-111908.59249948067
-111660.82902243799
-111413.88402481041
-111167.75286646104
-110922.43094698485
-110677.91370525169
-110434.19661895586
-110191.27520417226
-109949.14501491877
-109707.801642725
-109467.2407162071
-109227.4579006487
-108988.44889758767
-108750.20944440881
-108512.73531394228
-108276.02231406761
-108040.0662873233
-107804.86311052182
-107570.40869437013
-107336.6989830952
-107103.72995407497
-106871.49761747428
-106639.99801588581
-106409.227223976
-106179.18134813581
-105949.85652613618
-105721.24892678828
-105493.35474960832
-105266.1702244869
-105039.69161136281
-104813.91519990128
-104588.8373091765
-104364.45428735837
-104140.76251140353
-103917.75838675039
-103695.4383470183
-103473.79885371064
-103252.8363959219
-103032.54749004854
-102812.92867950372
-102593.9765344357
-102375.68765145002
-102158.05865333519
-101941.086188792
-101724.76693216637
-101509.09758318558
-101294.07486669795
-101079.6955324159
-100865.95635466224
-100652.85413211967
-100440.38568758366
-100228.54786771828
-100017.33754281522
-99806.75160655584
-99596.78697577625
-99387.44059023532
-99178.70941238562
-98970.59042714724
-98763.0806416844
-98556.1770851849
-98349.87680864225
-98144.17688464058
-97939.0744071421
-97734.56649127736
-97530.65027313789
-97327.3229095715
-97124.58157798012
-96922.42347611996
-96720.84582190432
-96519.84585320861
-96319.42082767781
-96119.5680225363
-95920.2847343999
-95721.56827909022
-95523.41599145127
-95325.82522516818
-95128.7933525882
-94932.31776454368
-94736.39587017737
-94541.02509676955
-94346.20288956742
-94151.92671161634
-93958.19404359318
-93765.00238364155
-93572.349247209
-93380.2321668861
-93188.6486922474
-92997.59638969428
-92807.07284229959
-92617.07564965404
-92427.60242771449
-92238.6508086539
-92050.21844071297
-91862.30298805362
-91674.90213061399
-91488.01356396523
-91301.6349991698
-91115.76416264147
-90930.39879600692
-90745.5366559688
-90561.17551417042
-90377.31315706196
-90193.94738576819
-90011.07601595757
-89828.69687771301
-89646.80781540385
-89465.40668755946
-89284.49136674409
-89104.0597394332
-88924.10970589118
-88744.6391800503
-88565.64608939108
-88387.12837482401
-88209.08399057246
-88031.51090405692
-87854.40709578058
-87677.77055921602
-87501.5993006932
-87325.89133928866
-87150.64470671598
-86975.85744721725
-86801.52761745593
-86627.65328641066
-86454.23253527033
-86281.2634573303
-86108.74415788952
-85936.67275414908
-85765.04737511149
-85593.86616148129
-85423.12726556655
-85252.82885118153
-85082.96909355024
-84913.54617921115
-84744.55830592274
-84576.00368257024
-84407.88052907315
-84240.18707629383
-84072.92156594704
-83906.08225051033
-83739.66739313552
-83573.67526756093
-83408.1041580246
-83242.9523591784
-83078.21817600298
-82913.89992372367
-82749.99592772716
-82586.50452347905
-82423.42405644227
-82260.75288199632
-82098.4893653573
-81936.63188149876
-81775.1788150734
-81614.12856033549
-81453.47952106409
-81293.23011048706
-81133.37875120582
-80973.92387512088
-80814.86392335805
-80656.19734619548
-80497.92260299134
-80340.03816211228
-80182.54250086255
-80025.43410541382
-79868.71147073578
-79712.37310052729
-79556.41750714828
-79400.84321155233
-79245.6487432199
-79090.83264009217
-78936.39344850552
-78782.32972312678
-78628.6400268889
-78475.32293092742
-78322.37701451745
-78169.8008650113
-78017.59307777675
-77865.75225613576
-77714.27701130399
-77563.16596233068
-77412.41773603928
-77262.03096696855
-77112.00429731423
-76962.33637687127
-76813.02586297665
-76664.07142045264
-76515.47172155074
-76367.225445896
-76219.33128043196
-76071.78791936608
-75924.59406411566
-75777.74842325434
-75631.24971245894
-75485.09665445701
-75339.28797897468
-75193.8224226851
-75048.69872915733
-74903.91564880569
-74759.4719388396
-74615.36636321386
-74471.5976925794
-74328.16470423444
-74185.06618207622
-74042.30091655301
-73899.86770461667
-73757.7653496756
-73615.9926615481
-73474.54845641622
-73333.43155677996
-73192.64079141192
-73052.17499531232
-72912.03300966449
-72772.21368179069
-72632.71586510839
-72493.5384190869
-72354.68020920438
-72216.14010690528
-72077.91698955813
-71940.00974041366
-71802.41724856342
-71665.13840889862
-71528.17212206943
-71391.51729444457
-71255.17283807135
-71119.13767063597
-70983.41071542422
-70847.99090128251
-70712.8771625792
-70578.06843916637
-70443.56367634182
-70309.36182481145
-70175.46184065199
-70041.86268527394
-69908.563325385
-69775.56273295368
-69642.85988517331
-69510.45376442627
-69378.34335824862
-69246.52765929497
-69115.0056653037
-68983.77637906243
-68852.8388083738
-68722.19196602156
-68591.83486973697
-68461.76654216537
-68331.98601083318
-68202.49230811512
-68073.28447120165
-67944.36154206676
-67815.72256743604
-67687.3665987549
-67559.29269215727
-67431.49990843429
-67303.98731300351
-67176.75397587822
-67049.79897163704
-66923.12137939375
-66796.72028276749
-66670.59476985307
-66544.74393319152
-66419.16686974105
-66293.86268084805
-66168.83047221845
-66044.0693538893
-65919.5784402005
-65795.3568497669
-65671.40370545053
-65547.71813433307
-65424.29926768856
-65301.14624095634
-65178.25819371417
-65055.634269651644
-64933.27361654372
-64811.17538622457
-64689.33873456152
-64567.762821429336
-64446.4468106846
-64325.389870140374
-64204.59117154099
-64084.04989053712
-63963.76520666101
-63843.73630330189
-63723.962367681626
-63604.44259083052
-63485.17616756333
-63366.162296455484
-63247.400179819466
-63128.88902368138
-63010.62803775775
-62892.61643543243
-62774.85343373374
-62657.3382533118
-62540.07011841598
-62423.048256872586
-62306.27190006268
-62189.740282900115
-62073.45264380968
-61957.408224705476
-61841.60627096943
-61726.046031429985
-61610.72675834093
-61495.64770736043
-61380.80813753023
-61266.20731125492
-61151.8444942815
-61037.71895567899
-60923.82996781827
-60810.176806352
-60696.7587501948
-60583.57508150346
-60470.6250856574
-60357.90805123919
-60245.42327001533
-60133.170036917065
-60021.147650021405
-59909.35541053228
-59797.79262276182
-59686.45859411183
-59575.35263505529
-59464.474059118154
-59353.82218286113
-59243.3963258617
-59133.195810696234
-59023.21996292225
-58913.46811106079
-58803.93958657894
-58694.633723872495
-58585.54986024871
-58476.68733590923
-58368.04549393309
-58259.62368025991
-58151.42124367315
-58043.43753578351
-57935.67191101249
-57828.123726576014
-57720.79234246818
-57613.67712144519
-57506.77742900931
-57400.092633393026
-57293.622105543276
-57187.36521910578
-57081.32135040952
-56975.489878451335
-56869.87018488059
-56764.46165398397
-56659.26367267043
-56554.27563045617
-56449.496919449804
-56344.92693433757
-56240.56507236868
-56136.41073334075
-56032.4633195854
-55928.722235953835
-55825.18688980269
-55721.8566909798
-55618.731051810246
-55515.80938708233
-55413.0911140338
-55310.57565233808
-55208.262424090615
-55106.15085379536
-55004.24036835128
-54902.53039703902
-54801.020371507635
-54699.709725761415
-54598.59789614682
-54497.684321339475
-54396.96844233129
-54296.449702417645
-54196.12754718468
-54096.00142449667
-53996.070784483476
-53896.3350795281
-53796.79376425433
-53697.44629551444
-53598.29213237701
-53499.33073611481
-53400.561570192775
-53301.984100256064
-53203.59779411821
-53105.4021217493
-53007.39655526433
-52909.58056891155
-52811.95363906095
-52714.51524419277
-52617.26486488615
-52520.201983807805
-52423.326085700806
-52326.63665737344
-52230.133187688116
-52133.815167550376
-52037.68208989797
-51941.733449690015
-51845.96874389619
-51750.387471486065
-51654.98913341844
-51559.77323263081
-51464.73927402885
-51369.88676447601
-51275.215212783165
-51180.724129698334
-51086.41302789646
-50992.281421969274
-50898.32882841522
-50804.554765629444
-50710.95875389385
-50617.54031536724
-50524.298974075464
-50431.23425590172
-50338.34568857684
-50245.6328016697
-50153.09512657764
-50060.73219651698
-49968.54354651362
-49876.52871339362
-49784.68723577395
-49693.0186540532
-49601.52251040244
-49510.19834875606
-49419.04571480271
-49328.06415597633
-49237.253221447165
-49146.61246211289
-49056.14143058979
-48965.83968120397
-48875.70676998265
-48785.742254645505
-48695.94569459605
-48606.316650913104
-48516.8546863423
-48427.559365287634
-48338.43025380308
-48249.46691958427
-48160.66893196022
-48072.03586188509
-47983.56728193
-47895.26276627497
-47807.1218907008
-47719.14423258105
-47631.32937087411
-47543.67688611526
-47456.186360408814
-47368.8573774203
-47281.68952236872
-47194.68238201878
-47107.83554467328
-47021.14860016547
-46934.62113985147
-46848.252756602764
-46762.04304479871
-46675.991600319125
-46590.09802053689
-46504.36190431062
-46418.782851977376
-46333.3604653454
-46248.09434768695
-46162.984103731105
-46078.0293396567
-45993.229663085214
-45908.58468307377
-45824.09401010817
-45739.75725609592
-45655.57403435938
-45571.54395962888
-45487.66664803593
-45403.94171710644
-45320.36878575402
-45236.94747427327
-45153.67740433315
-45070.55819897038
-44987.58948258286
-44904.770880923184
-44822.10202109213
-44739.58253153221
-44657.21204202131
-44574.99018366629
-44492.91658889666
-44410.990891458314
-44329.21272640726
-44247.58173010343
-44166.097540204486
-44084.759795659695
-44003.56813670383
-43922.5222048511
-43841.62164288915
-43760.86609487303
-43680.25520611928
-43599.78862319997
-43519.46599393689
-43439.2869673956
-43359.25119387972
-43279.35832492508
-43199.60801329401
-43119.99991296962
-43040.53367915014
-42961.208968243256
-42882.02543786051
-42802.982746811744
-42724.08055509953
-42645.31852391367
-42566.69631562575
-42488.21359378363
-42409.8700231061
-42331.66526947746
-42253.59899994219
-42175.670882699604
-42097.88058709861
-42020.22778363242
-41942.71214393333
-41865.33334076753
-41788.09104802996
-41710.98494073914
-41634.01469503208
-41557.17998815923
-41480.4804984794
-41403.91590545477
-41327.48588964589
-41251.19013270673
-41175.02831737974
-41099.000127490974
-41023.10524794519
-40947.34336472102
-40871.71416486615
-40796.21733649255
-40720.852568771676
-40645.619551929776
-40570.51797724315
-40495.5475370335
-40420.70792466325
-40345.99883453095
-40271.41996206663
-40196.97100372729
-40122.65165699229
-40048.461620358874
-39974.400593337654
-39900.468276448126
-39826.66437121426
-39752.98858016005
-39679.440606805125
-39606.020155660386
-39532.72693222367
-39459.56064297539
-39386.52099537428
-39313.607697853105
-39240.82045981441
-39168.15899162629
-39095.62300461822
-39023.212211076825
-38950.92632424177
-38878.765058301615
-38806.728128389695
-38734.81525058005
-38663.02614188336
-38591.36052024289
-38519.81810453049
-38448.398614542595
-38377.101770996254
-38305.927295525165
-38234.87491067577
-38163.944339903304
-38093.13530756797
-38022.447538931025
-37951.88076015095
-37881.434698279634
-37811.10908125858
-37740.90363791511
-37670.81809795858
-37600.85219197671
-37531.0056514318
-37461.278208657066
-37391.669596852946
-37322.17955008345
-37252.80780327252
-37183.5540922004
-37114.41815350006
-37045.399724653595
-36976.49854398868
-36907.714350675014
-36839.04688472082
-36770.49588696931
-36702.061099095234
-36633.7422636014
-36565.53912381523
-36497.45142388533
-36429.478908778074
-36361.62132427424
-36293.87841696559
-36226.24993425157
-36158.73562433593
-36091.33523622343
-36024.04851971652
-35956.87522541207
-35889.81510469811
-35822.86790975055
-35756.03339352999
-35689.31130977848
-35622.701413016315
-35556.203458538876
-35489.81720241346
-35423.54240147613
-35357.37881332858
-35291.32619633502
-35225.384309619105
-35159.55291306082
-35093.83176729343
-35028.22063370043
-34962.71927441252
-34897.32745230458
-34832.044930992655
-34766.871474831
-34701.806848909095
-34636.850819048675
-34572.003151800825
-34507.26361444303
-34442.63197497627
-34378.10800212215
-34313.69146531998
-34249.38213472395
-34185.17978120026
-34121.08417632431
-34057.09509237784
-33993.21230234616
-33929.43557991536
-33865.764699469524
-33802.19943608795
-33738.73956554243
-33675.38486429454
-33612.13510949284
-33548.99007897026
-33485.94955124135
-33423.013305499626
-33360.1811216149
-33297.45278013064
-33234.82806226132
-33172.306749889794
-33109.888625564716
-33047.5734724979
-32985.36107456177
-32923.251216286786
-32861.24368285887
-32799.33826011687
-32737.534734550045
-32675.83289329552
-32614.232524135794
-32552.733415496255
-32491.335356442687
-32430.038136678802
-32368.84154654379
-32307.745377009876
-32246.749419679887
-32185.85346678483
-32125.057311181492
-32064.36074635004
-32003.763566391648
-31943.265566026108
-31882.86654058949
-31822.566286031786
-31762.364598914573
-31702.2612764087
-31642.256116291956
-31582.34891694679
-31522.53947735801
-31462.827597110507
-31403.213076386994
-31343.69571596574
-31284.275317218333
-31224.95168210745
-31165.724613184622
-31106.59391358804
-31047.55938704034
-30988.620837846414
-30929.778070891247
-30871.03089163773
-30812.379106124514
-30753.82252096386
-30695.360943339496
-30636.994181004502
-30578.72204227919
-30520.544336049003
-30462.460871762403
-30404.471459428805
-30346.5759096165
-30288.774033450576
-30231.065642610884
-30173.450549329977
-30115.92856639108
-30058.499507126075
-30001.16318541347
-29943.919415676395
-29886.768012880628
-29829.708792532583
-29772.741570677346
-29715.866163896706
-29659.082389307194
-29602.390064558145
-29545.78900782975
-29489.279037831126
-29432.8599737984
-29376.5316354928
-29320.29384319875
-29264.14641772197
-29208.089180387607
-29152.12195303835
-29096.244558032566
-29040.45681824244
-28984.75855705214
-28929.14959835596
-28873.6297665565
-28818.198886562837
-28762.85678378872
-28707.603284150762
-28652.43821406664
-28597.36140045331
-28542.372670725224
-28487.471852792572
-28432.6587750595
-28377.933266422366
-28323.295156268
-28268.74427447195
-28214.280451396764
-28159.903517890274
-28105.61330528386
-28051.409645390766
-27997.292370504394
-27943.261313396615
-27889.31630731608
-27835.45718598656
-27781.68378360527
-27727.99593484121
-27674.393474833516
-27620.876239189827
-27567.44406398463
-27514.09678575764
-27460.83424151219
-27407.656268713607
-27354.562705287604
-27301.55338961869
-27248.628160548575
-27195.786857374587
-27143.0293198481
-27090.355388172957
-27037.764903003907
-26985.257705445067
-26932.833637048352
-26880.492539811956
-26828.234256178803
-26776.058629035022
-26723.96550170844
-26671.954717967055
-26620.02612201754
-26568.17955850374
-26516.414872505175
-26464.731909535567
-26413.130515541357
-26361.610536900225
-26310.171820419633
-26258.81421333537
-26207.53756331008
-26156.341718431857
-26105.226527212755
-26054.1918385874
-26003.23750191154
-25952.36336696062
-25901.5692839284
-25850.855103425514
-25800.22067647809
-25749.66585452635
-25699.190489423218
-25648.794433432948
-25598.477539229738
-25548.239659896368
-25498.080648922834
-25448.00036020499
-25397.998648043198
-25348.07536714098
-25298.230372603688
-25248.46351993716
-25198.774665046392
-25149.16366423423
-25099.630374200042
-25050.17465203841
-25000.79635523783
-24951.495341679412
-24902.271469635583
-24853.124597768812
-24804.054585130314
-24755.06129115878
-24706.144575679118
-24657.30429890117
-24608.540321418466
-24559.85250420697
-24511.240708623824
-24462.70479640611
-24414.244629669614
-24365.8600709076
-24317.550982989575
-24269.317229160064
-24221.15867303741
-24173.07517861255
-24125.06661024782
-24077.13283267575
-24029.273710997863
-23981.489110683495
-23933.778897568613
-23886.142937854624
-23838.581098107214
-23791.093245255168
-23743.67924658921
-23696.338969760847
-23649.072282781213
-23601.87905401992
-23554.759152203907
-23507.712446416313
-23460.738806095338
-23413.83810103311
-23367.010201374564
-23320.25497761632
-23273.57230060557
-23226.96204153896
-23180.424071961505
-23133.958263765457
-23087.564489189237
-23041.24262081633
-22994.9925315742
-22948.814094733207
-22902.707183905528
-22856.671673044093
-22810.707436441502
-22764.814348728974
-22718.99228487528
-22673.24112018569
-22627.560730300916
-22581.95099119608
-22536.41177917966
-22490.942970892454
-22445.544443306553
-22400.216073724303
-22354.95773977729
-22309.769319425308
-22264.65069095536
-22219.60173298063
-22174.622324439482
-22129.712344594456
-22084.871673031274
-22040.10018965783
-21995.397774703222
-21950.764308716745
-21906.199672566916
-21861.703747440497
-21817.276414841515
-21772.917556590302
-21728.627054822515
-21684.40479198818
-21640.25065085074
-21596.16451448608
-21552.14626628161
-21508.19578993528
-21464.312969454662
-21420.497689156007
-21376.749833663303
-21333.06928790735
-21289.45593712483
-21245.909666857377
-21202.430362950672
-21159.017911553514
-21115.67219911691
-21072.393112393172
-21029.180538435
-20986.034364594598
-20942.954478522755
-20899.940768167973
-20856.99312177556
-20814.111427886743
-20771.2955753378
-20728.545453259172
-20685.860951074574
-20643.24195850014
-20600.688365543552
-20558.20006250316
-20515.77693996714
-20473.41888881262
-20431.12580020482
-20388.897565596224
-20346.734076725712
-20304.635225617723
-20262.600904581403
-20220.63100620978
-20178.72542337892
-20136.884049247103
-20095.106777253983
-20053.39350111978
-20011.744114844438
-19970.15851270682
-19928.636589263893
-19887.17823934991
-19845.7833580756
-19804.451840827376
-19763.18358326651
-19721.97848132835
-19680.836431221527
-19639.757329427146
-19598.741072698012
-19557.787558057833
-19516.896682800434
-19476.06834448899
-19435.30244095524
-19394.598870298712
-19353.957530885946
-19313.378321349737
-19272.861140588368
-19232.405887764835
-19192.012462306106
-19151.680763902346
-19111.410692506175
-19071.20214833192
-19031.05503185485
-18990.96924381045
-18950.944685193674
-18910.981257258194
-18871.07886151568
-18831.237399735066
-18791.456773941798
-18751.73688641713
-18712.077639697385
-18672.478936573247
-18632.94068008902
-18593.462773541938
-18573.031578740836
-18556.37774402492
-18541.26091480365
-18526.275481481396
-18511.55039903358
-18497.960789815887
-18484.900707222878
-18470.419225323854
-18458.258084362817
-18444.537845829873
-18432.451770307787
-18418.6510453903
-18406.938480308305
-18392.701374296204
-18381.30571394331
-18367.12505816842
-18355.663854297523
-18342.123362621787
-18329.985761012715
-18317.486903530586
-18304.007505154743
-18292.442521030036
-18278.66910111192
-18267.098599520705
-18254.03851056356
-18241.37830927355
-18229.4211281734
-18215.77499345063
-18204.337174057746
-18191.0014225342
-18178.92925918204
-18166.610651437528
-18153.18919732964
-18141.743035506686
-18128.242694681237
-18116.54727258209
-18103.91811450947
-18090.839242980892
-18079.27493441925
-18065.69281591988
-18054.24792893191
-18041.318669060263
-18028.776274619202
-18016.951637200375
-18003.46452695947
-17992.11493803941
-17979.01409774072
-17966.886734805328
-17954.837654467807
-17941.485016712933
-17930.165103470023
-17916.962993694597
-17905.123457250844
-17892.901262631873
-17879.686300201498
-17868.368284093624
-17855.07654010264
-17843.479327093104
-17831.077920253974
-17818.06703898563
-17806.700010871693
-17793.34347316528
-17781.950254885684
-17769.355539453376
-17756.668517636124
-17745.175421767723
-17731.83870901507
-17720.571926989323
-17707.836672733763
-17695.47762752824
-17683.844441558325
-17670.5914152042
-17659.384058787306
-17646.59314859013
-17634.448013883128
-17622.736171200748
-17609.562524974077
-17598.391212099785
-17585.59577471136
-17573.570924797597
-17561.837048078098
-17548.724511021253
-17537.583474720774
-17524.81193245515
-17512.84904031647
-17501.131289583387
-17488.067104071226
-17476.953845499196
-17464.227593041753
-17452.283185244527
-17440.611386029635
-17427.586785749285
-17416.498798575794
-17403.837012533804
-17391.87247856186
-17380.27262639625
-17367.281221620386
-17356.214690715606
-17343.634310452577
-17331.614512369393
-17320.107977199194
-17307.144649436028
-17296.09469397176
-17283.60678319802
-17271.50735395822
-17260.105841656587
-17247.16725903377
-17236.1291319646
-17223.735961659724
-17211.55155140481
-17200.2537675467
-17187.34018238696
-17176.31025839254
-17164.007615828665
-17151.74907391545
-17140.544928179395
-17127.660362893483
-17116.635866802542
-17104.418661412314
-17092.10156288173
-17080.979944799332
-17068.1306003826
-17057.108090364825
-17044.974666738337
-17032.610291798454
-17021.563711571835
-17008.756868313325
-16997.73030986406
-16985.68415767387
-16973.277672565106
-16962.302450187482
-16949.547592653667
-16938.505730774494
-16926.556809936726
-16914.109298248943
-16903.20382517905
-16890.516198165777
-16879.43748389009
-16867.605498583394
-16855.117851724393
-16844.279625872383
-16831.687582383136
-16820.52818390045
-16808.850023370214
-16796.33049749687
-16785.54905038979
-16773.106690275214
-16761.773498306564
-16750.31482321557
-16737.78743635974
-16727.028535914444
-16714.81739270442
-16703.14450584392
-16691.98885874094
-16679.465385993266
-16668.669828968592
-16656.723734007617
-16644.64429018028
-16633.77840944805
-16621.261655669216
-16610.383383409084
-16598.650482915422
-16586.364642634126
-16575.648882688307
-16563.238000386347
-16552.199690873214
-16540.70196874854
-16528.34195630212
-16517.692475766067
-16505.504758439354
-16494.13759718549
-16482.967446563056
-16470.606165657362
-16459.931409622535
-16448.067945596413
-16436.170862949522
-16425.38253992778
-16413.015428258088
-16402.232449766263
-16390.64220129148
-16378.458252591954
-16367.860297205585
-16355.630684566226
-16344.598799673697
-16333.315943038891
-16321.074444595604
-16310.510679770427
-16298.59848758706
-16287.040361979376
-16276.185039364887
-16263.941256836892
-16253.281042702847
-16241.719887831767
-16229.672022808036
-16219.131336906747
-16206.972096061902
-16196.06335047895
-16184.829332279058
-16172.690785501698
-16162.199277519952
-16150.378443715626
-16138.890107234403
-16128.122754214299
-16115.981934767422
-16105.37295907093
-16093.935152437913
-16081.938796723427
-16071.490138683534
-16059.474299323103
-16048.53227044466
-16037.476015891923
-16025.431523563497
-16014.979219065552
-16003.376122234324
-15991.715373208677
-15981.172507273446
-15969.120743724186
-15958.484225209884
-15947.252824518891
-15935.287330248722
-15924.924045319396
-15913.155742642748
-15901.965560795
-15891.223038108123
-15879.263460040016
-15868.78274521174
-15857.474971045782
-15845.620718487742
-15835.293111778603
-15823.449522412357
-15812.568683891515
-15801.69610886922
-15789.81277507437
-15779.437286967568
-15768.075544640513
-15756.378693444056
-15746.048729702658
-15734.189978193426
-15723.515629422986
-15712.568091859186
-15700.744527850973
-15690.452569902669
-15679.045786963712
-15667.542375054252
-15657.1845210227
-15645.360992796766
-15634.820179756567
-15623.848650683662
-15612.082884494073
-15601.85429142874
-15590.437767013673
-15579.09029912195
-15568.721399875796
-15556.959665601038
-15546.494376693645
-15535.548102613853
-15523.839995659338
-15513.659217869612
-15502.284040881446
-15491.00080498627
-15480.67053010556
-15468.971396154553
-15458.540280226081
-15447.656546095643
-15436.006266524062
-15425.86066907723
-15414.571803060266
-15403.26837770807
-15393.022460350863
-15381.382837248319
-15370.95147709153
-15360.158900376653
-15348.569360036372
-15338.444521801908
-15327.2756840761
-15315.901757650252
-15305.764581678035
-15294.194808972148
-15283.719926542664
-15273.049696736201
-15261.52478473284
-15251.400699962587
-15240.379038442758
-15228.93064040942
-15218.899116095385
-15207.443359315408
-15196.838496463713
-15186.346440629433
-15174.885364851629
-15164.726553793398
-15153.882875619054
-15142.415519357464
-15132.447222701581
-15121.203585028068
-15110.289181305572
-15100.07144479169
-15088.648107670006
-15078.397404211619
-15067.751898554641
-15056.354277608663
-15046.365215808664
-15035.405008551017
-15024.13091273862
-15014.178551620342
-15002.83398590688
-14992.373089161454
-14981.97014535181
-14970.650196888133
-14960.578925000196
-14949.876136428133
-14938.531261818884
-14928.65592922721
-14917.601316500468
-14906.646883268588
-14896.622913110035
-14885.328121329092
-14875.087358861512
-14864.636421028734
-14853.389458159474
-14843.432362349069
-14832.723099066467
-14821.45886874221
-14811.651370100066
-14800.581548952829
-14789.854264531703
-14779.799644252653
-14768.595728566768
-14758.456752030117
-14748.041722235208
-14736.868110747086
-14726.978894785454
-14716.327136385054
-14705.13516291452
-14695.384820980184
-14684.391789312825
-14673.703772270745
-14663.72470059115
-14652.597602229942
-14642.487914213289
-14632.163589094507
-14621.073996209672
-14611.210788289882
-14600.676226527803
-14589.546704784905
-14579.844599074448
-14569.010020151267
-14558.195645730755
-14548.382218560595
-14537.32297442679
-14527.166632222676
-14516.982660186899
-14505.980502455126
-14496.102013237725
-14485.723525653892
-14474.684180619819
-14464.99068299749
-14454.380310073117
-14443.401358189672
-14433.761915801664
-14422.844484220755
-14412.470051174063
-14402.527739293886
-14391.592135786563
-14381.633917390196
-14371.447273108057
-14360.53111933203
-14350.777214342439
-14340.428872017146
-14329.46902819556
-14319.869860874087
-14309.292727920094
-14298.444090816976
-14288.856059618904
-14278.00439359217
-14267.762665797063
-14257.864170930598
-14247.03035321679
-14237.14247682508
-14227.042206925016
-14216.22496014233
-14206.521291713474
-14196.286481580759
-14185.430780346123
-14175.874164134508
-14165.456622963124
-14154.617741443426
-14145.133208832924
-14134.449752441018
-14124.060915786844
-14114.370411010397
-14103.610524904932
-14093.682175308064
-14083.742108187236
-14073.036790119855
-14063.307724066814
-14053.254330814592
-14042.537734674434
-14032.950696559501
-14022.785693558795
-14012.03241518362
-14002.569023127578
-13992.23994529655
-13981.504013197215
-13972.104257363371
-13961.532323760783
-13951.203651010534
-13941.621909689125
-13930.972573513805
-13921.087183240614
-13911.273029721313
-13900.68494351561
-13890.987702482402
-13881.080585211537
-13870.501072089317
-13860.924241995688
-13850.948218029258
-13840.35523104753
-13830.880503448694
-13820.822452670383
-13810.196556909854
-13800.824625149933
-13790.635338400349
-13780.002935844414
-13770.704424560048
-13760.30630727088
-13749.952350550455
-13740.546981632358
-13730.021128104145
-13720.133912718466
-13710.492914391545
-13700.031409298856
-13690.350217350413
-13680.61776915388
-13670.18939620379
-13660.611812676685
-13650.842535338272
-13640.430995706833
-13630.919160691908
-13621.13035319965
-13610.728141687614
-13601.268515335947
-13591.463800933701
-13581.06476260064
-13571.65572449334
-13561.830447036911
-13551.427320550882
-13542.074376227418
-13532.215857805755
-13521.798293070826
-13512.512307227678
-13502.595631237718
-13492.152041076299
-13482.944543702428
-13472.92350771553
-13462.474858503283
-13453.330317653776
-13443.13865284782
-13432.89426192346
-13423.682918855728
-13413.362671892688
-13403.536128013904
-13394.125049645449
-13383.858468085647
-13374.2367451741
-13364.743915082458
-13354.529641153951
-13344.985410265344
-13335.48427540281
-13325.308949064633
-13315.784974967059
-13306.307359319515
-13296.167387899617
-13286.631215882278
-13277.194204163401
-13267.08607229903
-13257.519878962989
-13248.130911096108
-13238.049285103194
-13228.447736194661
-13219.106127195944
-13209.044512314666
-13199.413818784364
-13190.112568671728
-13180.065775441592
-13170.419090500032
-13161.148650366898
-13151.114322943356
-13141.465427160867
-13132.217473622277
-13122.195979247568
-13112.554191159179
-13103.323903066743
-13093.31677982205
-13083.685965000763
-13074.47185477198
-13064.480542438427
-13054.860779327431
-13045.663324969357
-13035.688656756003
-13026.078398697313
-13016.898699997786
-13006.940908494895
-12997.338536150322
-12988.177492528941
-12978.236435869527
-12968.64097279535
-12959.498997482515
-12949.574405027548
-12939.985579859764
-12930.862665341823
-12920.954294180248
-12911.372301148502
-12902.268206949859
-12892.375905252431
-12882.801111070963
-12873.715545426223
-12863.83924507505
-12854.271985602822
-12845.204705672746
-12835.344384820615
-12825.784887803426
-12816.735725522394
-12806.891375094334
-12797.339767680542
-12788.308613007222
-12778.480217522769
-12768.936567847199
-12759.923339426641
-12750.110870988568
-12740.575224674578
-12731.579846682727
-12721.783263357023
-12712.255679960643
-12703.278068001451
-12693.497331744453
-12683.977877590589
-12675.017944457639
-12665.253016737308
-12655.741760663474
-12646.799417438308
-12637.050260413178
-12627.547273683898
-12618.622431916918
-12608.889011500458
-12599.39436342921
-12590.486936582796
-12580.769221893717
-12571.28297440868
-12562.392882664522
-12552.690844253115
-12543.213050177317
-12534.340218693895
-12524.653825979249
-12515.184537572768
-12506.328892276706
-12496.658116688342
-12487.19737890439
-12478.358848933056
-12468.70366098283
-12459.251522098739
-12450.430037629882
-12440.79041154582
-12431.346909306856
-12422.542404428648
-12412.918310825002
-12403.483485502125
-12394.695892357653
-12385.08730301634
-12375.66119778968
-12366.890450759984
-12357.297342488228
-12347.879992533939
-12339.12602887547
-12329.548377944402
-12320.139813570475
-12311.402574624803
-12301.840356728615
-12292.440607009205
-12283.720033454088
-12274.173223391002
-12264.782318298687
-12256.078351055005
-12246.546926485007
-12237.164893853116
-12228.477476607224
-12218.961414585223
-12209.58827915318
-12200.917355303669
-12191.416635163901
-12182.05242264207
-12173.397937978103
-12163.912539432813
-12154.55726852258
-12145.91917070892
-12136.449073298234
-12127.102764324163
-12118.481001308246
-12109.026184728165
-12099.688856904359
-12091.083378085228
-12081.643825527495
-12072.31549292995
-12063.726250143956
-12054.301943888076
-12044.98262088487
-12036.409564455693
-12027.000487029807
-12017.69018576341
-12009.13326950305
-11999.739403693648
-11990.438137144462
-11981.89731435823
-11972.518645670132
-11963.226420944064
-11954.701646059177
-11945.338158352983
-11936.054985789355
-11927.546214381366
-11918.197894681194
-11908.923781638627
-11900.43097042132
-11891.09780753512
-11881.832753383022
-11873.355861761533
-11864.037841878668
-11854.781851306872
-11846.320836547533
-11837.017947449278
-11827.771023065357
-11819.325843817713
-11810.03807601766
-11800.800218880928
-11792.370834617332
-11783.098179387902
-11773.86938766743
-11765.455759982184
-11756.198208760048
-11746.97847775792
-11738.580569332966
-11729.338114616217
-11720.127439489852
-11711.745211992553
-11702.517849066006
-11693.316224120756
-11684.949641099565
-11675.737366494419
-11666.54478001348
-11658.193807705906
-11648.996618081865
-11639.813059120319
-11631.477662022418
-11622.29555533751
-11613.121010639295
-11604.801156233072
-11595.634133583744
-11586.468587000327
-11578.164241192148
-11569.012303795656
-11559.855740566787
-11551.566871558967
-11542.430025673031
-11533.282422787928
-11525.009000776554
-11515.88725202333
-11506.748585909701
-11498.490581548856
-11489.3839378958
-11480.254184372996
-11472.011568230928
-11462.920042701124
-11453.799170615079
-11445.571915298278
-11436.495521648165
-11427.383499469095
-11419.17157765227
-11410.11033284421
-11401.007126305274
-11392.810513002969
-11383.764439691031
-11374.67000824387
-11366.48867904175
-11357.457803601801
-11348.3721027014
-11340.206034787783
-11331.190387776196
-11322.113367542734
-11313.962540401937
-11304.962159280103
-11295.893763629658
-11287.758157233566
-11278.773084343857
-11269.713252002846
-11261.592848153932
-11252.623134798087
-11243.571797384884
-11235.466579865972
-11226.512284458777
-11217.469366468706
-11209.379319999358
-11200.440512769928
-11191.405929695287
-11183.331041060783
-11174.407805878853
-11165.381461256804
-11157.321720401453
-11148.41415460115
-11139.39594169358
-11131.351339296752
-11122.459560039928
-11113.449357429068
-11105.419887537524
-11096.544035882927
-11087.541707416403
-11079.52736536364
-11070.667612897967
-11061.67299995844
-11053.673783857064
-11044.830339298722
-11035.843262131713
-11027.85916916467
-11019.032290795318
-11010.052547905443
-11002.08357646337
-10993.273591484663
-10984.300946736488
-10976.347092293543
-10967.554418070049
-10958.588606080819
-10950.649852722754
-10941.875038583707
-10932.91575841409
-10924.992073194726
-10916.235857488975
-10907.282778952089
-10899.374085959194
-10890.637490428693
-10881.690279901995
-10873.796417843761
-10865.080913480038
-10856.139303562326
-10848.259930861095
-10839.567729562254
-10830.631706715161
-10822.766081211932
-10814.100686152558
-10805.170997417734
-10797.317447683932
-10788.684755488537
-10779.764306472976
-10771.918822771193
-10763.329477204179
-10754.427227921857
-10746.579377546226
-10738.053943445135
-10729.19517665383
-10721.315326605629
-10712.894987987083
-10704.139132556556
-10696.139541868923
-10687.899957966863
-10679.316972962257
-10670.98156023876
-10663.012344815019
-10654.520494382215
-10645.758363051702
-10638.003475788619
-10629.458220109489
-10620.652320771349
-10612.894619020108
-10604.409425565356
-10595.614143838251
-10587.832509574717
-10579.439814861636
-10570.723156948763
-10562.851893470697
-10554.619903744278
-10546.068021922101
-10537.922729045302
-10529.948484016099
-10521.538247353572
-10512.908311876792
-10505.200517074098
-10496.74016294121
-10488.006682361924
-10480.319920500382
-10471.910959022547
-10463.199823475485
-10455.473691578612
-10447.175967981806
-10438.564835364376
-10430.711817263462
-10422.604289909676
-10414.17915627727
-10405.959082799765
-10398.139576141535
-10389.803458237253
-10381.147936539828
-10373.536533404194
-10365.151733041284
-10356.497630439146
-10348.851131300613
-10340.568347389326
-10331.97728425763
-10324.242919970458
-10316.123044431117
-10307.705826549618
-10299.683613391073
-10291.833579537279
-10283.565898976756
-10275.03075235402
-10267.455429841559
-10259.132098436257
-10250.532405008944
-10242.950426588157
-10234.711663087086
-10226.17593699041
-10218.504712622724
-10210.430963154888
-10202.068703405002
-10194.11138023212
-10186.309625429241
-10178.104417582585
-10169.62054803438
-10162.100412076417
-10153.838823124162
-10145.30056126415
-10137.764466510365
-10129.599910860967
-10121.146008010055
-10113.493168281186
-10105.516935120302
-10097.257601525194
-10089.24200088334
-10081.563816206986
-10073.419192965048
-10064.920534550665
-10057.472293409412
-10049.277322932412
-10040.820131749799
-10033.299426273505
-10025.25200498288
-10016.92531967748
-10009.206400093126
-10001.397992776629
-9993.276770354825
-9985.037282169136
-9977.55247615544
-9969.423603895908
-9960.971731896785
-9953.546402964734
-9945.470261811637
-9937.130081495598
-9929.563242930933
-9921.69541376178
-9913.557096807139
-9905.586604053335
-9898.031744691405
-9889.990586200764
-9881.570908349107
-9874.21378807641
-9866.142141879141
-9857.821207552548
-9850.342671907172
-9842.464235741414
-9834.325617228069
-9826.518383578757
-9818.934408795567
-9810.949784653107
-9802.597590297482
-9795.281956238716
-9787.238759551168
-9778.944246570383
-9771.532782937233
-9763.663991538457
-9755.541573515577
-9747.841609411833
-9740.256008416107
-9732.315861144685
-9724.038318867915
-9716.754268909588
-9708.753251463551
-9700.493303086867
-9693.13340934852
-9685.29366476918
-9677.208034648447
-9669.566203663184
-9662.009717901325
-9654.114380816642
-9645.884730246307
-9638.638341302703
-9630.683030545111
-9622.469903701589
-9615.144178488777
-9607.355160675468
-9599.327970296323
-9591.694695773751
-9584.200191008284
-9576.353540740238
-9568.135558927974
-9560.93663321006
-9553.028647452138
-9544.879293080658
-9537.56524989298
-9529.852157609872
-9521.905943083872
-9514.22060038161
-9506.823065232024
-9499.020737510606
-9490.808231942648
-9483.649485708953
-9475.806593767795
-9467.747191033754
-9460.40457220095
-9452.80590356925
-9444.968018333273
-9437.126730256878
-9429.872161847024
-9422.086405157355
-9413.931973606912
-9406.771952399362
-9399.036891134103
-9391.100787578212
-9383.651954297793
-9376.216020673273
-9368.485426899944
-9360.418544395643
-9353.313801270082
-9345.526438195662
-9337.492548438167
-9330.281470463471
-9322.687129574582
-9314.879569261062
-9307.247000858748
-9299.988019508663
-9292.301558324229
-9284.198816217002
-9277.12929736952
-9269.436076965449
-9261.55544832515
-9254.212857367547
-9246.816240512731
-9239.153533730756
-9231.187577097964
-9224.137453956933
-9216.427966548279
-9208.464355774746
-9201.318027244368
-9193.797013605728
-9186.075578508347
-9178.475452014056
-9171.301897974721
-9163.685785256986
-9155.661467596457
-9148.641213583633
-9141.044911632745
-9133.277553424829
-9125.920710188893
-9118.649791358517
-9111.077718035722
-9103.095096743727
-9096.133625011416
-9088.501945549466
-9080.672657317604
-9073.506732008369
-9066.137018836906
-9058.550303323009
-9050.796668520934
-9043.792419383442
-9036.207308628473
-9028.31978508125
-9021.286649179998
-9013.846991743538
-9006.233572320929
-8998.722954979849
-8991.645742082015
-8984.134263220576
-8976.217662176718
-8969.273250604061
-8961.799605338096
-8954.17475063457
-8946.819778412326
-8939.700328869034
-8932.234880285843
-8924.32572444055
-8917.441265794274
-8909.951703034063
-8902.310708511253
-8895.085662758253
-8887.928483985388
-8880.491677338803
-8872.62687872025
-8865.781598619127
-8858.287328500084
-8850.621082802465
-8843.518577362083
-8836.318293236904
-8828.893128960526
-8821.135299508953
-8814.296817504623
-8806.823796116525
-8799.131645613663
-8792.1317241572
-8784.895722479616
-8777.473748883987
-8769.858890410205
-8763.002824346513
-8755.57820882274
-8747.874466152827
-8740.945637648816
-8733.699880175882
-8726.29371216582
-8718.773348922747
-8711.915552586115
-8704.535523198754
-8696.843417463862
-8689.95699167855
-8682.726675476908
-8675.349317456485
-8667.86789825764
-8661.031650452342
-8653.684302574777
-8646.022233270534
-8639.15823403934
-8631.960272730264
-8624.61922055115
-8617.14133401265
-8610.34165844503
-8603.018818729808
-8595.39835364139
-8588.544093667108
-8581.388536433193
-8574.087160477111
-8566.593374929813
-8559.837688649595
-8552.534779272208
-8544.962390723911
-8538.110392736775
-8531.002233822703
-8523.740630399026
-8516.224568701922
-8509.51410913075
-8502.230039178898
-8494.70828393306
-8487.854733888813
-8480.795761474006
-8473.57255579543
-8466.036115297326
-8459.368488084128
-8452.104976146144
-8444.634843691325
-8437.776794725789
-8430.768256779278
-8423.582290211487
-8416.029796775363
-8409.401463195292
-8402.16201021788
-8394.745682796036
-8387.8775223146
-8380.92250331676
-8373.773252747336
-8366.209403430392
-8359.615852379637
-8352.406220151124
-8345.049349963898
-8338.158467110221
-8331.264554432018
-8324.151463024347
-8316.584722810969
-8310.01736611451
-8302.849130926357
-8295.564068670186
-8288.621289515115
-8281.804966263959
-8274.724871370903
-8267.179855926674
-8260.616218201383
-8253.515421318934
-8246.324738340843
-8239.261723652067
-8232.555494439479
-8225.492365267799
-8218.030052377599
-8211.415920972253
-8204.428721919796
-8197.348472917138
-8190.0594264045785
-8183.49664102037
-8176.412257788723
-8169.088627205394
-8162.371330215232
-8155.516370638887
-8148.505580709733
-8141.059334810136
-8134.58201964692
-8127.504243237859
-8120.305204712924
-8113.475510084528
-8106.738888491808
-8099.762513904974
-8092.315224049834
-8085.837517912316
-8078.839538080194
-8071.766746093428
-8064.7464503409865
-8058.156612424799
-8051.186000833359
-8043.859039702495
-8037.28569818214
-8030.438256180647
-8023.489883700158
-8016.171702493501
-8009.743560111252
-8002.737639705218
-7995.582070998392
-7988.85683618931
-7982.1620723384995
-7975.2606229569365
-7967.879391290148
-7961.471643974797
-7954.535173321561
-7947.531898081948
-7940.5801030212715
-7934.053717028699
-7927.155150168351
-7919.908103340713
-7913.382684602794
-7906.616497358605
-7899.749832367036
-7892.461671321052
-7886.107193386514
-7879.170791924573
-7872.120156805217
-7865.40005889365
-7858.8082874707225
-7851.977993991775
-7844.68633907498
-7838.304088359819
-7831.482596246961
-7824.606033039296
-7817.552703554483
-7811.167010961888
-7804.304245799446
-7797.212645222307
-7790.6437382304
-7784.022221747417
-7777.2424716900905
-7769.96894949778
-7763.666993077722
-7756.8371833578085
-7749.955497652254
-7743.08485136444
-7736.673496113325
-7729.884324004653
-7722.779576120981
-7716.312092516383
-7709.68784503459
-7702.950769243724
-7695.7240730239955
-7689.472394036766
-7682.664160427409
-7675.797235849908
-7669.033283819102
-7662.627337958738
-7655.893483515334
-7648.803671148842
-7642.404212097503
-7635.798017173042
-7629.10122788476
-7621.924673167411
-7615.712602797827
-7608.939802487201
-7602.104795846606
-7595.400568958834
-7589.022694785794
-7582.334890632
-7575.2826561043585
-7568.923761118975
-7562.355898000061
-7555.703299648244
-7548.564532515033
-7542.389267374064
-7535.660601494055
-7528.878435506023
-7522.186803566024
-7515.861010887688
-7509.210912928044
-7502.221539726334
-7495.871763912002
-7489.365631263409
-7482.762004615632
-7475.65267358026
-7469.506543665272
-7462.836234777913
-7456.132693654163
-7449.388344055651
-7443.145174863665
-7436.518668483342
-7429.624029855712
-7423.2425232281375
-7416.823758148962
-7410.266590330609
-7403.211697963548
-7397.064594730313
-7390.483120630211
-7383.8800346731305
-7376.99993113896
-7370.86864264891
-7364.245267713346
-7357.473009049567
-7351.020076325879
-7344.7060372159185
-7338.18038999868
-7331.224649418698
-7325.036362975465
-7318.567843633072
-7312.053058267084
-7305.063126758509
-7299.012199474888
-7292.418466471168
-7285.778830438475
-7279.201552717912
-7273.011508374306
-7266.4988168012505
-7259.68000501774
-7253.406214046251
-7247.067477370225
-7240.612326399433
-7233.65588586479
-7227.589857071532
-7221.110218974803
-7214.618302563677
-7207.785542827552
-7201.758243821428
-7195.223764797534
-7188.582540597279
-7182.158557738191
-7175.968186994913
-7169.531756335551
-7162.723887487371
-7156.553057091414
-7150.2315801675995
-7143.832822499787
-7136.9177560941935
-7130.924926251434
-7124.473992896063
-7118.018640529021
-7111.296997165265
-7105.298434723539
-7098.830527004077
-7092.228177592323
-7085.87379216169
-7079.72533733709
-7073.349188999254
-7066.5975824166735
-7060.47149392067
-7054.206961089519
-7047.866801619657
-7041.012009740801
-7035.056278939321
-7028.6735461986955
-7022.29141674853
-7015.5663069759885
-7009.63789472764
-7003.214435703389
-6996.698788706033
-6990.341148847221
-6984.272079924321
-6977.940754610504
-6971.283779817693
-6965.152379650012
-6958.97701766328
-6952.69407840215
-6945.9292148441855
-6939.968714627949
-6933.691411829412
-6927.402599426367
-6920.625255021514
-6914.770261644252
-6908.400961905328
-6902.016630411721
-6895.5528122495225
-6889.608948685512
-6883.297069368285
-6876.779946087304
-6870.5796186380685
-6864.525990083166
-6858.284565546461
-6851.659836157031
-6845.633101447932
-6839.496349570737
-6833.286144330501
-6826.575203933904
-6820.695141546681
-6814.468303365406
-6808.243576027218
-6801.544291470675
-6795.750105815849
-6789.446660429094
-6783.127918824337
-6776.731181500337
-6770.849021394719
-6764.606284566733
-6758.16733405941
-6752.009399411763
-6746.0312469189
-6739.855721472372
-6733.325653987363
-6727.32124451451
-6721.275757582797
-6715.135305313703
-6708.530690225179
-6702.657282242309
-6696.54297801154
-6690.40982270347
-6683.753181754975
-6677.9966537214905
-6671.799645505429
-6665.6217420964695
-6659.094228897242
-6653.351175856879
-6647.133485361743
-6640.851117666975
-6634.616452065818
-6628.771221258151
-6622.631478147379
-6616.251223674017
-6610.192152736242
-6604.278687305248
-6598.191456596916
-6591.747008277103
-6585.805981391975
-6579.845631385656
-6573.788545297442
-6567.289916254314
-6561.45449518865
-6555.4460425978705
-6549.4033603145435
-6542.851291885366
-6537.123672140245
-6531.0519373733805
-6524.996525775956
-6518.448379268923
-6512.7985188734465
-6506.664367718955
-6500.540699720704
-6494.2117724883055
-6488.515772786588
-6482.415382065948
-6476.198174477861
-6470.0895715309625
-6464.315447254482
-6458.281445525763
-6451.998346197242
-6446.013448742234
-6440.1971447213145
-6434.204377470964
-6427.884116403815
-6421.9816465661615
-6416.140485644439
-6410.174918657025
-6403.827315049947
-6397.995323646686
-6392.133009230597
-6386.188054206631
-6379.812371127805
-6374.052116235394
-6368.164622596689
-6362.23490261518
-6355.825103094798
-6350.145005273882
-6344.221224059961
-6338.296902160268
-6331.853433869674
-6326.259977538704
-6320.284316046423
-6314.340340506227
-6307.9315719536435
-6302.390561519715
-6296.373542201692
-6290.365501250453
-6284.161070217984
-6278.573291434576
-6272.59652000305
-6266.514505213905
-6260.485532070029
-6254.840884976653
-6248.920642133225
-6242.795782692559
-6236.857998901976
-6231.189486278746
-6225.304739292166
-6219.165386754256
-6213.277594342566
-6207.603746906874
-6201.742603836621
-6195.602852678602
-6189.7463374968365
-6184.076015405429
-6178.2331338545655
-6172.100155580979
-6166.265222667648
-6160.60319527672
-6154.776059688785
-6148.654322824663
-6142.834550403698
-6137.1840884133435
-6131.371212675524
-6125.264182488533
-6119.454365453853
-6113.818163750739
-6108.018428367505
-6101.929144616842
-6096.124587666713
-6090.505063738998
-6084.7174599568425
-6078.648666957988
-6072.845050325784
-6067.2443725480625
-6061.467917885538
-6055.421978657274
-6049.6155232064975
-6044.035501045217
-6038.269248464449
-6032.2479529613465
-6026.435653012557
-6020.87761162956
-6015.120645774617
-6009.12493940698
-6003.305325907982
-5997.769763579136
-5992.021523026702
-5986.051451732783
-5980.224456850848
-5974.71116603327
-5968.971426586136
-5963.026303319041
-5957.19303609331
-5951.701260192079
-5945.970118554205
-5940.04877854227
-5934.21110057108
-5928.739771955452
-5923.01756077054
-5917.118656717066
-5911.278693764562
-5905.826673805217
-5900.113842832018
-5894.2360858401225
-5888.395835840143
-5882.962092353261
-5877.259097348589
-5871.401400590194
-5865.5625161549415
-5860.146209160821
-5854.453442630863
-5848.6149642491255
-5842.778699699323
-5837.379192464609
-5831.696958967953
-5825.877078605707
-5820.04433642326
-5814.661163428246
-5808.989681667403
-5803.187950537562
-5797.359371451724
-5791.992191287622
-5786.331613080378
-5780.547698543935
-5774.723746112716
-5769.372300413356
-5763.722732084592
-5757.956376130612
-5752.137406123108
-5746.801486748608
-5741.1630061744045
-5735.413996289648
-5729.600297934488
-5724.279728318752
-5718.652397242298
-5712.92055192726
-5707.112369963879
-5701.806994694427
-5696.190862972386
-5690.476019948143
-5684.673570959728
-5679.383249650481
-5673.77836156354
-5668.080374522023
-5662.283850540829
-5657.008453215961
-5651.414846642369
-5645.733581031112
-5639.943158054913
-5634.682563568734
-5629.1002735152015
-5623.435604909894
-5617.651444312223
-5612.405539725442
-5606.8345977426325
-5601.1864122047145
-5595.408660270506
-5590.177339506689
-5584.617775861978
-5578.985968161311
-5573.214755408316
-5567.997919617877
-5562.449759438677
-5556.834231267731
-5551.069680774989
-5545.867234678923
-5540.330502732572
-5534.731161375264
-5528.973386618893
-5523.7852398327595
-5518.259958842392
-5512.676718005338
-5506.925824874496
-5501.751891386316
-5496.2380834677015
-5490.67086275332
-5484.926947433017
-5479.7671453987905
-5474.264831488567
-5468.713557212675
-5462.976706630529
-5457.8309573897795
-5452.340156232512
-5446.804758447574
-5441.075052699707
-5435.943281284706
-5430.4640107862815
-5424.944424568138
-5419.221939035668
-5414.104071694208
-5408.636349404543
-5403.132512690314
-5397.417318163862
-5392.3132836163595
-5386.857126534357
-5381.368981713042
-5375.661142900328
-5370.570872131459
-5365.126297273944
-5359.6537905981095
-5353.953367487452
-5348.876793071225
-5343.443817921537
-5337.986900632176
-5332.29394574033
-5327.231002309524
-5321.80964340328
-5316.368270248696
-5310.682831418054
-5305.633455669788
-5300.2237286204545
-5294.797857463881
-5289.119979431269
-5284.084106709512
-5278.68602869998
-5273.275620089863
-5267.605346016147
-5262.582914608658
-5257.196504759772
-5251.801526219011
-5246.138887631071
-5241.12983745075
-5235.75511274195
-5230.375534970112
-5224.720559614658
-5219.724829646513
-5214.361808303102
-5208.997604941442
-5203.350320490781
-5198.367849712379
-5193.01655217125
-5187.667700742409
-5182.0281294979395
-5177.058856858684
-5171.71930496508
-5166.385789573087
-5160.753945818121
-5155.797811331782
-5150.470028738333
-5145.151838633429
-5139.527731484168
-5134.584672889109
-5129.268684108224
-5123.965813042081
-5118.349448156902
-5113.419402979531
-5108.115236702014
-5102.827685483145
-5097.219061490689
-5092.301965032247
-5087.0096519220615
-5081.737427212821
-5076.13653762599
-5071.232322334318
-5065.95189845162
-5060.695015073947
-5055.101848013919
-5050.210442675264
-5044.94194890518
-5039.700431291303
-5034.1149655571735
-5029.236295826982
-5023.979779868911
-5018.753664299929
-5013.175871411807
-5008.309855375159
-5003.065372855392
-4997.854707444517
-4992.284550504858
-4987.431098297205
-4982.19871631786
-4977.003565134482
-4971.44099856585
-4966.600008284841
-4961.3798086569
-4956.200255852892
-4950.645223585902
-4945.816578710989
-4940.608661228859
-4935.444815175216
-4929.89725163373
-4925.080811481549
-4919.885302600311
-4914.737302976708
-4909.197133709406
-4904.392725975316
-4899.209789121913
-4894.077815953001
-4888.54496277767
-4883.752365819236
-4878.582217377097
-4873.466504988854
-4867.94089098089
-4863.159807550653
-4858.002741168977
-4852.903596669837
-4847.38516920666
-4842.615183467588
-4837.471615567376
-4832.389448630369
-4826.878219643861
-4822.118714850013
-4816.98925721206
-4811.924625795797
-4806.420765787347
-4801.670771204273
-4796.556366889569
-4791.510042849186
-4786.014101247554
-4781.271979713753
-4776.174166867892
-4771.14723714077
-4765.6606595963585
-4760.923428559603
-4755.844873065755
-4750.838862876981
-4745.365307084913
-4740.627024299832
-4735.572683177368
-4730.589613459012
-4725.138322679539
-4720.385940801522
-4715.365676968044
-4710.407485166596
-4705.000749476082
-4700.203507885036
-4695.2372979770325
-4690.301997831134
-4684.984699377911
-4680.072521307705
-4675.195871050674
-4670.264106806034
-4665.085563131537
-4659.960143802192
-4655.205158929821
-4650.234656823604
-4645.186018485331
-4639.88460168349
-4635.21114184245
-4630.208742610049
-4625.234833669031
-4619.872438538134
-4615.224999903114
-4610.22617847636
-4605.291237534558
-4599.916945602134
-4595.275055379932
-4590.295143749998
-4585.389278245956
-4580.024008740901
-4575.374379254574
-4570.424058326397
-4565.54623548688
-4560.212620913414
-4555.530368695045
-4550.62715225047
-4545.776584865403
-4540.517679354612
-4535.742557921183
-4530.920013893174
-4526.083150380346
-4520.959378752112
-4515.979823292013
-4511.280965548632
-4506.413297401684
-4501.436634845797
-4496.241359414503
-4491.643349408292
-4486.733289048398
-4481.848241911374
-4476.574581382237
-4472.005081043284
-4467.097826291858
-4462.259243661582
-4456.975489842533
-4452.402041684952
-4447.5215156453605
-4442.716471088321
-4437.460067084507
-4432.8522524462305
-4428.020150095014
-4423.244782355907
-4418.067097257195
-4413.357243993875
-4408.61099603738
-4403.848512580729
-4398.815205195494
-4393.880986526156
-4389.265641560205
-4384.4656165808
-4379.581364160522
-4374.437235841862
-4369.914887522492
-4365.0767387208125
-4360.280340298393
-4355.073932777305
-4350.567657705701
-4345.741854835506
-4340.991147104423
-4335.793196558353
-4331.262473514836
-4326.478392221684
-4321.761787761552
-4316.629395930677
-4312.0120887569565
-4307.306755808832
-4302.609841780542
-4297.6159737989665
-4292.786604972315
-4288.2106955164945
-4283.483997060537
-4278.649778128495
-4273.583081572094
-4269.114432240721
-4264.341822672875
-4259.607217125053
-4254.467570265206
-4250.015729989536
-4245.255486667467
-4240.571192200347
-4235.446611348751
-4230.958161395679
-4226.247774842252
-4221.598009028604
-4216.561238684099
-4211.950264863372
-4207.336266221277
-4202.69561464041
-4197.819124995713
-4192.948939865656
-4188.476003567273
-4183.78528694695
-4179.055653167092
-4174.004475931379
-4169.601558127399
-4164.887656592001
-4160.23731564302
-4155.158673886841
-4150.742798850557
-4146.062611538292
-4141.455744099349
-4136.436604484142
-4131.932680476972
-4127.33239812449
-4122.7480899047305
-4117.874266478381
-4113.142108541317
-4108.678177517337
-4104.059868034283
-4099.351514136221
-4094.3804315285633
-4090.0185922332844
-4085.357490422799
-4080.7486472069436
-4075.7248845149
-4071.3601438702544
-4066.725861358352
-4062.166778342876
-4057.1963366824384
-4052.74592182746
-4048.190326798778
-4043.6560691249274
-4038.8319193155144
-4034.1498920692125
-4029.732483994241
-4025.16396860108
-4020.508368123961
-4015.5843588386656
-4011.268458365246
-4006.657696043523
-4002.102931133276
-3997.133749151768
-3992.8062274156805
-3988.228365592301
-3983.7230537810174
-3978.8245626537196
-3974.3861333554178
-3969.899754793883
-3965.4118580925438
-3960.67703545533
-3955.9696261505796
-3951.6309300906128
-3947.0926766637463
-3942.516525902301
-3937.6157503003606
-3933.3464365792865
-3928.786474529129
-3924.2960822105792
-3919.3893229132154
-3915.0777715080803
-3910.5707824464394
-3906.122100581959
-3901.327335861874
-3896.842114269015
-3892.4542522253632
-3887.9990277769175
-3883.3846987252477
-3878.6058754609203
-3874.3568163300847
-3869.8408934820886
-3865.356370901305
-3860.483803294929
-3856.2454550549724
-3851.747564322541
-3847.3249904178138
-3842.509538221485
-3838.1681805780627
-3833.7577983428246
-3829.3577661832724
-3824.7065325130893
-3820.0924679498
-3815.8324449568754
-3811.3823431229866
-3806.89534442181
-3802.0835963065556
-3797.891114543164
-3793.4210291984937
-3789.022561362185
-3784.2202135295197
-3779.9647575062145
-3775.55990888701
-3771.1993648248817
-3766.536304175808
-3762.054467740343
-3757.788193856686
-3753.3996098676307
-3748.9171326857263
-3744.1712640430746
-3740.012920722392
-3735.578986229067
-3731.2065893957656
-3726.434337378004
-3722.236607940109
-3717.8533919264014
-3713.5283922142994
-3708.8772546150135
-3704.4819873801393
-3700.2274430744487
-3695.8880129539634
-3691.4227045112516
-3686.736071956017
-3682.6089384423713
-3678.2133871532287
-3673.87068515709
-3669.135394839661
-3664.981692581176
-3660.6287359538564
-3656.3392357099765
-3651.7161017676385
-3647.3763457121954
-3643.147735329739
-3638.8494889779445
-3634.4139993957124
-3629.7738637266657
-3625.6791617796475
-3621.321664836685
-3617.013995978745
-3612.31901898991
-3608.1993071004863
-3603.8833525592026
-3599.630686683463
-3595.0501108979443
-3590.7380941824977
-3586.5489064262233
-3582.2853546548276
-3577.893563883596
-3573.283460766875
-3569.224010068432
-3564.9032877932004
-3560.637200098222
-3555.9859831352446
-3551.8891350630283
-3547.617560849602
-3543.4030805912857
-3538.88113116363
-3534.5654786810233
-3530.43040357019
-3526.1937846116116
-3521.8595397738086
-3517.267071268909
-3513.242690991638
-3508.9596182690443
-3504.7410772733165
-3500.14197851007
-3496.050414396454
-3491.83392718121
-3487.656954101901
-3483.213126398428
-3478.8544005593562
-3474.789477455264
-3470.5689066763275
-3466.3033536948274
-3461.727650630373
-3457.7314204864706
-3453.4909145063743
-3449.322304840755
-3444.7904044313095
-3440.677716821409
-3436.529778533793
-3432.3842280241906
-3428.033773368862
-3423.606829186137
-3419.616852686122
-3415.407257956804
-3411.213494218863
-3406.665405518466
-3402.684251571278
-3398.494123437128
-3394.372759951808
-3389.923844974382
-3385.760430503219
-3381.6926134110176
-3377.566731240798
-3373.3104203167836
-3368.8399038257053
-3364.904224358859
-3360.7201903162395
-3356.593711036042
-3352.098182898951
-3348.103196874737
-3343.9807143510607
-3339.900877489825
-3335.561068097536
-3331.2925529650556
-3327.3234947392966
-3323.1983052196506
-3319.0374847071166
-3314.5641175811616
-3310.6519650760647
-3306.5146493392003
-3302.448293607046
-3298.0430335933625
-3293.9794689817536
-3289.950501377964
-3285.893937009902
-3281.6805399814834
-3277.2951898481424
-3273.4126039414314
-3269.2915056313336
-3265.2189148337375
-3260.785586245064
-3256.8574781864413
-3252.78952971044
-3248.770103038095
-3244.486836318867
-3240.2914113684574
-3236.3751821032047
-3232.313779259575
-3228.2124749829513
-3223.8058644344483
-3219.948128021712
-3215.8735709845664
-3211.868868289746
-3207.5369186635653
-3203.514679799656
-3199.5537345330376
-3195.5537784381013
-3191.415897532481
-3187.077183984255
-3183.2532213958184
-3179.1928590046145
-3175.189804499821
-3170.833601521398
-3166.936131276202
-3162.944531594468
-3158.984563868381
-3154.798097561053
-3150.5966098069016
-3146.7645342139954
-3142.746701406999
-3138.729666729969
-3134.3839068759426
-3130.565800569388
-3126.5635549075646
-3122.625455556506
-3118.394684304706
-3114.3563899525066
-3110.489858664315
-3106.5319515732804
-3102.493578095851
-3098.1889657254437
-3094.415534411867
-3090.4224978444436
-3086.497598430887
-3082.2459443193
-3078.3256585710496
-3074.4374871884565
-3070.5257658100854
-3066.4674286183613
-3062.224444445697
-3058.478313123144
-3054.5040170896477
-3050.584932727048
-3046.3232325531544
-3042.499822274126
-3038.595733744599
-3034.7191883446685
-3030.63176171714
-3026.494054411649
-3022.7500173264484
-3018.8117792636976
-3014.8890714976687
-3010.6374033271795
-3006.8844473703803
-3002.9759769282873
-2999.124042566298
-2995.0093548117466
-2990.9981924188605
-2987.2377703295792
-2983.349056317239
-2979.419670690476
-2975.197841023534
-2971.4894268725393
-2967.59143086268
-2963.758968862135
-2959.6355738172874
-2955.7190806263557
-2951.9509712416957
-2948.1048147845872
-2944.1751437807166
-2939.9882821704896
-2936.313295616575
-2932.4319696198622
-2928.617385093074
-2924.495341071158
-2920.6522414169217
-2916.8841251035024
-2913.073913556547
-2909.1469731339603
-2904.9987694035926
-2901.3521876190607
-2897.490107102256
-2893.691786119757
-2889.5745218343914
-2885.7972818735516
-2882.0314110622153
-2878.253929566158
-2874.3283221976717
-2870.2268243442204
-2866.6036783172635
-2862.7637496007237
-2858.9791746061237
-2854.8692726678432
-2851.1534850506528
-2847.390888302517
-2843.6433777501834
-2839.7160725415065
-2835.674159771153
-2832.0672454682763
-2828.2543935188
-2824.480789431039
-2820.383534470096
-2816.7217980728424
-2812.965530050988
-2809.2448744990825
-2805.3156849411907
-2801.3431150290735
-2797.7454163005514
-2793.9650080636497
-2790.2015446856594
-2786.1245928853696
-2782.5055410458235
-2778.7615759898968
-2775.0652650802617
-2771.140667531295
-2767.231235171124
-2763.642460783646
-2759.895178449405
-2756.144837786634
-2752.0931819733
-2748.5068035327768
-2744.780971773777
-2741.1080587587194
-2737.1974041033513
-2733.334541633794
-2729.7601025649183
-2726.0424411934664
-2722.310235562199
-2718.28522363707
-2714.7251957418857
-2711.0212110381804
-2707.37174169237
-2703.4824736509527
-2699.651330811315
-2696.0968688526664
-2692.4050729339806
-2688.6953612584653
-2684.696992424075
-2681.159474397969
-2677.4795728921395
-2673.8538270795943
-2669.991036314379
-2666.1810674366784
-2662.650720943166
-2658.9820186780894
-2655.2978980541093
-2651.326057816431
-2647.808447374596
-2644.1541065555502
-2640.5522628042545
-2636.719359855587
-2632.923469467728
-2629.4199458729413
-2625.772479542831
-2622.1159605563917
-2618.1707135094443
-2614.671085795658
-2611.043339717223
-2607.4653858044708
-2603.664537336818
-2599.8783523622774
-2596.403149018988
-2592.7758299614798
-2589.148053670009
-2585.229667537816
-2581.746535683173
-2578.14612001007
-2574.591873312647
-2570.82431476024
-2567.0456227164177
-2563.599264430455
-2559.9916512752657
-2556.393133997266
-2552.5020704611097
-2549.034167415881
-2545.461666070438
-2541.9308269729677
-2538.1972404785706
-2534.425268491189
-2531.00761789449
-2527.419743749757
-2523.8506641216773
-2519.987606981844
-2516.533592860981
-2512.9896217206788
-2509.481808816751
-2505.7827413692407
-2502.0173895188595
-2498.6279368934643
-2495.060137417546
-2491.5206101541617
-2487.6865761414315
-2484.2446226287507
-2480.7300115791786
-2477.244740628157
-2473.580942658451
-2469.8222985567604
-2466.460271555143
-2462.9131255331195
-2459.403386622261
-2455.5999610454833
-2452.167184185788
-2448.6833319811735
-2445.219885811132
-2441.5927111612264
-2437.840816429296
-2434.505065750621
-2430.9795081611737
-2427.5000901618787
-2423.729983523145
-2420.301304519747
-2416.8506901445326
-2413.4078334697965
-2409.8196830201587
-2406.074847640519
-2402.7632644954947
-2399.26101717923
-2395.8128472506205
-2392.0809938759094
-2388.6468925065547
-2385.234030512725
-2381.8093177523388
-2378.2641487281126
-2374.528301012672
-2371.236332083027
-2367.7608573943085
-2364.345014334566
-2360.66029375835
-2357.2029654436983
-2353.8357456818358
-2350.424077016714
-2346.927397176689
-2343.2065387708226
-2339.9249165321585
-2336.482348767214
-2333.098708726177
-2329.473614205489
-2325.9664711323403
-2322.6550022631236
-2319.248092407584
-2315.804116725323
-2312.107276945371
-2308.8242089579894
-2305.420526719901
-2302.0651613822647
-2298.505217036775
-2294.938170999254
-2291.6823198970756
-2288.277495310258
-2284.8830528932435
-2281.2161432719267
-2277.926480148805
-2274.562403659241
-2271.2295985733235
-2267.726120997112
-2264.126273846044
-2260.91018388314
-2257.517541475889
-2254.1642310561983
-2250.534013907314
-2247.2332382274985
-2243.910031521603
-2240.595912026748
-2237.1435132566844
-2233.534396735986
-2230.3446675386913
-2226.9740002108797
-2223.657685842855
-2220.0744405974365
-2216.747493273351
-2213.4718563950983
-2210.171237236905
-2206.772346249496
-2203.1693570716184
-2199.9924132558594
-2196.653302734966
-2193.3724392506865
-2189.852334842308
-2186.4671877471887
-2183.2517441031923
-2179.9542586965385
-2176.6136912082143
-2173.0329420531516
-2169.850782097919
-2166.553151662474
-2163.302391841973
-2159.856149678151
-2156.3925317945937
-2153.2399434973718
-2149.939812874569
-2146.654489188469
-2143.1055624846867
-2139.908646925148
-2136.6546478301466
-2133.4253808048934
-2130.0418855783896
-2126.538478469875
-2123.4253404832534
-2120.137742929537
-2116.89639032828
-2113.3908829137167
-2110.168305609186
-2106.961919012248
-2103.747651127208
-2100.4214128799413
-2096.9121284648863
-2093.817488603193
-2090.5575553254225
-2087.3546282450684
-2083.91049847587
-2080.631896943835
-2077.485588707802
-2074.2759266369158
-2071.0107049319563
-2067.5192893264525
-2064.4206096832504
-2061.2019982219554
-2058.031739173928
-2054.6659707774725
-2051.297817504661
-2048.220012315531
-2045.004503312403
-2041.7990722010163
-2038.339441178977
-2035.2220259214007
-2032.0493516331353
-2028.901024337913
-2025.6036071664112
-2022.1853850890514
-2019.1499771657088
-2015.9449622890209
-2012.786509800359
-2009.372883635687
-2006.2222923679637
-2003.1006109210377
-1999.9655393822447
-1996.7288979545094
-1993.3052500776355
-1990.284705007982
-1987.1097452346698
-1983.990423399557
-1980.6447562381707
-1977.4235150842126
-1974.3675386406005
-1971.2326258351522
-1968.0598068463364
-1964.6585344009366
-1961.626786879982
-1958.4965506543415
-1955.4076094219583
-1952.1432700318214
-1948.8296422504022
-1945.8399747500575
-1942.699685618576
-1939.5854809005496
-1936.2202133431542
-1933.1632277269734
-1930.081074611994
-1927.010579450485
-1923.8123753727514
-1920.4650232162749
-1917.5067736372162
-1914.384806808856
-1911.3149854609264
-1908.0057068476524
-1904.8985399346052
-1901.8745288920124
-1898.8115857864798
-1895.676905649841
-1892.3378172222988
-1889.3808236432874
-1886.297302172519
-1883.2637489582844
-1880.0341996178674
-1876.8322669828601
-1873.8807584271915
-1870.8104686055685
-1867.739938267035
-1864.4315552831017
-1861.4531665389054
-1858.41754726723
-1855.4075001994286
-1852.253384280968
-1848.9855530031027
-1846.0823817740793
-1843.0183712728085
-1839.9989760579283
-1836.7377117391454
-1833.7199948257355
-1830.737964553939
-1827.7398794599667
-1824.6496804736391
-1821.3758237520972
-1818.4846727393935
-1815.4523318689226
-1812.4726150413196
-1809.2843106706455
-1806.1842623097602
-1803.2719844618887
-1800.2704961084405
-1797.245806596149
-1793.9977119950674
-1791.0896590402267
-1788.1042800047767
-1785.152498611921
-1782.0459221804258
-1778.8577652247293
-1776.0065350411294
-1773.0026674605772
-1770.0346834351276
-1766.8276458957873
-1763.8863778590137
-1760.9520122404886
-1758.0151614124588
-1754.97386136818
-1751.7666872281097
-1748.9359960285935
-1745.9579065812586
-1743.031983027598
-1739.8913037995126
-1736.8798844858077
-1734.0111144159207
-1731.074994359995
-1728.098942699303
-1724.9120649252704
-1722.0698822568143
-1719.1365286106104
-1716.241817337217
-1713.1845614425722
-1710.075740002856
-1707.274880533919
-1704.3321155650492
-1701.4160165771948
-1698.2661443632473
-1695.3950767112437
-1692.5110979224012
-1689.6337399569645
-1686.643565742347
-1683.5036816016955
-1680.7307651809488
-1677.8084587942465
-1674.9364303993111
-1671.8469568421203
-1668.9161397952269
-1666.0937100133349
-1663.2206052199367
-1660.2947533859635
-1657.16944955542
-1654.390845065103
-1651.5103110884252
-1648.6718890563523
-1645.6645025533182
-1642.6355130346724
-1639.8837787432265
-1637.0027786896387
-1634.1384842068053
-1631.0471651074367
-1628.243372783138
-1625.4109509896532
-1622.592144335401
-1619.653855692463
-1616.582024552847
-1613.8653557564478
-1610.9996180603475
-1608.1813062021188
-1605.1446167599343
-1602.2905639433936
-1599.5157221787294
-1596.7043137897335
-1593.8289787586668
-1590.7655653851716
-1588.0495307075266
-1585.22193089788
-1582.4390555662085
-1579.4807845707553
-1576.5340826715799
-1573.8297306112686
-1571.0114246173969
-1568.198092692214
-1565.1658911527998
-1562.4285325862907
-1559.6478046615603
-1556.886979844028
-1554.0000287371242
-1550.9981010926974
-1548.3364265178823
-1545.5278383170014
-1542.7625634895426
-1539.7788982776826
-1537.0008399347605
-1534.2735064951974
-1531.5232362915215
-1528.6975700981577
-1525.696822757157
-1523.0429824126736
-1520.2680454126482
-1517.5397280388759
-1514.6285699164932
-1511.769006114562
-1509.1093175575288
-1506.3551794003893
-1503.591016086742
-1500.6181034342526
-1497.9477721695034
-1495.2180875305728
-1492.5147435423412
-1489.677159405551
-1486.7493165279836
-1484.1408039209657
-1481.3903284969601
-1478.6766867830327
-1475.7456629108717
-1473.0445206910638
-1470.36380131953
-1467.674367980152
-1464.8964098956085
-1461.960360528688
-1459.368262392154
-1456.645684373597
-1453.9703552979613
-1451.103188276598
-1448.33780488435
-1445.7188818681377
-1443.0308458445386
-1440.3126871356194
-1437.399017914056
-1434.7977493106296
-1432.1174398086005
-1429.4707567583405
-1426.6780183163637
-1423.8340840170797
-1421.2747000695238
-1418.5848210743125
-1415.9199841443435
-1413.0413055511185
-1410.4189749752475
-1407.783432490014
-1405.154445167746
-1402.4208951456176
-1399.554789041327
-1397.0225874248067
-1394.3529067274803
-1391.7280282016618
-1388.9016929657635
-1386.2371632291924
-1383.6547735825782
-1381.0341843588553
-1378.3571369985136
-1375.5034426373286
-1372.9739606985593
-1370.3404044372899
-1367.7481786916342
-1364.9914066233273
-1362.2528500264862
-1359.7329174368888
-1357.1100023387446
-1354.4882281018997
-1351.663321342603
-1349.1212638646255
-1346.5295946949848
-1343.959939784557
-1341.2660498728237
-1338.4818519961618
-1336.0039848901724
-1333.3904775218025
-1330.8124169705568
-1328.02714417087
-1325.4633449616208
-1322.9159319168502
-1320.3613489371116
-1317.7201844490678
-1314.9329175121343
-1312.473181548123
-1309.8859376327248
-1307.343220618017
-1304.6129678379104
-1302.0042484097282
-1299.5101818399496
-1296.9620288679914
-1294.3740442653734
-1291.605980816274
-1289.14596766744
-1286.595828851515
-1284.0823222208373
-1281.4174518438635
-1278.7449481171607
-1276.3072657348505
-1273.7595575449836
-1271.2212369679155
-1268.4823206709445
-1266.013643547062
-1263.5024710956059
-1261.0100551468913
-1258.3997497295638
-1255.6986671192808
-1253.2966357478717
-1250.7624403630919
-1248.2628146315028
-1245.561500633337
-1243.0785201287115
-1240.607821534404
-1238.1315462698215
-1235.5686318576063
-1232.8684511633965
-1230.4858902436983
-1227.976714736977
-1225.510148058008
-1222.8570766578907
-1220.3439204578146
-1217.9200399491965
-1215.454006475134
-1212.9390041413396
-1210.2557211442304
-1207.8795734999787
-1205.4034661342505
-1202.966179217594
-1200.3705881090732
-1197.808956723335
-1195.4368519476088
-1192.9748214421627
-1190.5063384216776
-1187.8488169407321
-1185.4715330675936
-1183.030981350316
-1180.617036709042
-1178.0735256540522
-1175.4803239458479
-1173.148511448323
-1170.6964623148679
-1168.2662629843321
-1165.6388091267452
-1163.260271078255
-1160.8539051080265
-1158.4595482354061
-1155.9582929106953
-1153.361004127826
-1151.0562668643838
-1148.6232976669407
-1146.2247126347354
-1143.6316991738045
-1141.2498660013714
-1138.8783335171447
-1136.501631590364
-1134.0396310663516
-1131.450795385482
-1129.1663608428094
-1126.7573370548273
-1124.3880710907583
-1121.8342775407077
-1119.4418635008954
-1117.1081008530473
-1114.7463540479075
-1112.3239302072334
-1109.7509988263141
-1107.4809080269974
-1105.0996874606503
-1102.7582884939
-1100.2488861789134
-1097.8355922886853
-1095.5431283586702
-1093.1927397503116
-1090.8100273798661
-1088.2587827557459
-1085.9979915363201
-1083.6470084971888
-1081.3309629463163
-1078.8666555815919
-1076.4313061263808
-1074.1787970119806
-1071.8390294922513
-1069.4927841433132
-1066.9659460252835
-1064.7142618513356
-1062.3926249452923
-1060.099181486373
-1057.673509010013
-1055.2312311250232
-1053.0110368713576
-1050.686230896293
-1048.3706550886839
-1045.8691124136492
-1043.629960945941
-1041.3353062073586
-1039.0632458603588
-1036.669259412794
-1034.23518971452
-1032.0411357296568
-1029.7353157818093
-1027.446015436169
-1024.9696568723718
-1022.7468555207473
-1020.4770039356026
-1018.2262081379183
-1015.8593088232054
-1013.4422853712055
-1011.2713459928016
-1008.9864931178535
-1006.7208967061455
-1004.2688907948722
-1002.0658990868111
-999.8189706251289
-997.5896477328998
-995.2465213997142
-992.8521885714052
-990.7027083067152
-988.4398450313387
-986.1961638185667
-983.7674409498965
-981.5874182095604
-979.3616792776927
-977.1540797381126
-974.8318396081706
-972.4649668378615
-970.3355787908328
-968.0955208121261
-965.8721890074814
-963.4658100344343
-961.311500675688
-959.1054065225787
-956.9196793566512
-954.6156240306075
-952.2810447387602
-950.1701634873496
-947.9538976626578
-945.7494075361021
-943.3649289268332
-941.238251311461
-939.0506406793306
-936.8867231080241
-934.5984870604806
-932.301059946654
-930.2067730484256
-928.0155415015425
-925.8284805123094
-923.4661675756025
-921.3679071088505
-919.1982295226741
-917.0558109359799
-914.7817173143217
-912.525479057902
-910.4458772880768
-908.2809195932994
-906.1101003707275
-903.770789573542
-901.700759212581
-899.5490007910557
-897.4275935531139
-895.166687794035
-892.9542632825895
-890.8878074546398
-888.750017104188
-886.5944133789286
-884.2791804935757
-882.2368332869926
-880.1031446461419
-878.002117645177
-875.7535948325996
-873.5869810342585
-871.5322915619571
-869.4222474760245
-867.2805433653429
-864.9907916662146
-862.975651847911
-860.8600518546435
-858.7784755652154
-856.5409418534621
-854.4228838354876
-852.3781135648239
-850.2962943392206
-848.1660629340383
-845.9045863317892
-843.9160328511541
-841.8184693014256
-839.7546431006336
-837.5257020565059
-835.4604555768416
-833.4227058348249
-831.3693298191005
-829.245629719543
-827.0203369429886
-825.0558268258583
-822.977296367403
-820.9276984427587
-818.7052571633269
-816.6969468691489
-814.6626240354639
-812.6364225065147
-810.5101712584227
-808.3434107730102
-806.3928812499289
-804.33978549184
-802.2981832363814
-800.0875694179758
-798.1312968168884
-796.1010081924712
-794.0971318958937
-791.9604085728496
-789.8809470277097
-787.92768223654
-785.9113726931039
-783.8707639668685
-781.6862299039226
-779.7680644316474
-777.7487998132218
-775.7618469983306
-773.6186170280996
-771.6223695113923
-769.6630959331627
-767.6829853657023
-765.6382799801651
-763.4958312580852
-761.6046722573597
-759.6020736635229
-757.6257762501427
-755.4804578704316
-753.5581563015364
-751.5930070613641
-749.6420303096057
-747.5807891439757
-745.5229698591174
-743.6359941816703
-741.664958802234
-739.6885523346095
-737.5593041000628
-735.6902432262449
-733.7270474798803
-731.794384316733
-729.7122912398727
-727.7647708499733
-725.8613512993289
-723.9331407618953
-721.9444285589449
-719.8610904789316
-718.0220118982345
-716.0733084951114
-714.1488190280925
-712.0584409575675
-710.1971145386124
-708.2808786164126
-706.3827598655456
-704.3662383624522
-702.3901585353497
-700.5455587175451
-698.6344044323795
-696.7024936836125
-694.6355086824685
-692.8249744599916
-690.9110910577746
-689.0270219191038
-686.9852283950491
-685.1269965967446
-683.258830559449
-681.3898946307156
-679.4317522052822
-677.4443036236227
-675.6477935117634
-673.758103683716
-671.8720243897463
-669.8345111438358
-668.0497231465826
-666.1715940303856
-664.3222188330657
-662.3244829672195
-660.4801755599882
-658.6530766510889
-656.8126145425321
-654.8984169717584
-652.9291077303692
-651.1684599729579
-649.3077929378833
-647.458077271525
-645.4544557035251
-643.6986290578236
-641.8538667258562
-640.0363746196568
-638.0743523631762
-636.260254789521
-634.4656740940477
-632.6562494369208
-630.7745124887264
-628.8419032418643
-627.1114055860977
-625.2831331796472
-623.4635332183021
-621.4946192728355
-619.7727899539748
-617.957798306059
-616.1701228902398
-614.2347326116213
-612.4677762647287
-610.696814874371
-608.9211226421601
-607.0599999221724
-605.1841468701343
-603.4769750982665
-601.6852157708387
-599.8891207137697
-597.9584893697413
-596.273021450211
-594.4857888458032
-592.7251523097639
-590.8110301861301
-589.1012487217266
-587.3474012209773
-585.6049523557077
-583.7515667888365
-581.9591858697781
-580.2628174379669
-578.5147745255459
-576.7322295348866
-574.8525546706611
-573.1995862871413
-571.4421926108494
-569.7040148453457
-567.8149493992081
-566.1604008744231
-564.4225990392752
-562.7083907165645
-560.8547007256122
-559.1597701561378
-557.4630385219795
-555.7594890065225
-553.9719380585032
-552.1849658243043
-550.5454919714591
-548.8299957674227
-547.102164041319
-545.2581066184739
-543.6465306802365
-541.930954196771
-540.2372339449751
-538.3942224912557
-536.7784600232093
-535.0840497152017
-533.4110472496087
-531.6022067919349
-529.9511601210581
-528.2949690152237
-526.6327316993767
-524.8844901620953
-523.1527354543489
-521.5496987446919
-519.8786621728293
-518.1877776980729
-516.396360243228
-514.8252468988214
-513.1512937673859
-511.49445387983417
-509.69611890904446
-508.1296701969152
-506.47074360256573
-504.83469978039136
-503.0552509557686
-501.4754372399107
-499.8431736233462
-498.2228909252552
-496.4854125271334
-494.86129178791106
-493.2700713516669
-491.65498353403717
-489.97549092830593
-488.27638622824423
-486.7325815124055
-485.108269113457
-483.47531228488396
-481.73744064734365
-480.2172327696846
-478.59482811248057
-476.9886035434443
-475.24763458195036
-473.7344625852862
-472.12507072902787
-470.5368382390072
-468.8077495524955
-467.2929645736331
-465.70271749346983
-464.1301756664331
-462.42544569622805
-460.8955644995555
-459.3324049058729
-457.77279631928
-456.1089826799289
-454.53784781682043
-453.0129500806788
-451.45708691496634
-449.8439224933871
-448.2121844573287
-446.7281151239746
-445.16610164163586
-443.5925388977134
-441.9296983474653
-440.4684470526422
-438.9083958017528
-437.3581027207074
-435.69132617685756
-434.2415649402571
-432.6907335925206
-431.1559000332644
-429.4950021551538
-428.0536122057533
-426.51425739975195
-424.99249662835007
-423.3408766151609
-421.9068435289086
-420.37979274080016
-418.8704128951437
-417.2297331319753
-415.80219407990523
-414.28814284093517
-412.79099126654944
-411.1627248412499
-409.7402887292952
-408.24027606608547
-406.75541637978495
-405.1417003006037
-403.72174875159266
-402.23757848502123
-400.765088019524
-399.16971309811555
-397.747106274369
-396.2819469810913
-394.82142562877704
-393.25088891334144
-391.81590101865214
-390.374762140998
-388.924063115543
-387.3864659035065
-385.9248864523249
-384.51334724446696
-383.0672615116545
-381.56591873897844
-380.0708424796932
-378.6890656555397
-377.2431701677696
-375.7714394961005
-374.2571173010564
-372.8966152081027
-371.4536392087709
-370.00128226427347
-368.4855256119897
-367.1388048958525
-365.7029382809744
-364.2632912435025
-362.75588834790415
-361.41961403896715
-359.9929929302727
-358.56304349013107
-357.068482909748
-355.741273356964
-354.32490221072436
-352.90346185577437
-351.4236290074964
-350.1048744339083
-348.6992711514128
-347.28597899811643
-345.82144155557427
-344.5109169281046
-343.11632138067023
-341.7111718798971
-340.2619096306537
-338.959580050477
-337.576069768222
-336.17916244523025
-334.74500043032714
-333.45089014371956
-332.07847336955103
-330.6898932198629
-329.27070155901384
-327.98482399936887
-326.62349684153014
-325.243276940808
-323.8390223040529
-322.56135817656366
-321.2111277448263
-319.8392505890355
-318.4499837935643
-317.18048266619223
-315.8413698789229
-314.4777790417044
-313.10361131764523
-311.8421982101626
-310.5142340238125
-309.15884190033466
-307.7999301664917
-306.5465084639017
-305.2297293927823
-303.88241789655666
-302.53896363349526
-301.2934137664707
-299.9878606110921
-298.64847675804464
-297.320733018245
-296.082906898031
-294.7886243695405
-293.4569713784669
-292.1452537792827
-290.9149657768828
-289.6320010617309
-288.30782246687875
-287.01253323084984
-285.78954477834566
-284.5179477480018
-283.20090392802587
-281.92256424511
-280.7065608133032
-279.44638184153894
-278.1360136102705
-276.87531367959514
-275.6658684086785
-274.41715246836554
-273.11282395388884
-271.87065398903434
-270.6671853647577
-269.4299200583581
-268.13069514536403
-266.90838494428465
-265.70998975308845
-264.4840994173951
-263.18857880468056
-261.9880405547566
-260.79330874419014
-259.578484250842
-258.2846487630598
-257.10852612497763
-255.91519249915373
-254.7103868062698
-253.41607909152216
-252.26734534643063
-251.0717853681157
-249.8736641062877
-248.58276546064272
-247.46043257071685
-246.25951955592373
-245.05894951629284
-243.8053212060796
-242.69047414060913
-241.4955059008531
-240.2825874289701
-239.09095823450787
-237.9650867945487
-236.7904428938274
-235.5653521704779
-234.41905540993727
-233.28549596618257
-232.1266537469636
-230.89289876493663
-229.78441668269545
-228.64354477434316
-227.49384724767447
-226.2581086927597
-225.18199958866583
-224.03146905523863
-222.87823995067518
-221.6855626063185
-220.61519640545717
-219.47069333838994
-218.30101405456404
-217.1771292195706
-216.0909242471005
-214.9672002766676
-213.78044152464955
-212.70614444482618
-211.60678549849035
-210.49439496191138
-209.30265324577007
-208.26481473790963
-207.15210491347608
-206.0333706130243
-204.8976012622117
-203.8589071989494
-202.75605632819455
-201.61706155288758
-200.55085758599432
-199.49302872598474
-198.4086810934486
-197.25241486782136
-196.23480093898766
-195.15909948415384
-194.07563198105925
-192.95331700794566
-191.94916793374958
-190.87194387261894
-189.76787062146062
-188.72676714089428
-187.69953644321646
-186.6423746067618
-185.51771170625727
-184.5296429582672
-183.4808324390917
-182.42218573403306
-181.3444778948145
-180.36287968771038
-179.31668034740193
-178.23442066005967
-177.23628210224024
-176.22881362775163
-175.19878524778056
-174.10646036671088
-173.1526225172081
-172.1238144409602
-171.07974464679452
-170.07168375847823
-169.09966032952485
-168.0875149384124
-167.01784348935334
-166.07358397439003
-165.07419381166832
-164.0610317669027
-163.04276896671084
-162.10339962864904
-161.1058853236535
-160.06650625746948
-159.12853302049226
-158.1584308178814
-157.16968309429552
-156.15156029807721
-155.23817588005465
-154.25595869414593
-153.2423459545075
-152.31682506969045
-151.36962806678034
-150.39977779629064
-149.3991705555889
-148.50459123280208
-147.54053757117046
-146.54598165707367
-145.64112238486697
-144.71049136169893
-143.756899250246
-142.78579222378866
-141.9056833655007
-140.9614541623098
-139.98204491537658
-139.10275407556742
-138.18439063129972
-137.24425085034653
-136.31299323296
-135.44239926515712
-134.51976231004693
-133.55463213850624
-132.70229134415928
-131.79360121691238
-130.8632379194548
-129.9780802355966
-129.11167104048565
-128.20877742290693
-127.26690233764283
-126.43749696711026
-125.5383061124635
-124.6132029901202
-123.77426658333664
-122.90553671412533
-122.01058313161494
-121.13244123084948
-120.30414640473066
-119.42715101980627
-118.5127575387081
-117.70835093042386
-116.83931692900126
-115.94467948300868
-115.13061748989546
-114.29090022543926
-113.42328993249498
-112.57621558454439
-111.77324166210278
-110.92319783302496
-110.04127505531278
-109.26348874117966
-108.41934560861199
-107.54893019596922
-106.77038638363184
-105.9479821080266
-105.0970071260277
-104.30684642714748
-103.51276072865952
-102.68620092414072
-101.86263252666156
-101.10137904055335
-100.28496294597294
-99.4435938528248
-98.69936000365374
-97.89082813832326
-97.05718182597553
-96.3174743920665
-95.52420019882737
-94.70188965083557
-93.96450126590275
-93.18909314801864
-92.3835961291371
-91.64125597684243
-90.8885661581883
-90.10317541701744
-89.3428752159749
-88.61669431371352
-87.84523920473582
-87.06524988274185
-86.36043516453476
-85.5945322458665
-84.81491187293442
-84.12012318877197
-83.36210112345559
-82.58976868891168
-81.90298967030326
-81.15263980881699
-80.39043585606336
-79.7112613834942
-78.96789083334035
-78.218390971134
-77.54602453439408
-76.80965202387677
-76.07500456663921
-75.40855662237489
-74.68004158826527
-73.96077853916601
-73.30003683903016
-72.58038489250858
-71.87539398721196
-71.2209188024061
-70.51060226641303
-69.81845774986508
-69.17091699694863
-68.46994605745628
-67.78977222479405
-67.14952148023033
-66.45774085346763
-65.78928222712231
-65.1563610314285
-64.4736127511071
-63.81700231546136
-63.19126560298019
-62.51742904618684
-61.872964425003175
-61.2541872230111
-60.58915731991482
-59.95717051843265
-59.34508934585847
-58.6887193676846
-58.069589573266065
-57.46386193751028
-56.815923494910756
-56.210116480090946
-55.61024831911278
-54.97036636091282
-54.3784837180617
-53.78369307069707
-53.151232914060444
-52.57407033239273
-51.98295345631051
-51.3569474013488
-50.79538402872024
-50.205283422910725
-49.58552265599312
-49.03920810510096
-48.44515344315537
-47.84246895779258
-47.303322222452174
-46.703284515858094
-46.14178231228737
-45.59347462408415
-45.00008526509392
-44.467796374079946
-43.91243211511969
-43.326802936576115
-42.81336533401797
-42.24808520318138
-41.692497955533
-41.179086233767414
-40.60924395478906
-40.09786471298958
-39.56934493887016
-39.00914840764655
-38.51948964578638
-37.97729417218492
-37.454135593900475
-36.96038968951439
-36.41449809074228
-35.934339023589004
-35.4217519480656
-34.89439882311708
-34.42671057870625
-33.89796072476762
-33.42603701500262
-32.93678532396731
-32.42064381606193
-31.970212330329847
-31.460160976103907
-31.00008464115004
-30.529588301484285
-30.02925225484003
-29.59438761890108
-29.09981116221868
-28.658257664625786
-28.200432510959658
-27.72059828067243
-27.299457784603888
-26.817213122711053
-26.399428128735245
-25.947149732307775
-25.49930232742288
-25.085154727667128
-24.618701239663523
-24.222539475067226
-23.77156079396233
-23.365502869312635
-22.947838656844453
-22.512611114543002
-22.126814684863295
-21.6830841330632
-21.309141016365828
-20.881549087302716
-20.50085531409539
-20.10248929683033
-19.699883161660967
-19.331302963575787
-18.91492583190985
-18.563643347882643
-18.15212164329935
-17.805658544270045
-17.41139286159541
-17.06086418661336
-16.69064050079992
-16.327731261359187
-15.982444691214809
-15.607173093659776
-15.280880404787144
-14.903230898029003
-14.587993783700574
-14.21559559673481
-13.907218627007554
-13.543476095491119
-13.24050879985154
-12.88656593930317
-12.588700987293343
-12.244730706112929
-11.952112203655592
-11.617812562782056
-11.330816086912051
-11.005551028368272
-10.724741444086806
-10.407551902195198
-10.133672818192089
-9.823295736066655
-9.557184953762714
-9.252374230611736
-8.994621888261788
-8.695772982431397
-8.445795776313977
-8.157590416956586
-7.912823545907429
-7.639359931754624
-7.397564409003986
-7.138542326282828
-6.89926724403105
-6.653657655412314
-6.416532509430747
-6.183908507019959
-5.947672231711252
-5.728012275194096
-5.49095405916714
-5.283299172430396
-5.052773319695469
-4.850830236677046
-4.6388427942267665
-4.433985346635913
-4.23914138069745
-4.031091527912053
-3.847516408816492
-3.655978762984402
-3.469434549748954
-3.294824963385414
-3.1116757914312703
-2.9420977470601404
-2.7771439400066775
-2.6069647975753094
-2.449202439595989
-2.2966829649420397
-2.142584168997627
-1.9935880320726764
-1.8541223617503562
-1.7177770543426714
-1.5804625725284769
-1.4502472858226347
-1.3268140232971293
-1.2094003152123416
-1.095208289870414
-0.983053067648658
-0.8756221512873824
-0.773404971021383
-0.6765044228815859
-0.5849010063202796
-0.4986001170128384
-0.417925325346969
-0.34385654106175084
-0.27692021400895456
-0.2166021039977906
-0.1624929197023399
-0.11450981137980673
-0.07423382506769959
-0.041697692522815646
-0.017270896341728896
-0.0023490829293253265
1.7770223968120669e-9
