1.3117510718619336e-8
1.3003516764766862e-8
1.3978381269239905e-8
1.4498467117625414e-8
1.5917702223981857e-8
1.590021300539968e-8
1.7128816145857437e-8
1.7996774163119825e-8
1.8309670441315843e-8
1.952795491712566e-8
2.0281356047333643e-8
2.1099212812638838e-8
2.215379919549292e-8
2.3709657731937867e-8
2.453385611968125e-8
2.6131262097872405e-8
2.6532367561177728e-8
2.8914074293752545e-8
3.028092823467715e-8
3.1824992852642515e-8
3.2205098134453663e-8
3.392578087163705e-8
3.581604987102881e-8
3.771672656333723e-8
3.91605337624205e-8
4.155905807787411e-8
4.353617775550451e-8
4.5669481478767005e-8
4.793228786751401e-8
4.983392932861217e-8
5.30008462076733e-8
5.547189593776805e-8
5.793368728536164e-8
5.970224592316725e-8
6.302956797148965e-8
6.642476206245804e-8
6.937410873844711e-8
7.280417504291693e-8
7.568048795359458e-8
7.903291370006011e-8
8.321737364666196e-8
8.71957953754223e-8
9.182367622426119e-8
9.512819913409479e-8
1.0015242043681153e-7
1.0498215319342402e-7
1.0939139502707688e-7
1.1472410300271215e-7
1.2055792077496705e-7
1.253842286371522e-7
1.32252776519471e-7
1.380776316249267e-7
1.4459326200473693e-7
1.5114210831668641e-7
1.5843021706688708e-7
1.6580291948798173e-7
1.7448108074402428e-7
1.814563212307344e-7
1.9015021065328304e-7
1.9909967738771355e-7
2.0889269019047016e-7
2.179636421103827e-7
2.29262511404502e-7
2.3998888874369467e-7
2.5069571923690333e-7
2.633394159489991e-7
2.7551673281525394e-7
2.880190428247756e-7
3.023544592956646e-7
3.1613754826465107e-7
3.3073572160916127e-7
3.4689067256664207e-7
3.6271154206505296e-7
3.8017132167895426e-7
3.9850328675284795e-7
4.16852748448107e-7
4.366643998443729e-7
4.5732582509799713e-7
4.789592288436935e-7
5.02292228695269e-7
5.252169640504324e-7
5.49590856991008e-7
5.759745028966265e-7
6.029420816929508e-7
6.321469003076113e-7
6.622534896952996e-7
6.923287489080057e-7
7.256114985886067e-7
7.599372714333202e-7
7.954344689139598e-7
8.334517424231894e-7
8.724270398080751e-7
9.136101368261179e-7
9.558863680404068e-7
1.0013174225024211e-6
1.0497753245512469e-6
1.0991012237970109e-6
1.150592675814943e-6
1.2062133578790364e-6
1.263272120534376e-6
1.3224648731570564e-6
1.3848694752988391e-6
1.4496626478731082e-6
1.5178786215131757e-6
1.590201619521136e-6
1.6655394498698497e-6
1.7450006011744358e-6
1.8263169203748542e-6
1.9126961014705586e-6
2.003173035499896e-6
2.098366096482381e-6
2.1973278297811937e-6
2.3003196908572396e-6
2.408841913315797e-6
2.5235290576440185e-6
2.6427497104263187e-6
2.766413050107353e-6
2.8983048598339884e-6
3.035259735443826e-6
3.1779801330585335e-6
3.3278438039248947e-6
3.48537985944147e-6
3.6501440911830836e-6
3.82279760025567e-6
4.003124549500201e-6
4.191929990816366e-6
4.389891788271235e-6
4.598220374707423e-6
4.815221795200849e-6
5.0431236178654776e-6
5.280704753805262e-6
5.530817764176398e-6
5.792519555722287e-6
6.066384180301499e-6
6.352136952111056e-6
6.651515560476322e-6
6.966348348017966e-6
7.295510494871939e-6
7.640493352325148e-6
8.001408123947908e-6
8.379624952889617e-6
8.775706308941784e-6
9.190131545265081e-6
9.624166893411254e-6
1.007899963462714e-5
1.05554036848227e-5
1.1054276826851743e-5
1.1576641395267035e-5
1.2122915196783631e-5
1.2696573022880922e-5
1.329602719576515e-5
1.3923917054814818e-5
1.4582012889795497e-5
1.527194862803653e-5
1.5992937966127957e-5
1.6748374867189305e-5
1.7540797336122265e-5
1.836890933224045e-5
1.9236691223597586e-5
2.0145352187005255e-5
2.1096942922837188e-5
2.2093581782645032e-5
2.3137689410982006e-5
2.4231657104518627e-5
2.5377491034334458e-5
2.657466437347919e-5
2.783120472993261e-5
2.9145671304570546e-5
3.0523614956610386e-5
3.1966459983777696e-5
3.347551350675052e-5
3.5057805600019134e-5
3.6714538094530164e-5
3.8449079531576356e-5
4.026570704401776e-5
4.216843862370441e-5
4.416097353149695e-5
4.62474771795701e-5
4.8431963035099384e-5
5.072061590719678e-5
5.311763681316809e-5
5.5626819507674116e-5
5.825605226899937e-5
6.100888076558806e-5
6.389132954855042e-5
6.691063060643275e-5
7.007178081205449e-5
7.338273628541954e-5
7.685046959289694e-5
8.048188266974062e-5
8.428447473277141e-5
8.826728961331998e-5
9.243789998152372e-5
9.68063208569706e-5
0.00010138152036851648
0.00010617099896903206
0.00011118821621055568
0.00011644062015975808
0.00012194412797329091
0.0001277050498660146
0.00013373971990413946
0.00014006017696859376
0.00014667799634922687
0.00015360965321777872
0.0001608683301077848
0.00016846851357204596
0.00017643054451278332
0.00018476766550805067
0.00019349951414724588
0.00020264389486199667
0.00021221905775998132
0.00022224718029914108
0.00023274993765545944
0.0002437485987872855
0.0002552683672555177
0.0002673306214210763
0.0002799653682352198
0.0002931959337907529
0.0003070512243085371
0.0003215620136131207
0.00033675789634428024
0.00035267304257124966
0.00036934107854269755
0.0003867959258246726
0.0004050769908700699
0.00042422136159954394
0.0004442704266467521
0.00046526907746358024
0.00048725862214569603
0.0005102883852145901
0.0005344087381865136
0.0005596677431959913
0.0005861209821351323
0.0006138266135787678
0.0006428404190692536
0.0006732277050129117
0.0007050508710525985
0.0007383807349295379
0.0007732844864474203
0.0008098424171710166
0.0008481281142092451
0.0008882249544530356
0.0009302173502739828
0.0009741979372772162
0.00102025830555776
0.0010684990561899423
0.0011190230954202917
0.0011719375337673776
0.0012273553954199865
0.0012853971398922226
0.0013461866397989236
0.001409854360509406
0.0014765367807712622
0.0015463769850567288
0.0016195227669907272
0.0016961348496249116
0.0017763768018769432
0.0018604196493103265
0.0019484447210417993
0.002040642403884698
0.0021372107104802164
0.0022383562727453944
0.002344299542086166
0.0024552676535984086
0.002571501459514724
0.002693250121200254
0.0028207770241468924
0.0029543607849937875
0.0030942875024050657
0.003240863425878835
0.0033944052544574313
0.0035552470975048394
0.003723738163446304
0.0039002459463461443
0.004085155521421031
0.0042788714303065925
0.004481816290109643
0.004694435188935962
0.004917196525805892
0.00515058464142627
0.005395117591191532
0.005651333808544561
0.00591979727955455
0.006201101683421437
0.006495869699933441
0.0068047564775029585
0.007128443759775735
0.007467652744039868
0.007823134908587586
0.008195679661592297
0.0085861150059154
0.008995304906383493
0.009424156376464096
0.009873615725265104
0.010344672203155793
0.010838360057288027
0.011355759850753792
0.011897992852328707
0.01246623372635165
0.01306170749718153
0.013690384962882808
0.01434410244374024
0.015029041249376238
0.015746644332851424
0.016516675815542163
0.01730384632161095
0.018128419216966615
0.01899211283759463
0.019907685584828163
0.020854886467004015
0.021846848089802702
0.022885611996911942
0.023992481675719192
0.02513099364205446
0.02632299523800621
0.027570917723132127
0.02887674743251989
0.030244363058635735
0.031676073430729465
0.03321474094461761
0.034783474676473754
0.03642617680295512
0.03814640727150375
0.03994780705876603
0.04183406324219172
0.043808918156929576
0.04587624317400586
0.04804013703305202
0.05034839964762998
0.0527185601115586
0.05519986695690498
0.057797710242286894
0.06051757438240779
0.06336499694765073
0.06634567946772688
0.0694656955067759
0.07277004631375787
0.07618899017747198
0.07976901335989747
0.08351775804799494
0.08744282577982261
0.09155204612455572
0.0958893467253494
0.10039295544020949
0.1051090162703681
0.11004751365541636
0.1152182503388695
0.12063131874647945
0.1263299608941774
0.1322618383092677
0.13847196082859514
0.1449722577230441
0.1517750662321362
0.1589228454504816
0.16637338254161751
0.17417127317519696
0.18233201746045746
0.1908982341700691
0.19983629896167468
0.20919087055193258
0.21898080688665703
0.22925252073706429
0.23998359535147706
0.25122083066435097
0.2629824631612195
0.2753073151392114
0.2881694669251555
0.3016113345302876
0.31566687375411345
0.33039964631070745
0.3458108070663075
0.3619598573457146
0.37890426005015965
0.3966359856186895
0.4152066990032593
0.4345977993391214
0.4548456263207419
0.4760213722689773
0.49816962400887854
0.5213760879652976
0.5457224979659271
0.5712224603486376
0.5979237693949676
0.6258004614948237
0.6549175754326286
0.685356570289754
0.7172602735653144
0.7507098976643329
0.7857841167722711
0.8224602478765106
0.8607486062525974
0.900734102266733
0.9426239160032562
0.9865587942365721
1.0326344607597078
1.0808022848484082
1.1310491400746225
1.1835946430468784
1.2386986356197158
1.296508144754739
