-1.0e-7
-9.998507103276724e-8
-9.995604822754853e-8
-9.9898591985472e-8
-9.979265227691693e-8
-9.960732506902834e-8
-9.931531062030197e-8
-9.88753222366034e-8
-9.818933123883473e-8
-9.716499030533003e-8
-9.570846094024809e-8
-9.375777831703856e-8
-9.12564937613534e-8
-8.794753060770341e-8
-8.427314041442687e-8
-8.059736988196544e-8
-7.67413277072081e-8
-7.284989390466657e-8
-6.896694054037997e-8
-6.509285062532096e-8
-6.121242946131687e-8
-5.7311621443415566e-8
-5.3002484546920124e-8
-4.938103867692646e-8
-4.5930469885449765e-8
-4.273218940896397e-8
-3.970695984696769e-8
-3.6859530343853994e-8
-3.416124222564458e-8
-3.160318656273385e-8
-2.9171767068292356e-8
-2.686022634384204e-8
-2.46618840447534e-8
-2.257263082053981e-8
-2.0829517412354585e-8
-1.9217752157511994e-8
-1.7588341802721882e-8
-1.621108955861824e-8
-1.4923180472233493e-8
-1.3603230259840396e-8
-1.2468175792464025e-8
-1.124058787413746e-8
-1.0059575151402779e-8
-9.15581675672084e-9
-8.36794562375145e-9
-7.65888640111161e-9
-6.939783574825339e-9
-6.349035899043818e-9
-5.80006836946859e-9
-5.25426361693345e-9
-4.741524443011804e-9
-4.2489687171572004e-9
-3.784599039697744e-9
-3.3389830107952055e-9
-2.9623612440111446e-9
-2.652849783553875e-9
-2.3547604544072055e-9
-2.090898023219893e-9
-1.8789394194808367e-9
-1.6688916491324457e-9
-1.4851287498070992e-9
-1.3320680344741087e-9
-1.1829726611783589e-9
-1.0510303290174987e-9
-9.289438229460738e-10
-8.1952616256702e-10
-7.203452880320688e-10
-6.315217066764477e-10
-5.600049380534502e-10
-4.90263164978058e-10
-4.2969906391245126e-10
-3.7405158584052096e-10
-3.249005810722749e-10
-2.8534817245925435e-10
-2.4711235685869596e-10
-2.141322712559638e-10
-1.841114453463393e-10
-1.6047259639351131e-10
-1.3754958900278286e-10
-1.1802896355897555e-10
-1.0225537339243802e-10
-8.719717115979245e-11
-7.430187854856865e-11
-6.398343665630495e-11
-5.41309499741062e-11
-4.5753616851385394e-11
-3.913861720758862e-11
-3.2814621574758196e-11
-2.748476142703127e-11
-2.334205531241764e-11
-1.979269289191598e-11
-1.6526169190101623e-11
-1.3703235481668091e-11
-1.1527292404446754e-11
-9.676316576677522e-12
-7.977220743669803e-12
-6.5215026954611844e-12
-5.425922310102663e-12
-4.504260384837789e-12
-3.659951077178185e-12
-3.0230559047065477e-12
-2.4894904091857534e-12
-2.002193508636443e-12
-1.640722784199774e-12
-1.3409592551073e-12
-1.0950030748155905e-12
-8.927605098823604e-13
-7.271747650316276e-13
-5.921765264727893e-13
-4.826997018654304e-13
-3.945094327580625e-13
-3.241383552311666e-13
-2.688870464923287e-13
-2.270331371039564e-13
-1.973406846444189e-13
-1.9889145981515405e-13
-2.291175997738455e-13
-3.390355296596965e-13
-6.964842593182043e-13
-2.743247199017983e-12
-9.596427523446217e-12
-1.867682478190432e-11
-2.7541394485378813e-11
-3.559380381669492e-11
-4.101183430479776e-11
-4.594760095439655e-11
-4.980909933184218e-11
-5.412947865281543e-11
-5.9607712838163e-11
-6.909039054211478e-11
-9.325167153375189e-11
-1.3739536078360967e-10
