800.0
799.9470238381318
799.8439891491643
799.6398333109075
799.2627801761571
798.6012254302216
797.5537703636064
795.9637433220986
793.4560991156527
789.645524104842
784.0871847165869
776.3756892890323
766.0164464175937
751.4430888574456
734.0025458523527
715.1054180268895
693.5684004342202
669.8792668953943
644.0944539094354
616.0350966807102
585.4005732062966
551.8772859790855
511.5062787775744
474.82020627843576
437.5859222099001
401.25267180427556
365.5280022942373
331.02317547012683
297.9139021295164
266.55510945644625
237.17564198163237
210.00938730954874
185.20709915071677
162.86538302611154
145.33823130188836
130.16757216221959
115.95192894043862
104.88430787689131
95.3633757288689
86.46419620597337
79.51665911995302
72.7336964144935
66.90854344850854
62.89654232020372
59.69852929621236
57.046173500663116
54.56171198209988
52.66583975922021
51.01378349992679
49.46919679881949
48.10107552695363
46.85697748302865
45.742319589873205
44.72162694210081
43.893310287632985
43.23422776530578
42.61641011712842
42.08221558971335
41.66094004869661
41.249659307538245
40.894330869816926
40.60113422095579
40.31755198172581
40.067903113228766
39.83765949991136
39.63161621589427
39.44480911098591
39.277204415306585
39.14183570142191
39.00925572597277
38.89347271375841
38.78636530617688
38.69100511180308
38.61360916584973
38.5380883622089
38.47226211693271
38.4116579266919
38.363375381954
38.31597765250027
38.27507079981561
38.24157271265315
38.209146553387775
38.18095818102702
38.15806536884506
38.13586790677206
38.11667918414801
38.1012793843394
38.086308850315014
38.07346257268151
38.06330112196608
38.054446104876625
38.04614945281535
38.038840481813835
38.033098778894264
38.028124097757505
38.02346792221198
38.01939417818301
38.01626430072864
38.01357849748483
38.01106551821151
38.00912837284643
38.0074710641551
38.005922930107964
38.004747555991074
38.00375057683952
38.002913344446
38.002208209782424
38.00161623789558
38.00112063168005
38.00070697284445
38.00036273330862
38.0000770437336
37.999840392586094
37.999644034093905
37.99946011188309
37.99936180944822
37.9993120639156
37.999278125782055
37.99925935602672
37.99924515148209
37.99923499644789
37.99922663973529
37.999217394335254
37.999205141793496
37.99919245285843
37.99917547996506
37.99915788383505
37.99913553461515
37.999108790356225
37.9990746805656
37.999030984317926
37.999
