-116585.9
-116560.76127793061
-116511.8868111479
-116415.11758155667
-116236.64680274979
-115924.2979958676
-115431.78433273346
-114688.88343145236
-113528.69491931249
-111792.00515797234
-109314.09346844522
-105980.77799598928
-101684.06130093793
-95966.50925758219
-89583.39994430623
-83176.54596599685
-76452.20067281502
-69687.53149211948
-62988.982863475816
-56392.06074784829
-49911.943553587975
-43574.61386953141
-36846.965189118644
-31474.8980886908
-26650.464520941172
-22481.32578656667
-18845.38731637858
-15728.607592261147
-13072.899304038674
-10839.170249929515
-8980.661760301578
-7454.2244788557555
-6215.376219319631
-5221.497861936244
-4520.200510480908
-3967.0806670359207
-3492.5765729684135
-3151.26640623998
-2876.3299599764405
-2633.936557381824
-2453.655225786898
-2284.3071483845215
-2143.2362639119087
-2047.8542287408402
-1972.5125283603347
-1910.2587516237977
-1851.9394729684454
-1807.3029818715447
-1768.221705097328
-1731.4534884645177
-1698.6424755492296
-1668.5603974462017
-1641.373626537973
-1616.2563643219437
-1595.6995503605342
-1579.2224030039297
-1563.674065346237
-1550.1462292476529
-1539.4209817243582
-1528.9003936307874
-1519.7706133970364
-1512.2085380747744
-1504.8694382990675
-1498.3879990876733
-1492.393197983582
-1487.0144572624597
-1482.126372047714
-1477.7314117103795
-1474.1752933914586
-1470.6868372814872
-1467.6358103064194
-1464.8096304096546
-1462.2903702606343
-1460.2435848573698
-1458.2445637620438
-1456.5006835335764
-1454.8939321581213
-1453.6130191575235
-1452.3548561311147
-1451.268412496632
-1450.3783351164448
-1449.5163909215896
-1448.766811817635
-1448.1578541095266
-1447.5672202983333
-1447.0565021066127
-1446.6465292348942
-1446.2478950998807
-1445.9057502704645
-1445.635058636825
-1445.3991259115974
-1445.178028521035
-1444.9832124698844
-1444.8301396343338
-1444.6974878288477
-1444.5732995520787
-1444.464614926977
-1444.3810856989971
-1444.309382963773
-1444.242265382709
-1444.190500791932
-1444.1461878764626
-1444.1047626727611
-1444.0732823041888
-1444.0465504482409
-1444.0240711028855
-1444.005106150282
-1443.9891504248146
-1443.9757554227772
-1443.9645357797356
-1443.9551560239381
-1443.9473240415186
-1443.9407821135883
-1443.9352881274651
-1443.9300289650114
-1443.9271025890514
-1443.9255246340183
-1443.9243155732922
-1443.923470659042
-1443.9224764996138
-1443.9212610206314
-1443.9199702187432
-1443.9185189260443
-1443.9167904613269
-1443.9152581611363
-1443.9135246139147
-1443.9119953663892
-1443.910315873103
-1443.908559162271
-1443.9065623545744
-1443.9041959015356
-1443.902511737643
