48.0
47.99131189647377
47.974422115245225
47.94098713830023
47.879344213335166
47.77152565483978
47.60168416550352
47.34588179368108
46.94730580069877
46.35270327093004
45.5083824483792
44.37972413079209
42.93599809805901
41.03205528779497
38.92564162514105
36.826383287593885
34.63235771270391
32.426251964851076
30.232523233479572
28.050843235748978
25.87226221950179
23.688878040364344
21.28542485851456
19.27424473556928
17.36851590212097
15.615740479961039
13.975624007066045
12.454603694270373
11.04127432691624
9.734694800509502
8.530940466074806
7.4286817141676424
6.425455570671274
5.518744371321316
4.801123406479045
4.171858692584884
3.5715797649354024
3.093974037075304
2.673244487762928
2.2690983606914132
1.9442662579740209
1.6174001084005414
1.3276965717646843
1.1229077514693155
0.9566624492941411
0.8170622044360115
0.6853995210894265
0.584875770330749
0.497773931370148
0.4173329488299776
0.3474848306562221
0.2857274715183397
0.23241559949371376
0.18585586971479615
0.15011132431300422
0.12327455269868257
0.09964885044746241
0.08060035648552422
0.06659917887960767
0.053895880011133275
0.04376263874393637
0.03603840472193715
0.029155626688503664
0.023605843101379247
0.018935081265304667
0.015138471075976462
0.012023891237733692
0.009505756548885804
0.007669654278419576
0.0060481431663441726
0.004779187808518104
0.0037306292051125767
0.00290076781210044
0.0023005040264903304
0.001779197805538923
0.0013775253439939359
0.0010517570020460792
0.000822815955571177
0.0006247554309588654
0.0004752800818501308
0.0003678131200140129
0.0002766925268983704
0.00020786602251755162
0.0001591192797197233
0.0001180043192036581
8.736489082684155e-5
6.607682157360962e-5
4.820993137640292e-5
3.51074878329005e-5
2.6205722687277962e-5
1.950400456023839e-5
1.411856981693692e-5
1.009178055294215e-5
7.400522979749971e-6
5.405031728397422e-6
3.82042198394524e-6
2.65875220238209e-6
1.9088058071415157e-6
1.3640868251585692e-6
9.371081270536156e-7
6.625463035341668e-7
4.653680219647735e-7
3.126021721151699e-7
2.168875456706506e-7
1.49409677141886e-7
1.0246077702009626e-7
6.979722546618971e-8
4.72278177912164e-8
3.173515615508448e-8
2.1175690258078708e-8
1.4030915404696595e-8
9.232808007134475e-9
6.035072419264382e-9
3.918262439096782e-9
2.3904845915568455e-9
1.789120018409586e-9
1.6023894162595265e-9
1.6773566906572492e-9
2.1538381969554823e-9
3.747496724018924e-9
5.977060480526202e-9
7.073358147752404e-9
7.182280098555708e-9
6.647171841167368e-9
5.978178201784098e-9
5.20243450503462e-9
4.567744393413859e-9
3.951567188941659e-9
3.407701346998889e-9
2.9229243327708356e-9
2.5695566462321205e-9
2.537624308203745e-9
