2.7620919565608955e-5
2.826592453372472e-5
2.8925991729016178e-5
2.9601472840118923e-5
3.0292727831240292e-5
3.100012506134785e-5
3.1724041468346284e-5
3.246486280916238e-5
3.322298390208544e-5
3.399880864404964e-5
3.479275049639377e-5
3.560523258212044e-5
3.643668777022546e-5
3.728755915682577e-5
3.8158300165773343e-5
3.904937482046051e-5
3.996125786226595e-5
4.089443527412436e-5
4.1849404336888656e-5
4.282667389508173e-5
4.382676478311402e-5
4.48502097892078e-5
4.5897554475532625e-5
4.696935675519881e-5
4.806618790002775e-5
4.918863237529224e-5
5.033728817862118e-5
5.15127676020055e-5
5.2715696913132915e-5
5.394671712340955e-5
5.520648425241051e-5
5.649566960802204e-5
5.781496014871411e-5
5.91650588874357e-5
6.05466852937276e-5
6.196057565752384e-5
6.340748327601901e-5
6.488817929405438e-5
6.64034527291197e-5
6.795411104930293e-5
6.954098048191754e-5
7.116490672263274e-5
7.282675515964433e-5
7.452741134351304e-5
7.626778145838824e-5
7.804879297489199e-5
7.987139504138587e-5
8.17365586722381e-5
8.364527801804884e-5
8.559857015916451e-5
8.759747582481576e-5
8.964306050827018e-5
9.173641382462446e-5
9.387865177326566e-5
9.607091569614907e-5
9.831437378977835e-5
0.00010061022160270736
0.00010295968272040797
0.00010536400897753957
0.00010782448157159227
0.00011034241194222014
0.00011291914164082893
0.00011555604393300295
0.00011825452395638743
0.00012101601968764222
0.00012384200268499037
0.00012673397907992905
0.00012969349012351166
0.00013272211247048672
0.00013582146040325559
0.00013899318554376806
0.00014223897826858296
0.0001455605678367785
0.000148959725074612
0.00015243826075308852
0.00015599802899344192
0.00015964092658996514
0.00016336889523432246
0.00016718392137875677
0.00017108803826346622
0.00017508332628495254
0.00017917191509747351
0.00018335598302212514
0.00018763776026815328
0.00019201952864413756
0.00019650362336543395
0.00020109243400034122
0.00020578840652933815
0.00021059404327843908
0.00021551190557293832
0.000220544614241236
0.00022569485174385735
0.00023096536255547059
0.00023635895632351483
0.00024187850696758806
0.00024752695659961785
0.0002533073155036029
0.0002592226648594295
0.0002652761572196688
0.00027147101898077546
0.00027781055244820765
0.0002842981359610357
0.0002909372277421997
0.0002977313666012487
0.0003046841742889693
0.0003117993560136659
0.0003190807052092563
0.00032653210264697684
0.0003341575208319253
0.0003419610239252382
0.00034994677235087506
0.0003581190230427436
0.0003664821320244306
0.0003750405581081807
0.0003837988637624039
0.00039276171857876175
0.00040193390019664573
0.0004113202991841089
0.0004209259201907646
0.0004307558841421926
0.00044081543256245396
0.00045110992928255737
0.0004616448629861696
0.000472425851481805
0.00048345864421137953
0.0004947491234678391
0.0005063033115530714
0.0005181273696001365
0.0005302276034026695
0.0005426104672956716
0.0005552825655054409
0.0005682506567643923
0.000581521659770268
0.0005951026526519998
0.0006090008803283536
0.0006232237586257362
0.0006377788738394744
0.0006526739941432318
0.0006679170659039796
0.000683516223350079
0.0006994797910607808
0.000715816289464802
0.0007325344372388412
0.0007496431577635233
0.0007671515842277557
0.0007850690645939124
0.000803405163445862
0.0008221696714727039
0.0008413726109460024
0.0008610242359496974
0.0008811350427962714
0.0009017157743080534
0.0009227774255884989
0.0009443312491771836
0.0009663887632944097
0.0009889617567929337
0.0010120622944175292
0.0010357027253222594
0.0010598956902076102
0.001084654126066187
0.001109991274162279
0.0011359206882276681
0.0011624562428515753
0.0011896121363680534
0.0012174029051107546
0.0012458434266771543
0.0012749489305589313
0.0013047350045760047
0.001335217606970255
0.0013664130709796726
0.0013983381176386415
0.0014310098653843707
0.0014644458340983654
0.001498663962168315
0.0015336826117811726
0.001569520581149249
0.0016061971171433787
0.0016437319225411258
0.0016821451642600627
0.0017214574979729747
0.0017616900691630201
0.0018028645194771015
0.0018450030220760907
0.0018881282669696792
0.0019322634932494552
0.001977432497575971
0.0020236596456802342
0.0020709698859865946
0.0021193887718167887
0.002168942468513889
0.002219657774997985
0.0022715621329436144
0.002324683653701329
0.0023790511268352065
0.0024346940372808063
0.0024916425961435886
0.002549927736547734
0.002609581159783401
0.0026706353364810533
0.0027331235340073414
0.0027970798375387415
0.002862539168506883
0.0029295373094929684
0.0029981109393952925
0.003068297629496302
0.003140135897517807
0.003213665224527922
0.003288926067146469
0.003365959906083605
0.003444809270433416
0.0035255177500904218
0.003608130053362644
0.003692692019484324
0.003779250665763588
0.0038678542061076847
0.0039585521031844035
0.004051395092270498
0.004146435240818218
0.004243725962578144
0.004343322077727518
0.004445279850119902
0.004549657039563854
0.0046565129498213976
0.004765908461159667
0.00487790610581446
0.00499257011935352
0.005109966476746849
0.005230162981512942
0.005353229313428388
0.005479237084234567
0.005608259934236487
0.005740373581059094
0.005875655907523263
0.006014187031388642
0.0061560494106556295
0.006301327911281757
0.006450109913206164
0.006602485398096349
0.006758547063724005
0.006918390434057225
0.00708211396955342
0.007249819194068133
0.0074216108253737974
0.007597596909782291
0.007777888968167608
0.007962602169166848
0.008151855451179808
0.008345771768842266
0.008544478174936651
0.008748106123088685
0.0089567916103142
0.009170675439781114
0.009389903421340393
0.009614626651391315
0.009845001777647697
0.010081191305535414
0.01032336382950783
0.010571694458638505
0.010826365114873619
0.011087564907925123
0.01135549051797828
0.011630346627924134
0.011912346388184154
0.012201711874427796
0.012498674591728333
0.012803475983433017
0.013116368051294704
0.01343761393219873
0.013767488467508282
0.014106278954870082
0.014454285738629459
0.01481182303948762
0.015179219530218198
0.01555681920000963
0.01594498210220931
0.016344085060232705
0.016754522430157435
0.017176706837168612
0.017611069789900714
0.018058062340664517
0.01851815548853853
0.01899184060101069
0.019479629538575058
0.019982054681943393
0.020499668552773263
0.0210330433247417
0.021582769745009864
0.022149455863065055
0.022733725206166306
0.023336214573820277
0.02395757135321872
0.024598450468061084
0.025259510958530684
0.02594141232502364
0.026644810776147946
0.027370355791110763
0.028118686615234412
0.02889042961695999
0.029686196347862442
0.03050658258807891
0.03137961134320769
0.03225724014825166
0.033211191601312286
0.03402640874177589
0.03516803946633223
0.03615222972894804
0.03716573093990105
0.03820913949197207
0.03928306574150579
0.040388139837437435
0.04152501793014165
0.042864772155082165
0.044072124923347285
0.04531466790153232
0.04659324460384498
0.04790874178329455
0.049262101834915785
0.05081072641413078
0.05224671191842179
0.05372547830808372
0.05524840164929095
0.056816974592538046
0.058432798574296785
0.06024920915831649
0.06196769210647549
0.06374030563244848
0.06556816800944325
0.06745199962824305
0.06939224528424408
0.07148325873334947
0.07354116265390605
0.07566131117497435
0.07784772612212518
0.08010600580320154
0.08261131418832696
0.0850365966155278
0.08755187273130811
0.09015585169534046
0.09284565529248207
0.09562017335404215
0.09848315235416315
0.10144332940483966
0.10466209882003431
0.10784783318086663
0.11114794971177448
0.11455277507790565
0.11805825591765787
0.12167408566087791
0.1254200278874907
0.12941527166194478
0.133456065252196
0.13762559036439306
0.14191562612680766
0.14634778568707482
0.15102611101145655
0.15582430542307021
0.1607836486809576
0.16587535289548566
0.1711280559225159
0.17664076345942542
0.18234063574348014
0.18820895804808124
0.1942224074684735
0.20045983260045924
0.20700419677020176
0.21374850179502447
0.2206280600933957
0.2277306685151133
0.23517318109657676
0.24285178333565385
0.2506272261272415
0.2586490301702989
0.2670656273659152
0.27572964793981525
0.28452482347364644
0.2936473657840696
0.3031314138409267
0.3127610404446555
0.32270033682947585
0.3330376418518266
0.34338008608994813
0.3538895531345331
0.36489785017605797
0.37614500878626184
0.3877885050291546
0.3999002989640396
0.4122560997471353
0.4250224198580527
0.43787190334148895
0.45085975277835283
0.4644362147762675
0.4784396802767162
0.49303614575821564
0.5080193097889396
0.5233314427329876
0.5387552902581392
0.5545154933195172
0.570979044452942
0.5880451712593756
0.6056670281377056
