132.9
134.9
136.9
138.9
140.9
142.9
144.9
146.9
148.9
150.9
152.9
154.9
156.9
158.9
160.9
162.9
164.9
166.9
168.9
170.9
172.9
174.9
176.9
178.9
180.9
182.9
184.9
186.9
188.9
190.9
192.9
194.9
196.9
198.9
200.9
202.9
204.9
206.9
208.9
210.9
212.9
214.9
216.9
218.9
220.9
222.9
224.9
226.9
228.9
230.9
232.9
234.9
236.9
238.9
240.9
242.9
244.9
246.9
248.9
250.9
252.9
254.9
256.9
258.9
260.9
262.9
264.9
266.9
268.9
270.9
272.9
274.9
276.9
278.9
280.9
282.9
284.9
286.9
288.9
290.9
292.9
294.9
296.9
298.9
300.9
302.9
304.9
306.9
308.9
310.9
312.9
314.9
316.9
318.9
320.9
322.9
324.9
326.9
328.9
330.9
332.9
334.9
336.9
338.9
340.9
342.9
344.9
346.9
348.9
350.9
352.9
354.9
356.9
358.9
360.9
362.9
364.9
366.9
368.9
370.9
372.9
374.9
376.9
378.9
380.9
382.9
384.9
386.9
388.9
390.9
392.9
394.9
396.9
398.9
