0.012099873924174774
4.390217990088377
9.67566913091108
14.761819876663596
19.457564927831235
23.801181647163816
27.852317033054167
31.661205029718026
35.26687747432965
38.69946612284689
41.98249822290643
45.13463354993134
48.17090790686875
51.10361783063525
53.94295592747552
56.69747376558229
59.374424475159095
61.980020283596964
64.51962897233234
66.9979258014214
69.41901248522926
71.78651144858426
74.10364129658689
76.37327783381825
78.5980038440317
80.7801500373133
82.92182898656367
85.02496343939184
87.0913101927371
89.12248013790283
91.119955396014
93.08510393086254
95.01919211170285
96.92339554868302
98.79880848425584
100.64645196718331
102.46728099402705
104.26219077235415
106.0320225021371
107.77756711891976
109.49957134838736
111.19874033995949
112.87574138664493
114.53120697483912
116.16573751680045
117.77990380476407
119.37424922103405
120.94929173254522
122.50552568875179
124.0434234495351
125.56343693344938
127.06599889681918
128.55152419506285
130.020410910411
131.47304138546485
132.9097831707584
134.33098989572213
135.73700207191303
137.12814782964108
138.50474360164597
139.86709475581375
141.2154961796698
142.55023282331888
143.87158020394747
145.17980487512736
146.47516486411848
147.7579100799881
149.02828269465869
150.28651749942222
151.53284223893627
152.76747816479372
153.99063931792253
155.20253438786867
156.40336587761996
157.59333063101124
158.77262006350722
159.94142037992245
161.09991278011833
162.24827364523745
163.3866747272942
164.51528335641615
165.63426255744082
166.74377122545908
167.8439642751945
168.93499278253077
170.01700411932745
171.09014208183956
172.1545470129843
173.21035591882216
174.25770257988998
175.2967176582654
176.32752879672438
177.3502607177121
178.36503531557923
179.37197174553157
180.371186508563
181.36279353304076
182.34690425291552
183.32362768263806
184.29307048923692
185.25533706142392
186.21052957602885
187.15874806188023
188.10009046124478
189.03465268885927
189.96252868898372
190.8838104899673
191.79858825727226
192.70695053431973
193.60898350382723
194.5047722551866
195.39439999279648
196.27794829514824
197.15549715738007
198.02712503238521
198.89290887062674
199.75292415845365
200.60724495540498
201.45594393002335
202.2990923946915
203.1367603392804
203.9690164637474
204.7959282096574
205.6175617907834
206.43398222275675
207.24525335170333
208.05143788212206
208.8525974038899
209.6487924184112
210.44008236402223
211.22652564064933
212.00817963373265
212.78510073742214
213.55734437719414
