800.0
799.9111734232878
799.0229076561657
790.1402499849441
772.073779953905
749.813691003049
722.6748196679272
691.4269392045007
656.2342467443221
617.8286246415273
576.7032250665733
533.2885827287564
497.6487119905119
475.5880802761553
461.461810148875
452.0842995873069
445.8749789296964
441.7928273822333
439.1282076095666
437.3933134904613
436.2585596308352
435.5098160658502
435.0007746745219
434.682291326097
434.4814702521165
434.35830164781004
434.24434629231894
434.1372647829684
434.0347442563251
433.93979422701614
433.8506506863946
433.76204527793334
433.66907049710665
433.5819634254822
433.4893751830604
433.4063941550815
433.3253590679504
433.2371505134924
433.1533602541492
433.0647619413444
432.9876551940749
432.90410083097606
432.8188682303202
432.7309065089863
432.6534735128829
432.57244621098266
432.4858613426015
432.4004305448925
432.32198663998815
432.24244581243323
432.15530671221603
432.0713255785511
431.9924194474805
431.91356030758567
431.82632641383293
431.7428202949993
431.6638981221347
431.58522919147435
431.49805993198015
431.41457022892513
431.3358092857262
431.2570966382632
431.17003759492894
431.0863787258761
431.00781118129345
430.9289704920901
430.84202215524283
430.7581529681926
430.67974870784235
430.6007750418931
430.513916695694
430.42986735902286
430.3515796880584
430.2725018014488
430.18570742738416
430.1015302084574
430.02331840170257
429.94417099727127
429.8574192084083
429.77316092114523
429.6949976985847
429.61580821730706
429.5290855558518
429.4447777495909
429.36664845255024
429.287433914626
429.2007338916345
429.1163934122172
429.03829220541235
428.9590608892272
428.8723815576551
428.78801493566147
428.7099408490185
428.6306954211515
428.54403713659383
428.45964522846305
428.38159934823796
428.3023396336016
428.21570352285124
428.1312848386875
428.0532686539525
427.97399348807824
427.8873806786754
427.8029332989853
427.7249479815134
427.6456561407113
427.5590674415156
427.4745898498398
427.3966360749124
427.3173266869809
427.2307626054525
427.14625389276824
427.06833193998096
426.9890044920606
426.9024652753988
426.8179250135362
426.7400348857821
426.66068914905725
426.5741749095146
426.48960298580346
426.4117445533907
426.33238047406155
426.24589126442146
426.1612877597136
426.08346087684805
426.0040784597315
425.9176143215759
425.83297932245944
425.755183825488
425.67578307877346
425.58934405723676
425.5046776650339
425.4269134044518
425.3474943294445
425.26108047449975
425.1763827955867
425.0986496649049
425.01921227473673
424.93282368018475
424.8480947651799
424.7703926779972
424.6909369257531
424.6045736820561
424.5198135673835
424.4421424387333
424.362668251994
424.2763304588883
424.1915391680801
424.1138989344286
424.034406273389
423.94809403465064
423.8632716007402
423.78566220273484
423.706150983278
423.6198644162919
423.53501083599394
423.45743222353974
423.37790236548034
423.2916416038911
423.2067569064251
423.12920904516113
423.04966044646875
422.96342561218614
422.8785097764433
422.8009926283391
422.7214251667655
422.6352163964792
422.55026943793627
422.47278297498195
422.3931965599511
422.30701399325403
422.2220359079993
422.14458011262514
422.06497460990727
421.9788184004319
421.89380918162357
421.816384052273
421.73675933293777
421.65062964566755
421.5655892697253
421.48819480821004
421.40855071933214
421.3224477235543
421.2373761653768
421.1600123813569
421.0803487451075
420.9942726195392
420.9091698519871
420.8318367531544
420.7521534055264
420.6661043185213
420.58097034301653
420.5036679489392
420.4239647214173
420.3379428911638
420.2527776689889
420.17550602769853
420.09578269897355
420.00978833507975
419.9245918242935
419.84735098527125
419.76760734581774
419.68164066977704
419.5964128231189
419.51920285391486
419.4394386740823
419.3534999216523
419.26824068326107
419.1910616479223
419.1112766719253
419.0253661049471
418.9400754332523
418.8629274361394
418.7831213890142
418.6972392905135
418.61191709725273
418.5348002369839
418.45497281510035
418.3691194789642
418.2837656917465
418.20668008999286
418.12683097981767
418.0410067125378
417.95562124849926
417.8785670445432
417.79869590596155
417.712901039158
417.62748379483696
417.5504611317405
417.4705676000416
417.3848024863429
417.29935337291465
417.22236241543123
417.1424460868267
417.05671110856116
416.97123002102336
416.89427095530056
416.8143312049475
416.7286267918286
416.64311362087903
416.56618657793166
416.486223024425
416.40054954274217
416.3150042676936
416.23810941175526
416.1581216463791
416.0724794983766
415.98690207740856
415.9100396124843
415.83002715621944
415.74441681274203
415.6588071530309
415.58197733695744
415.50193964372187
415.4163616290663
415.33071961102337
415.2539227403679
415.1738592140593
415.0883140995909
415.0026395873115
414.9258760064901
414.84578596039216
414.7602743873767
414.67456719448194
414.5978372649005
414.5177199609756
414.4322426155378
414.3465025708414
414.26980672036507
414.1896613374437
414.10421898867776
414.0184458889005
413.9417845783314
413.8616102320386
413.7762037044093
413.690397343254
413.6137711011105
413.5335667964478
413.4481970271555
413.3623571728484
413.2857665749355
413.2055312064079
413.12019920256046
413.03432561166915
412.95777131114386
412.8775036656668
412.79221055466525
412.70630299401046
412.6297857133333
412.54948443304914
412.46423150000277
412.37828971536504
412.30181029015097
412.2214738447629
412.13626251970885
412.05028622255185
411.973845571023
411.8934722186869
411.8083041053886
411.722293047524
411.6458922182329
411.56547999245714
411.4803569183173
411.3943108500938
411.317951046858
411.2374977134123
411.1524217947335
411.0663404845169
410.99002309158766
410.90952606007545
410.8244997304161
410.7383830044496
410.66210962057477
410.58156585304994
410.4965919707091
410.4104397119481
410.3342122193569
410.2536181632592
410.16870009519084
410.0825123338609
410.0063329317033
409.9256843289081
409.84082610945
409.7546030683109
409.6784743727654
409.5977661080792
409.51297262383076
409.4267148947364
409.35064004733795
409.269865837647
409.18514309971
409.0988518462865
409.02283466230926
408.94198667959654
408.85734221273304
408.7710195286785
408.6950647105683
408.6141330024722
408.52957643218707
408.4432260096264
408.3673394196724
408.2863110226191
408.201854910376
408.1154831490355
408.0396721775086
407.9585297760924
407.87419095826795
407.78780909286496
407.7120831633492
407.6308028901084
407.5466045365588
407.46023254240737
407.3846037066242
407.30315148150873
407.2191264667485
407.1328008169694
407.05728426605947
406.97560942381
406.8918058529647
406.80559482771235
406.7302085622461
406.64823229498757
406.56472225419174
406.4787559696494
406.4035170843663
406.3211114619324
406.2380034464748
406.152526244035
406.0774360517628
405.9943885574282
405.9118367383069
405.8272651452558
405.7522661556857
405.6682435145071
405.5864179397333
405.50329129918754
405.4281845862217
405.3428226152863
405.2617359330033
405.18042300797066
405.1048127942038
405.0182414604232
404.9373215762369
404.8578285842833
404.7812115843378
404.69450398304735
404.6123948927463
404.53455704527045
404.45653307908435
404.3706335934585
404.2864867698723
404.2098654546851
404.130471834939
404.04538760607556
403.9599067588414
403.88390835202944
403.8035751177017
403.7190200980308
403.63300471960963
403.55730608504206
403.47638300244625
403.39220192269653
403.306036259149
403.23054120224714
403.14916479808477
403.06533326702197
402.979238353761
402.90393143154853
402.82208923796736
402.73866458935026
402.65288078204287
402.57776354043756
402.4953220953822
402.41242913537116
402.3273389411117
402.2523839343557
402.169067891579
402.08688607530524
402.0030635904544
401.9281333838655
401.8435311330776
401.7621902263991
401.68018720515727
401.60493256611977
401.5188510892334
401.4380564431055
401.358023317
401.28190663903496
401.1951829586482
401.1136875388568
401.03548990451384
400.95797832503285
400.8719271362776
400.7883249028222
400.71161063514637
400.63253380036895
400.5474579941297
400.46217086982074
400.38628481295507
400.3060189060752
400.22163314034134
400.13571546579993
400.0602200459554
399.9791674504733
399.89529544822307
399.809321725749
399.7340845991009
399.6523729118333
399.56901941820547
399.48339920725806
399.4083858158
399.3259104993394
399.2432001714149
399.1584597002374
399.08360547178165
399.00004921278685
398.91816765899677
398.8349889901382
398.76007157996486
398.6750038823793
398.59399051181515
398.51284782234234
398.43739337722474
398.3509484324208
398.27012346570376
398.19100130472975
398.1143924037075
398.02793146794005
397.94558877327955
397.8682760230772
397.79003143988706
397.704600410184
397.6199955804704
397.54393396332944
397.4641476239526
397.37964339899054
397.2939534671417
397.2184870467064
397.1376326895369
397.05379572182386
396.9679582918686
396.8928188372154
396.8111207994097
396.72791629414553
396.64253990246095
396.56764564360896
396.48499932525516
396.4025595315054
396.31833410791097
396.2435609499335
396.1595882127258
396.0780838482173
395.99574057727546
395.92074549866055
395.8350978341788
395.75435799853227
395.6741818867291
395.5983642718516
395.5117695785047
395.4305330676019
395.3523792264919
395.2750853803904
395.18915908126814
395.10564721644226
395.0291643363042
394.95009974103743
394.8653085657153
394.77999881175776
394.7044490596767
394.62397877162135
394.5400380210325
394.4543010178102
394.37918914650635
394.2976844631542
394.2144716478665
394.1291618046083
394.0543291321184
393.9717553309192
393.88937762577496
393.8053071557011
393.7305935807988
393.6465717164821
393.56518708599555
393.4831324630565
393.40813941501403
393.32236924951644
393.2417069600221
393.1618931231938
393.085958578248
392.99942790339065
392.91796083329666
392.84020523725553
392.76264855559583
392.6770141625988
392.5930559791341
392.51692298467015
392.4375305788502
392.35305889158417
392.2676040422188
392.1923024056059
392.1115065216343
392.02791390944384
391.94238089952535
391.86748071649015
391.7855397781718
391.7027887492058
391.6181444245228
391.5434686487365
391.4601725809656
391.3784172340096
391.29558980421365
391.2208240896708
391.1357355281058
391.0549454964847
390.9744342436114
390.898957744702
390.8125211384438
390.7316083723355
390.6532906677918
390.57634897944513
390.4904028559207
390.40723338367087
390.33078907693016
390.25191680501064
390.1672449420766
390.08205618383994
390.00670480998184
389.92618938568063
389.842531428373
389.7570585470591
389.68219389407653
389.6003908872956
389.5176477089872
389.4330679147328
389.3584472035893
389.2751887360122
389.1934960111652
389.11082586027374
389.0360937953689
388.95095334920967
388.87023981752986
388.78996378679125
388.7144478010411
388.6280246845087
388.54702503346664
388.4689821719329
388.39189009986956
388.3061438809597
388.2226669968709
388.14649011350554
388.06738759412593
387.9829610157099
387.8976863301236
387.82252919662636
387.74176137662454
387.658383034684
387.57314821392816
387.4984375127376
387.41626473230195
387.3338983440062
387.249972345
387.1754190884103
387.09153803276456
387.0103039237165
386.9286445421645
386.85373773713
386.7679215350479
386.6873824447271
386.6081473485325
386.5320893980361
386.44579729327194
386.3639137899365
386.28685189251235
386.2088821730583
386.1238352270849
386.0392664278302
385.96376676030525
385.88379369233814
385.8000011526132
385.7146608761546
385.6398536841357
385.5583135496067
385.4755810886207
385.3911185680872
385.3165991013446
385.23341308961915
385.1518326805679
385.0694476075705
384.9947747960481
384.9095475237086
384.8289610185493
384.74910165250515
384.6735061108931
384.5871514185984
384.5059427964324
384.4283856146841
384.3510095226262
384.26564544012496
384.18165969112096
384.1059360790607
384.02641813105856
383.94243774764544
383.85717355074684
383.782338200412
383.70108139162596
383.6182411320716
383.53368278309466
383.45919635984836
383.37623558065775
383.29458463251694
383.2120807326855
383.1374830204319
383.0524209073142
382.97183249027785
382.8919165203715
382.8164193082546
382.73010481018554
382.64898927536746
382.57143299253283
382.4941371419601
382.40880256497485
382.32486348358736
382.2492004629919
382.169692849933
382.0857952836293
382.0006031060593
381.92585164008744
381.84451745766546
381.76182092528904
381.67750602078195
381.60308147234116
381.51991237299984
381.43846346001925
381.3564005907877
381.2817637550702
381.1964162296731
381.11593970930244
381.0365074456949
380.9607926120603
380.8745556848974
380.7930419287214
380.7159621422609
380.63826210658993
380.5532947963708
380.4688893800835
380.3935692147535
380.31362508833104
380.2300858527968
380.14503717001077
380.07046772904494
379.98866952581477
379.90638066618715
379.8227424644897
379.748366155248
379.6645143377752
379.5835145206562
379.5024529046013
379.4275801393845
379.34165617253404
379.2611800043232
379.18270737997483
379.10637387702457
379.02051702081195
378.93787431597156
378.8616523114562
378.78305927659557
378.69876163848653
378.61382351510633
378.5389726411831
378.4582150594297
378.3752909022412
378.2907860860633
378.21641727798135
378.13370064467824
378.0521017621933
377.969781163392
377.8952951860516
377.81027234452057
377.7297984632914
377.6502294990781
377.5747225145989
377.4885316334343
377.4072443160224
377.33013484100104
377.25261459038575
377.1676787332789
377.08339047505433
377.0081631823189
376.92825700729
376.84485305496264
376.7599941428116
376.6855523678834
376.60361355719056
376.52156877260154
376.4384259907971
376.36410113712105
376.2798856055036
376.199162587214
376.1187942425793
376.04375291060654
375.9576596413883
375.87699859278507
375.7992293665942
375.72242468989884
375.63704383303514
375.5535455202789
375.4779471674759
375.39869396827993
375.31495625122994
375.2300421054605
375.15552647375364
375.0740873966147
374.99177435796287
374.9082063604699
374.83395008515856
374.75024461861193
374.6693287612443
374.5885017983129
374.5136967795945
374.427804947498
374.3473601540203
374.2692350632198
374.19281101411445
374.107221466337
374.02424003852536
373.94842448765223
373.869542528313
373.7856470908984
373.7007878768048
373.6262474976491
373.54504747516637
373.4626432220943
373.37896862755656
373.3047532151353
373.2212391554182
373.1402752211614
373.0593538208312
372.98463051365457
372.8988260961546
372.81843476576677
372.74027170890975
372.66394183154875
372.5783502024081
372.4954634485406
372.41966021951026
372.3408336860097
372.25697270128336
372.1721705984829
372.09768183324735
372.01645977372436
371.93413739018155
371.85062701574594
371.77644422424277
371.6928154365065
371.61195807981045
371.53129230060466
371.45652155338433
371.3706467585587
371.2902077085366
371.21230793364697
371.1358108959375
371.0504050554382
370.9672017871979
370.89163859665786
370.81255894954484
370.72892056773946
370.64419599513224
370.56982907921764
370.48832313490965
370.4062520585099
370.3231901056469
370.2490154293447
370.1649730364564
370.0843505329534
370.0042615123238
369.9292928193287
369.8432877294772
369.76259757156043
369.68523486730226
369.60829618884657
369.5232846427527
369.43945692577967
369.36430690593176
369.28468802164195
369.2014479437178
369.11695390201135
369.04274172474936
368.96067779711166
368.87902495178065
368.7967511286081
368.72250720508754
368.63777720972047
368.5574345877197
368.478197375486
368.40281784061676
368.31684695000257
368.235460188041
368.1588729231713
368.08118272723414
367.9967778152225
367.9123387663242
367.8376687586637
367.7572548005337
367.67458755117974
367.59069780168466
367.51661245111404
367.4336549097614
367.35258505250727
367.27150152658305
367.1970058792325
367.11145656519244
367.0311969793301
366.953060785114
366.87693786062397
366.7914388683831
366.7086763997256
366.6330449512347
366.5542564655537
366.47062542307486
366.3860567265407
366.31179400306047
366.2303416590289
366.14841149203073
366.06568486889273
365.9915830077356
365.9073775002386
365.8269336904219
365.7473343138268
365.67226011217485
365.58630559147593
365.505344220103
365.4285116999852
365.35120543840145
365.2666508633053
365.18244338854294
365.1077291795599
365.02757479301465
364.94485599174897
364.8609798532129
364.786952815326
364.70412480722695
364.6230744675816
364.54206772604414
364.46762690725126
364.3821144063159
364.301887019479
364.2238933862101
364.14775656330943
364.0623794734071
363.97949569662336
363.904043730624
363.82513487450655
363.74169356454803
363.65727857955056
363.58314100511507
363.5014545403647
363.4197783887908
363.3375634258662
363.263455426148
363.1788735329082
363.09861280709634
363.0195978363953
362.94427233548896
362.858444190765
362.77695165663164
362.7006873359352
362.6228596815793
362.5387860347459
362.45437916302075
362.38001349741006
362.29924607498714
362.21703599483914
362.133933399253
362.0599652265666
361.9763147749033
361.8957529976727
361.8158584763235
361.74106266212095
361.65521302813687
361.5745721199583
361.49758567472213
361.4206035151396
361.33598221509
361.2519989897826
361.17730835966915
361.09733143593604
361.01466230226805
360.93095541569926
360.85702020089843
360.7741685531526
360.69325733708104
360.61259389215166
360.53815145321556
360.4525726620961
360.37233038233063
360.29473214098715
360.2183977294236
360.1333338779063
360.0500321411009
359.97497328856696
359.8956750057841
359.812633704025
359.7285917327693
359.6546384169024
359.5724009729457
359.49119396533007
359.40994550131535
359.33572326990657
359.25051404480894
359.1703944100548
359.0923436024211
359.0164531154654
358.9311034402447
358.84844170057534
358.7730696624144
358.6942803691348
358.6109794087684
358.5268024524799
358.45282092170146
358.3709962713352
358.2895934183146
358.20798639823045
358.13389031128384
358.0489798877506
357.9688759395012
357.8905569440368
357.8149268226497
357.72944209752944
357.6471889591179
357.5716286312134
357.4931460634988
357.40970706197646
357.32550548424274
357.2515127711
357.16991074138963
357.0884194765882
357.0066685578435
356.932637536734
356.84788198363475
356.76778120848735
356.689372841658
356.61385475192384
356.5283416566135
356.4462453740219
356.37063881773423
356.2922682174008
356.20880903777964
356.12463879423274
356.050666495714
355.96911104493597
355.8876352682647
355.8059359070419
355.7319255243142
355.64716843358383
355.56708869000363
355.4887599410086
355.4132258546954
355.32776697528624
355.24559453014916
355.1700807693341
355.09163934457075
355.0082725354543
354.9241795035571
354.85026085559423
354.76858314759244
354.68722195385334
354.60575977384076
354.5317263049434
354.44682253862703
354.3667742185605
354.28868192057223
354.21300713991167
354.1276903243102
354.04522140125545
353.96992702854493
353.8912402379757
353.8080709962358
353.72412656902145
353.65028283392417
353.56831944458514
353.4871623090509
353.40611239165503
353.33200098057046
353.24684437428465
353.16679666647315
353.0890784052954
353.01313258575937
352.92806600892186
352.84511515404216
352.77014055117917
352.6910455174734
352.60816878285203
352.52449115223186
352.45072166081894
352.36831525563315
352.2874348659636
352.20695297413823
352.13268970610227
352.04725244674427
351.9670954071226
351.8898688385093
351.81351055635355
351.728816275107
351.64530670035595
351.5707115610252
351.4910585926936
351.40856535029644
351.32533695942715
351.2516150558568
351.16860091188266
351.08805118451716
351.0082808321941
350.93376047468774
350.8481267608583
350.76762441491735
350.69100568094115
350.61406494992445
350.52986716145864
350.44592546267484
350.3717206793917
350.2913523120217
350.2093480991659
350.1268461952135
350.0531072937976
349.9692924103086
349.8890932471094
349.8101860604283
349.7352424164574
349.64965239208584
349.56837400538376
349.49250106624424
349.4147479769442
349.3311696460253
349.24717519824156
349.17330706785276
349.0920291499948
349.0106277490851
348.92919500684525
348.8553027856713
348.7705559600778
348.69058306998335
348.6126751424131
348.537058197538
348.451916254557
348.36934621704034
348.29432378616934
348.2154942334014
348.13263049512335
348.04909860994513
347.97542672264433
347.89305114762567
347.8122906054085
347.7321188704991
347.6578677248361
347.5724170800142
347.4922111970071
347.4153475226094
347.3387967667478
347.2544371285628
347.17072445907326
347.0964648593919
347.0164033789835
346.93432707304754
346.8517896825044
346.77812928035127
346.6944784181424
346.6142966314225
346.5354428782817
346.4605727443319
346.3750456294046
346.29378556724953
346.21802808847673
346.1402627791793
346.0568207969063
345.9729659271965
345.8992121451552
345.81777079519986
345.73657303377934
345.6555803441335
345.5816602997392
345.4966928549182
345.416749427647
345.3392877285437
345.26340249788524
345.1785980675476
345.0955262466224
345.02091589628986
344.941595241616
344.8591447749113
344.77614831392066
344.70256203791354
344.61955322984784
344.5391740977038
344.459854374247
344.3853131853433
344.2997709186478
344.21904491383395
344.14294639610705
344.0656738677393
343.98197965302575
343.89812052798624
343.82430890685083
343.7432911219748
343.66191294690316
343.58062244791626
343.5068306205651
343.4221366326278
343.3422343572664
343.26458924735056
343.18894245494533
343.1040277728084
343.02124378929716
342.94653959514994
342.86745882292445
342.78494078385575
342.70192087317236
342.6283778816379
342.5455012630754
342.46511908084045
342.38581509394197
342.31132925234215
342.22582545642973
342.14513009271025
342.06909039094387
341.99182905236364
341.9082080793237
341.8244175084896
341.75067669901847
341.66957646030545
341.58831381248365
341.5072739705052
341.43347136447045
341.3486537468635
341.26876964856433
341.19138034513463
341.11558001343053
341.03086884939233
340.9478173604788
340.87334812040683
340.79397636210723
340.71170347532393
340.62904373126963
340.5555307044356
340.47227506667053
340.39209286055024
340.3132697235714
340.2385795855489
340.1531547478073
340.0720092560256
339.99640824561817
339.9186897607329
339.83545430934504
339.75187634620977
339.67830713078496
339.59662095095524
339.51574986435855
339.4354890071406
339.361501621088
339.2762890797213
339.196259768386
339.11953049345465
339.0431552503668
338.9589898581343
338.87540282780515
338.8014117935521
338.72121523152964
338.6395069871496
338.55774117229333
338.4841644464103
338.40002706459074
338.32013914598184
338.24223287129394
338.16697590303966
338.0819446768892
337.9996466309302
337.9248386080754
337.8461210352024
337.76356711670144
337.680644722676
337.60720240358467
337.52443347081555
337.44413125270637
337.36506027689654
337.2906035702436
337.2051945398948
337.1243851701929
337.04864305073676
336.97121437885755
336.88789885779505
336.80435321666755
336.730818119773
336.64929999076315
336.56842454102
336.4882034811548
336.4142791114313
336.3291191406193
336.2491194975812
336.17249227859475
336.09611758303885
336.01206564110134
335.9285017980791
335.8546321738123
335.77431133967906
335.6927725813514
335.6113534624497
335.5377784024152
335.453424666691
335.3736106384964
335.2960724408222
335.22061157833764
335.13584621314806
335.05312848487176
334.9786664228877
334.899533209907
334.8173212327863
334.7348955126118
334.6614906723825
334.57819354567897
334.49815407411836
334.4197281459262
334.3449740141221
334.2597412824646
334.17824960082675
334.1030935045496
334.0250164456259
333.94221778349777
333.85914456674845
333.7857668000212
333.70343445031244
333.62304018688064
333.54382199931683
333.4695554355897
333.3842114612269
333.3036229681313
333.22784356487296
333.1506049088101
333.06730215303
332.9838602911402
332.91039996662516
332.8289114099511
332.74812781061894
332.66814611344586
332.5942333362313
332.50906270348133
332.429015853501
332.3526619585269
332.2761277286772
332.1923445678537
332.10880582192283
332.0351563620434
331.9544694278496
331.8732629299927
331.79250331837625
331.7188593990444
331.63411227884086
331.5543196419566
331.4773956212881
331.4014949052154
331.3172352672359
331.23396018110117
331.1600097164685
331.0801116044321
330.9984682980128
330.91697406411066
330.84351937727473
330.75937296580287
330.6796023194342
330.6021239728709
330.5267706249433
330.44208871125176
330.3594126067282
330.28508572630443
330.2059213504873
330.12388058677453
330.0418078331838
329.9684657840831
329.8849367240947
329.80505754837964
329.72709744600957
329.6521646438642
329.5671912432111
329.4851862437866
329.4104974523297
329.3319357712116
329.24958060560954
329.16712050793103
329.0938350631191
329.01081691928067
328.9308002615599
328.8524698982638
328.7778290687013
328.6927008181535
328.61122114244426
328.5362496592241
328.45812862142446
328.3755480078885
328.2928480866846
328.2195873450336
328.13694608854746
328.0568117598002
327.9782178534505
327.90377134141573
327.81857704287177
327.73744940393266
327.66228181178326
327.584462526838
327.5017308285831
327.4188908839724
327.34564095490407
327.2632591902988
327.1830406138205
327.1042750477876
327.0299539049708
326.9447402180605
326.8638293318259
326.7885411994516
326.71091453750654
326.62809322925204
326.5451840870763
326.4719422826558
326.38971962011715
326.30945361384124
326.23059985568466
326.1563516959402
326.07114057565644
325.9903427158936
325.9150015950684
325.83747585723705
325.75462019622427
325.67169821517547
325.598468161488
325.51631228944314
325.43603726882014
325.35717636862717
325.2829560621892
325.19775755873667
325.1169844294249
325.04165477618363
324.96414503773406
324.88130845197105
324.7984253710851
324.72521324539537
324.64303364606315
324.5627887500577
324.48400161410416
324.4097655963532
324.32458781352324
324.2437536556059
324.168499299632
324.09092138469964
324.00815699790184
323.9253670857356
323.8521779924376
323.7698841152736
323.68970700901644
323.6110729198137
323.53677599532875
323.45163411025953
323.37064732228686
323.29553097215756
323.21779954421584
323.1351591136095
323.05252293316255
322.97935710083584
322.8968610493104
322.8167836269293
322.7383745795776
322.6639691261094
322.57889227587117
322.49765456128097
322.42273370779816
322.3447650374921
322.26229549066323
322.17987785012826
322.1067277449279
322.02395225841803
321.94399460878066
321.8658671261769
321.79130527418477
321.70633768124924
321.6247557315663
321.55007566120196
321.4717947157825
321.3895336712542
321.30739610700965
321.23424598788375
321.1511344751016
321.0712995075569
320.9934881744522
320.9187260622257
320.83391967031105
320.75192927367306
320.6775161133092
320.5988645523894
320.5168380393672
320.4350323689595
320.36186081262247
320.2783830987138
320.19865532206893
320.12117511919894
320.0461753634892
319.96157932599067
319.8791675498576
319.8050276109476
319.7259641779937
319.64419024705256
319.56276259260505
319.4895451812824
319.405692510699
319.3260404887001
319.24889955756737
319.1736264617384
319.08928418771416
319.00649418285593
318.9326213292159
318.8531089111445
318.77160698384296
318.69061270704645
318.6173204193763
318.53309441343464
318.4534694481328
318.3766859419573
318.30109255878295
318.2170489080275
318.13397701964834
318.0603608613137
317.9803444795989
317.8991459071042
317.8186678906755
317.74525913405415
317.6606697360641
317.580989668462
317.5046067015933
317.4286162891768
317.34492927092356
317.2617386396902
317.1883643050874
317.10774772490186
317.0269021062282
316.94706335976866
316.8734692513115
316.7885653354041
316.7086673822474
316.6327677428494
316.55625020925254
316.4730027151738
316.3899558799672
316.316789756102
316.2354176222865
316.1549853344696
316.0759389623226
316.00204367340484
315.9169813277859
315.8365476207778
315.7612544718347
315.68401048681835
315.60129949815723
315.5187492451409
315.4457074793166
315.3633979534382
315.2833984796479
315.2052448574706
315.1308880158611
315.0459833031641
314.96457813573016
314.8899941383641
314.81180252642565
314.7296908398285
314.6479126925114
314.5748552260436
314.49154847099857
314.4118723895095
314.33455410115414
314.25960292755326
314.1751634194405
314.09268933778003
314.0187693114666
313.93954132895146
313.8580217855751
313.7771155087361
313.7039096705491
313.6197465958235
313.5401681947278
313.4635661251665
313.38795130078586
313.3040966330839
313.22104240720927
313.14762159458024
313.06735982412425
312.98642317269525
312.90649549430884
312.8330217541793
312.7482353073667
312.6684301263801
312.5925517793273
312.5161418574686
312.4329455125509
312.350009127529
312.2769212844848
312.1955061679117
312.1151823617899
312.0364070054852
311.9624772167803
311.8774760208768
311.79684794761937
311.72183656965586
311.64434767378515
311.5619135566993
311.47977982307
311.40680846534025
311.32405257024305
311.24427977362865
311.1666933113556
311.0920538215826
311.0074630011458
310.9253952432904
310.851322452057
310.77247295834155
310.6908353305835
310.60982663888603
310.53671254199503
310.4527290780812
310.37318404681037
310.29657959662075
310.2210742194998
310.13723673043313
310.05425189567745
309.9808830614924
309.9006415834849
309.8197717720622
309.740021848674
309.6665549364716
309.58175446369637
309.5019020929421
309.4262168866801
309.3496737583371
309.2666758215199
309.18395290433216
309.1109670154918
309.0292287954169
308.949115593938
308.87080172981314
308.7967012315446
308.7118155740364
308.6307264875385
308.55612580105634
308.47816176025145
308.3960988701825
308.3145334947862
308.241568374135
308.1582215424454
308.0786410727174
308.0016527618072
307.9266035663611
307.8424556078044
307.7597725819685
307.6861929810397
307.6065478386458
307.5254165063856
307.4452687558381
307.3719855675302
307.2874275354528
307.2077721236795
307.13185323586197
307.0556712976349
306.97247749953306
306.8896440040923
306.8166375951088
306.7352801799
306.65504123525517
306.5765105290078
306.5025826695936
306.4176783146461
306.336877008674
306.2621492104083
306.1844372265963
306.1022913241839
306.0206598663882
305.9477445596774
305.8645425039335
305.7849640283686
305.7079717567739
305.6329954984276
305.54885833283606
305.46622668743277
305.39267985834266
305.3130551657681
305.2319684938383
305.1519425227057
305.078668336833
304.9940890480852
304.9144149094357
304.83862915964284
304.7623584869003
304.6793027087483
304.59661166289277
304.52367941223935
304.44209337352913
304.3620007859094
304.2837904454694
304.20973919125555
304.12493254778366
304.0437950209918
303.9693508579333
303.8912981432921
303.8094074499554
303.7281896956764
303.65525494762403
303.5716679448198
303.4921728224812
303.4155669082731
303.34028554960815
303.25648555031694
303.173643216333
303.10038337503295
303.02017928181533
302.93944851552203
302.8600719100468
302.78661095617497
302.70180707925374
302.6218144966515
302.5465309226684
302.4696896194999
302.38710383178375
302.30495338312045
302.23212351869853
302.1496974456573
302.06996428705344
301.99255266088875
301.918028035721
301.833615400399
301.7515097744277
301.6777130467752
301.5986949116437
301.5173776039794
301.4370658627694
301.36395730188434
301.2796368863743
301.2000923558542
301.12418581391404
301.04818352904215
300.96503930492213
300.8823447439739
300.8094394411204
300.7280555597168
300.6479428318598
300.5697450434563
300.495771768246
300.4110074974616
300.32991386027123
300.255539784311
300.1774925404418
300.09569313854934
300.0146909727198
299.94178418249334
299.85808128365557
299.7786270232064
299.7022651266363
299.6268398564682
299.5432782132859
299.4604578840412
299.3873897807357
299.30679859367444
299.22634133034734
299.1475186821466
299.073897763007
298.9890678506612
298.9086715215701
298.83385463598154
298.7564884947442
298.67433536194335
298.5928455814054
298.52004066515576
298.4368878910374
298.35738962505195
298.2806815958051
298.20565464199285
298.12179293719623
298.0390970836254
297.9658507056348
297.8858329542827
297.80511611071876
297.7258598236243
297.6524560887974
297.5677023582836
297.487685691453
297.41258257246375
297.3356533921371
297.25326664121116
297.17147175084506
297.09871312690126
297.0159647741736
296.9363958978561
296.8594516501915
296.7846802268747
296.70063241166525
296.61812815847105
296.5447452390857
296.46509601925237
296.3842200444111
296.3047229046535
296.231441974996
296.1467830394069
296.06694324002035
295.99169779529143
295.91500262411677
295.83250085856395
295.75057308195613
295.67783826170216
295.59530357666904
295.51569547618993
295.4386526242775
295.36400208390955
295.27988691416755
295.19749598031694
295.12406430114794
295.0445658761299
294.96364234865035
294.88409587779836
294.8108614447882
294.72624474022416
294.6464494277621
294.5711963046882
294.4945534871045
294.41205504313376
294.33015551951746
294.25744039507754
294.17490809422014
294.095317591628
294.01833214751974
293.9436692550023
293.85960555861635
293.77718645460783
293.70381490756256
293.62423797316717
293.5433835474752
293.46397885082877
293.39071808801066
293.3060724964768
293.226204761303
293.1510752011362
293.074305888102
292.9919280881038
292.91021950703896
292.8375193697054
292.7547779048685
292.6752587058897
292.5984837964202
292.5236726105812
292.4397837368775
292.3572275591414
292.28401788219423
292.20412659716953
292.123458929834
292.04439365818354
291.971022398772
291.8863107448997
291.8062108790508
291.7313425721479
291.65424978614743
291.57211090711996
291.49077631196786
291.418066460982
291.33492051106913
291.25549444307126
291.17906468685135
291.10395839554803
291.0203754934368
290.93771162316835
290.86472956557895
290.7842784102628
290.7039128210853
290.625399905496
290.55180270471817
290.46708507019673
290.3864844737141
290.3120346885781
290.2343754030863
290.15259887603423
290.07184162307465
289.999060123541
289.91536280701314
289.8359789170432
289.7600034008415
289.68443608492345
289.6012844626414
289.5187667213404
289.44600734012494
289.36474708529374
289.28477207508877
289.20700640790443
289.13302148510815
289.0485161434235
288.9670554959254
288.89318042183544
288.81466591914716
288.73337212324583
288.65338028629196
288.5804201374687
288.49614765029287
288.4166225174729
288.34118719324357
288.2649751749092
288.18234850539153
288.1003787267613
288.0277443535051
287.9454861547613
287.8658941181297
287.7889601061062
287.71440560581436
287.6304151116819
287.5480533117693
287.47480178261685
287.39516713039274
287.31446162780827
287.2354252544942
287.16213271203213
287.07748021837887
286.99740747478387
286.9226406342052
286.84553404924003
286.7635186719784
286.68245953255246
286.6097866854138
286.5264568137645
286.4470910910056
286.37097110991704
286.2956641796459
286.21238911765363
286.1298526050799
286.057084151294
285.9760907014029
285.896052633778
285.81821605722456
285.7443424927308
285.6598344467913
285.5785051139879
285.50462574088624
285.42620488250765
285.34493218039785
285.26504608596656
285.19211306716824
285.107836188153
285.02829890292986
284.9529966325295
284.8767023393978
284.7942199182481
284.7124951307308
284.63990742944264
284.5573961500927
284.47791177195484
284.40128991283905
284.3265419856219
284.2428204480564
284.16031458816457
284.08730989462657
284.0071926331665
283.9267814542132
283.84830524428423
283.77481717989866
283.69017376324757
283.6096092083518
283.5352910734757
283.45760718749074
283.3759918203279
283.2956206752803
283.2228627050242
283.1389690235577
283.05958741550063
282.9840069113086
282.908141730324
282.82540303255536
282.74337068196616
282.6707931100373
282.5887793586474
282.50917532113687
282.43226971464696
282.3578121268162
282.2738708695065
282.19156471201364
282.11840173119157
282.0387326704994
281.9581373982076
281.87938595503454
281.8060643055442
281.7214402832489
281.6411702965376
281.5666877876462
281.48930050146845
281.40756464412834
281.3270436261994
281.25435280596145
281.17062196279517
281.0912755080245
281.0156350995123
280.9399011318414
280.857112614929
280.7750480329556
280.7024865192044
280.6205799479694
280.5409636996929
280.46405296914446
280.38964109564694
280.30570580283756
280.22343025198813
280.1502885012345
280.070628196415
279.9900607604636
279.9113924952494
279.8380667598145
279.75345987382286
279.67312883613334
279.5987345645224
279.52126207227644
279.43961357712436
279.35926890993636
279.28656741693
279.20272486713685
279.1233633430681
279.0478757072256
278.97199673686197
278.889365993624
278.8075224039433
278.73500212931276
278.6527978660375
278.57329283421376
278.4966679227487
278.4220553962922
278.33835717092023
278.2559361678033
278.18300243903644
278.10289262897896
278.022568978501
277.9443465239593
277.8708328947971
277.7862778595829
277.705492239618
277.6314424602056
277.5534814667327
277.4721269248418
277.39228220514786
277.3194705267067
277.2353012035391
277.1558060199012
277.0806732299321
277.0043595426408
276.92207893625414
276.8407702946824
276.76826432438304
276.68541058267965
276.60606540565914
276.5299564185486
276.45488477531393
276.3716581402514
276.28927739067905
276.2166347200548
276.1356151299089
276.05572117011917
275.9783035228408
275.90434791051007
275.8201054824047
275.73838550750503
275.66494429579194
275.58599782425813
275.5051594059216
275.42614789227696
275.3530537176857
275.2685447054581
275.1885594685713
275.1139993097597
275.0368879437315
274.95513190263773
274.8747005285995
274.80208751783675
274.71839530199026
274.639073429541
274.56361498206087
274.4878149793759
274.4052315286794
274.3235098516396
274.25104279450477
274.1687623831995
274.0893191001689
274.0129001045049
273.938193199087
273.85469112744397
273.77228039921977
273.6995177847412
273.61905463479945
273.5389529549954
273.4611927174337
273.3874951184452
273.30310720588255
273.2218159821406
273.14815981524646
273.069648682847
272.98864240708645
272.9094257357247
272.83645951916935
272.75204318912506
272.67223293995534
272.5975771097979
272.5206734405013
272.43885104329723
272.35835683225383
272.2857935299796
272.2021976272986
272.12289652516785
272.04744498745345
271.97169894629286
271.889132071057
271.8074650216028
271.73502559426703
271.6527192124001
271.5733030578848
271.49698303539674
271.422232851996
271.3388290129129
271.2564529483904
271.183770078509
271.10312596091893
271.02313328418
270.9456085319205
270.87180693394896
270.7875386886362
270.7059898458869
270.6325346003357
270.5537211477069
270.47289710342744
270.39401075354135
270.32094428290907
270.2364654769362
270.1564139174869
270.08201327872047
270.0047734151814
269.92318461833014
269.84311949378883
269.77048970383237
269.6865877064981
269.6072123910637
269.5320757529362
269.4559607553185
269.37371239329076
269.29256261357455
269.2201346071249
269.1372348627094
269.0579439100618
268.98210170148997
268.9069037991629
268.82396075433985
268.741876608073
268.6694078756681
268.5878519148896
268.5082392360243
268.4314870180013
268.3571733998388
268.27341479900116
268.19117278942224
268.1182756196864
268.03835141980113
267.95807526684405
267.88010804135854
267.80661765733703
267.72219825435286
267.6411988755237
267.56746599612245
267.4891968896523
267.4081625054642
267.3290195011449
267.25611237754987
267.17173858051194
267.0919131738678
267.01739129942746
266.94041209302827
266.8587392829896
266.7785927611713
266.7060275517143
266.6222311418178
266.5428917360232
266.46775903460514
266.39171184059865
266.30948011019325
266.22839919068326
266.1559993232151
266.0730707722762
265.9937981332687
265.9180634534664
265.842805370652
265.75997825771464
265.6780488960138
265.60563632122006
265.52385223018706
265.44433849348985
265.367842866664
265.29336438972064
265.20982816128435
265.1275252833163
265.0548139129125
264.97445422972186
264.89440510829166
264.816876971049
264.7431707355229
264.6589354037405
264.57743760244307
264.5040535698931
264.42522702198477
264.34449439636956
264.26587211347385
264.1927782975211
264.10832295349275
264.0280688686481
263.95393095230537
263.8764024876677
263.79506787525634
263.7155331291028
263.64282962405474
263.55867419723893
263.47911441632306
263.40440500038477
263.3278017964914
263.24598265117135
263.1656505851774
263.09317490415907
263.0095754672552
262.93028832217
262.8551047095919
262.7792098255487
262.6969420044507
262.6158486721691
262.54348698339066
262.46062121002865
262.3813580350039
262.3056795232857
262.23042599691354
262.14766604864303
262.06585392609054
261.9934855318924
261.91156669003294
261.83211722343543
261.7558178520493
261.6812206752889
261.5978697497321
261.5156081975435
261.44303562709035
261.36230987033315
261.2824475211209
261.20530997876057
261.13139537569134
261.04739462371396
260.96550603146864
260.89243400334794
260.8130581353807
260.73261711593915
260.6545143672941
260.5812045041632
260.4968024707673
260.4160082532713
260.34227027215223
260.2641420169979
260.183145913486
260.1042115942892
260.0313250641454
259.9469656920097
259.86701912927845
259.79273592377706
259.7155304207708
259.63410134460287
259.55449524381066
259.4818742673027
259.39780874902925
259.31830220741597
259.24361596175856
259.1670685302256
259.08529033377994
259.00509714036406
258.932641380433
258.8489804326299
258.7696783694226
258.6946503231046
258.61862311796904
258.53652328272386
258.4557699006541
258.38341500648556
258.3002478275568
258.22101065334766
258.1456403336243
258.0700860786641
257.98764779804594
257.9063346097579
257.8340239226547
257.75146620339456
257.6721808503925
257.596416464567
257.52134125544546
257.43851054830174
257.3566609825308
257.28431641084217
257.2025319044297
257.1230708926461
257.04680338219663
256.9722462913936
256.888939687248
256.8067332092053
256.7342195214314
256.65340180618847
256.5736119904513
256.4966794953629
256.4226792838198
256.33883496800337
256.2568048795058
256.1839177823711
256.10421054519134
256.0239624849388
255.94625103003582
255.87277792595884
255.78851132399993
255.70727768215133
255.63386634618635
255.5552360299468
255.47452306561743
255.39611045937147
255.32304069300213
255.2386485579205
255.1582288403965
255.0843456622304
255.00655775370663
254.92547736424027
254.84652415830686
254.77372214099472
254.68941990023197
254.6095134228176
254.5352920304112
254.45808884159825
254.3767396442434
254.29736759001202
254.2247376505694
254.14060549407301
254.06099166139276
253.98652517214316
253.9097361102878
253.82817985320972
253.74846437061527
253.67594948114473
253.59201032709242
253.51256860177216
253.4379080398408
253.36143610399895
253.2797067000375
253.1996924022188
253.1272592919866
253.04352231255515
252.96418584157755
252.889357884189
252.8131478216372
252.73126302069824
252.65097386124776
252.57860191437246
252.49507711121612
252.41580473913058
252.3408212090473
252.26484472667894
252.1828109006411
252.10225804627527
252.02993287089234
251.9466357998019
251.86739810969559
251.79226101033157
251.7165052395297
251.63432089530554
251.55350587419917
251.4812156822293
251.39816844238544
251.31894132920138
251.24364324028735
251.1681069921154
251.08576269048817
251.0046787525395
250.93241153601403
250.84964892086109
250.77040753103586
250.69493143768798
250.61962374794763
250.5371014471258
250.45573696182348
250.38347757683502
250.30105020342552
250.22176496511412
250.14608160641728
250.07102168153523
249.98829310667026
249.90663923868073
249.83436490076323
249.75234324825888
249.6729752490635
249.59703907439464
249.52225608022232
249.4392812728135
249.35735114532022
249.28502436100192
249.20350092038922
249.1239973364839
249.04774270556976
248.9732733262297
248.89000303332543
248.80787363000502
248.73543307520325
248.654515268951
248.5748093114804
248.49815453262988
248.4240329918355
248.3404241524286
248.25829326486124
248.18565114007527
248.10543322386644
248.02545897563596
247.94833468587711
247.8745710275288
247.7906305812437
247.70879559527683
247.63586627148965
247.55637715222613
247.47610517744053
247.3985101540985
247.325067906541
247.2408853795368
247.15954600972697
247.08630520331442
247.0074681047901
246.9269284998914
246.8489446087395
246.77574985826192
246.6914514176981
246.61057812195492
246.53707935794188
246.4587383870211
246.37799820047516
246.29973516647266
246.22670991399195
246.1423823809532
246.0618369434312
245.9881600232951
245.91015400984
245.82927994312766
245.7508327935025
245.67791550261543
245.59359499836143
245.5132521951653
245.43946386521839
245.3616679566006
245.28071093278803
245.20215126912018
245.12929931131333
245.04499391820846
244.9647675538761
244.89091539949987
244.81324242795694
244.73223848752795
244.65361857328634
244.58080341992854
244.49651059073148
244.4163441543127
244.34246146779006
244.26485117599677
244.18382592917274
244.10518431956052
244.03238647802903
243.94810102418884
243.8679562108452
243.79406693415268
243.71647646615256
243.63544856463886
243.55681416909002
243.48401970758476
243.39973680352324
243.31958614706045
243.24570798405964
243.16810578040312
243.08708910644165
243.00848371334922
242.9356822456673
242.85139846161977
242.77122125075246
242.6973674821608
242.61972976949295
242.53873467410324
242.46017449814784
242.3873580788475
242.30307160313362
242.2228517695157
242.14903233704345
242.0713410724325
241.99037518346827
241.91187192841303
241.83903436909372
241.75474487587041
241.67446981552644
241.60069195653082
241.5229336591408
241.44200239961205
241.36356408966535
241.29070065421809
241.2064090401761
241.12606904442717
241.05233780397367
240.97450263431196
240.89360966480294
240.8152413331126
240.74234846541657
240.65805648137302
240.57764432017584
240.50396297336675
240.42604407215083
240.34519163158043
240.26689599521885
240.19397110255065
240.1096810430375
240.0291916066207
239.95556201364218
239.8775549057464
239.79674415201566
239.71852218953043
239.64556345144098
239.56127786765273
239.4807078625779
239.40713080901853
239.32903284718762
239.2482641583752
239.1701156721294
239.09712188757115
239.01284338383297
238.932190961367
238.85866649097812
238.7804763277488
238.69974956228378
238.62167361367037
238.54864400853245
238.4643751290175
238.38363953184464
238.31016721601893
238.2318843591791
238.151199071423
238.07319428125132
238.0001283546876
237.91587151533213
237.83505275480067
237.7616318750358
237.68325632466423
237.60261191801584
237.52467654081886
237.451573992574
237.36733137806638
237.28643008079857
237.2130597102718
237.13459177562353
237.0539875635204
236.9761201305973
236.90298071200047
236.81875444513264
236.7377715323854
236.66445078987485
236.58589073629864
236.50532611226842
236.42752538514839
236.35434877774355
236.27014092081725
236.18907743703681
236.11580556901316
236.03715342566986
235.95662794958466
235.87889304213527
235.80567881190868
235.721491397239
235.64034835955522
235.5671247871924
235.48838018095887
235.40789360895016
235.3302240001688
235.2569715348753
235.1728066268907
235.09158498114851
235.01840932447897
234.9395714045967
234.8591236912485
234.78151923617284
234.70822769398745
234.6240874382746
234.54278807451118
234.46966017741158
234.39072756794266
234.3103189128679
234.2327798863349
234.15944817958675
234.07533485338095
233.99395859658563
233.92087849458647
233.84184921235436
233.76148005475804
233.68400715978007
233.6106339140041
233.5265499989712
233.44509767337345
233.3720656581022
233.29293704888732
233.21260811281502
233.1352025722722
233.06178605301284
232.97773430221645
232.89620672749197
232.82322334530852
232.7439919296822
232.66370424689956
232.58636783871006
232.51290588344492
232.428889431413
232.34728752867065
232.2743536126528
232.19501494780033
232.1147699173981
232.03750508916164
231.96399501633624
231.88001749329214
231.79834236955384
231.72545906944725
231.64600752489667
231.56580698633843
231.48861698225724
231.41505545896266
231.33112112575174
231.24937426875658
231.17654310174225
231.0969715426876
231.01681786584604
230.93970692322492
230.86608974741216
230.78220375194772
230.70038723425722
230.62761014398723
230.54790956860407
230.46780577968562
230.39077943699118
230.3171012813474
230.23326994228702
230.15138687063035
230.07866628161523
229.99882510488513
229.91877507859544
229.8418405005875
229.76809451563392
229.68432574800622
229.6023809513691
229.5297198824261
229.449723134107
229.36973184021133
229.29289846118957
229.2190756554778
229.13537964713103
229.05338081937632
228.98078294972962
228.90061089611245
228.82068475118905
228.74396513431503
228.67005344129757
228.5864436488683
228.50440337528428
228.43187308121153
228.35149910848529
228.27164641993014
228.1950574712545
228.12104022563605
228.03753477650804
227.95547414608572
227.88301632907232
227.80240395341468
227.72263538629178
227.64620017711383
227.57205375603334
227.48867774672408
227.40663292178147
227.33425234691745
227.2533504763147
227.17367938899577
227.0974297603067
227.02311962993844
226.93990842148924
226.85794220003805
226.7856415726671
226.70437786410682
226.62481951477994
226.54879941349364
226.4742736318039
226.39127638116923
226.30949699419898
226.23727177234045
226.1555456557363
226.07611224611452
226.00038046221334
225.92556000025107
225.84284421430218
225.76142821946192
225.6892558188505
225.60693949783405
225.52762334812883
225.4522533853525
225.37701964305919
225.29467017550405
225.21386757095854
225.14168915011135
225.05866489438708
224.97939336110747
224.90446638618155
224.82865341717567
224.74675459571944
224.66682313133632
224.5945287237423
224.510802090738
224.4313610188141
224.35695000238061
224.28036269018028
224.1989601520349
224.12001076130514
224.04746175978346
223.96329444613906
223.88331855808102
223.80946477908972
223.73194962421314
223.6510198618717
223.57292425603515
223.50002463867682
223.4157971272035
223.33503703328952
223.2616951667693
223.1832504879763
223.10270812566517
223.0252131011362
222.9519575356013
222.86788846995
222.78645782713406
222.71349657606416
222.63426751161742
222.55401488686653
222.47693070472212
222.4033655938701
222.31950975913873
222.23767592513911
222.1649744597651
222.08511251572594
222.00508313826293
221.92832769639384
221.8544884197281
221.77086115566027
221.68884234305486
221.61633337420594
221.5359053019244
221.45607069871542
221.37963158211176
221.30551562501955
221.222146522911
221.14012672212263
221.0677752663221
220.98675756433173
220.90711340405045
220.83102208457768
220.75658180039233
220.6735282783585
220.591729625431
220.51950393998095
220.43779481122283
220.3583400147057
220.28266201082724
220.20779401946558
220.12514384651655
220.04388483990093
219.97172372226763
219.8891724935828
219.80986240185538
219.73468611193374
219.65921544958283
219.5770764112938
219.4967450258937
219.42452136513572
219.34105477385566
219.2616903345709
219.18710736043298
219.11079035326816
219.02924061338348
218.95009167536236
218.87761258980277
218.79349255379924
218.71360796387256
218.6396887223459
218.56228065735726
218.48131120383502
218.40324343314765
218.33034495375142
218.24612299112883
218.16528761729623
218.09200511966
218.01343730022822
217.93294815987318
217.8556270955676
217.78227420847458
217.69829032811316
217.6166561137349
217.54383934816138
217.46426877277023
217.38413880033218
217.3073247745526
217.2335614696635
217.14989467446065
217.06789758914022
216.99538170033975
216.91497040752333
216.8351234905557
216.75874743815518
216.68458825763886
216.6012800548423
216.5193038129633
216.44699671223987
216.36575694394244
216.28616373800423
216.21025568287484
216.13563599511292
216.05276579563795
215.97122074543913
215.89904234468096
215.81685174038338
215.7374737735147
215.66211642357212
215.58687205160473
215.50455652615102
215.42394135230322
215.35175027737563
215.26849222442107
215.18914789383342
215.11444146681202
215.0383034694328
214.9566442685978
214.87734430288256
214.80490751861805
214.72082374238124
214.6409911546617
214.56702299614003
214.48968303856196
214.4086824540241
214.33063552070743
214.2577310841508
214.17350984957778
214.09260758663322
214.01936844429125
213.94069571342015
213.8602435098997
213.78305056110884
213.70961494544287
213.6257017978512
213.54393025161355
213.4712157646109
213.3913682473631
213.31132668165955
213.23471552139398
213.1607839493872
213.0772782288011
212.9952501100929
212.92285507123268
212.8419855528197
212.7622703419199
212.68619444949587
212.61174692972
212.52872024229768
212.44700724940486
212.37480205557006
212.29286025800204
212.21341739362637
212.1379427519054
212.06283349463394
211.9804048924933
211.89962537961569
211.82744478338725
211.74430684318943
211.66495439181742
211.59018413690526
211.51412723620248
211.43241296769006
211.35306094402839
211.28063353224144
211.19655036421037
211.11670664615713
211.04273848722102
210.96537643142827
210.88438174194752
210.80640938096582
210.7334664019671
210.64925436918773
210.568229807725
210.49506020156278
210.41622174626784
210.33582304387437
210.25876951848304
210.18523003475542
210.1014015894582
210.01950790440767
209.94689313727196
209.86674245466585
209.78678992647488
209.7103763780017
209.6362625296677
209.55292758502057
209.47096183771924
209.39866107951153
209.31732109145852
209.23772086725816
209.16193404063583
209.08717513193676
209.00443572729486
208.92315405120388
208.8509848394629
208.76835976123996
208.688988587481
208.6139196896919
208.53827413100905
208.45626711648083
208.37636809188413
208.30405920939486
208.22021675349978
208.14061239424706
208.06636920506034
207.98945121581133
207.90823182516826
207.82991179193218
207.75712514890563
207.67285975523671
207.5921408243152
207.5187842388871
207.4402830853837
207.3597508931862
207.28256530219713
207.2091292371265
207.12522046544885
207.04339810169088
206.97072139075783
206.89071268328584
206.81070112815496
206.73425343860382
206.66017089909218
206.57680768979557
206.49483504157735
206.42252783290536
206.3411742901052
206.26155885061806
206.18580075423301
206.11099916736364
206.02829294281824
205.9470997666709
205.87492491379305
205.79215580009543
205.71276916250798
205.63779198409839
205.56199867313313
205.48008988878712
205.40044265830957
205.32807162770345
205.244069983028
205.16431085571165
205.09022641651433
205.01301023788776
204.93192886453983
204.853915167891
204.78097972375863
204.69674629393498
204.6156750316287
204.54251811820893
204.46358696554114
204.38319864647576
204.30626799502383
204.23262394190397
204.14887710022384
204.0668876531334
203.994364901466
203.91385319988746
203.8339835008099
203.7578100750157
203.68344576495062
203.60033601021803
203.51859281256324
203.4463702522801
203.36436972859005
203.28487497195414
203.20947810532266
203.13422942176584
203.05189612780578
202.97142912125656
202.899193799472
202.81568383204333
202.73619626797
202.66168371628757
202.5851565608329
202.50370369158537
202.42503764523423
202.35236812556425
202.2680786282796
202.18758623670163
202.1140639548004
202.0358065285636
201.9551568326039
201.8778998430761
201.80450400538533
201.72055136198048
201.6387294942145
201.56603532356147
201.48599348251688
201.40596125944148
201.32958178015429
201.2554175505608
201.17211776850016
201.09020504102588
201.01792739732875
200.93627298570982
200.85668783926477
200.7811155391502
200.70606510849615
200.6235555149255
200.54278612457895
200.47057318135273
200.3872894496553
200.30782990048152
200.2331644240714
200.1568532372654
200.0752598101538
199.9963594450886
199.9237588034405
199.83947822768343
199.75913692634447
199.68549694884013
199.6074198929259
199.52668500689845
199.44934475749514
199.37599667940418
199.29199622232926
199.21020755966234
199.13747536771527
199.05748965702506
198.97742200203479
198.90103485174546
198.82686655044623
198.74356075129015
198.66165279669687
198.58937286819219
198.50765363921332
198.42806056837125
198.35252870945186
198.27740834778277
198.19494385436963
198.1142986839886
198.04206285680326
197.9586325228917
197.87912393952718
197.8045473112638
197.72806331388628
197.64655715213033
197.56787993033802
197.49518842655797
197.4108679824876
197.3302912716308
197.25679038534057
197.1784135303212
197.09777793029727
197.02063081777413
196.9471309149414
196.86323688617844
196.78129013269026
196.70867437247304
196.62831049597028
196.5483406330534
196.4721449763801
196.3977638253932
196.3146380978665
196.23293042259976
196.16069425715952
196.07849310337946
195.99896318869204
195.9236841664759
195.8482135053393
195.76601310983486
195.68594000242788
195.61360863921522
195.5297260874148
195.45001357707812
195.37576387223166
195.2986961748457
195.21748454260032
195.13942254646886
195.06645896030747
194.98217803497357
194.9009718487446
194.8278370442677
194.74869084028785
194.66831092620708
194.59156610211846
194.51771504800809
194.43410313079886
194.3520425346944
194.27963074260828
194.1984725486872
194.11870414440162
194.0428987317832
193.96806362401352
193.88532518919425
193.80423702677015
193.73201203608568
193.6489314406432
193.56942663612293
193.49462107886836
193.4184343800468
193.33671472111484
193.25769066103675
193.18508600333013
193.100766588912
193.02038547319356
192.94671283490715
192.86857137274492
192.78780986388324
192.71055478671022
192.63710323416672
192.55313783004814
192.4711990916602
192.3985363112723
192.31820058777708
192.2381807286103
192.161989066541
192.08756610131192
192.0044466304375
191.92278355091292
191.85053546614017
191.7681622789678
191.68860743291697
191.6134121829359
191.53776932061587
191.45566134591192
191.37586435157598
191.30344866485893
191.21935575537782
191.13943920552214
191.06535922335652
190.98791372997096
190.90684286559494
190.82911956131298
190.75594631961332
190.6717495289161
190.59013351017262
190.51721239246945
190.4374923566882
190.3572604593312
190.28079555489307
190.20663793147702
190.12326311563342
190.04132970114676
189.9690169260714
189.88713652062975
189.80748246057615
189.73203327733023
189.6567049008997
189.5743379904794
189.49404112077985
189.42170473711982
189.33786734734082
189.25813400496205
189.1837988533166
189.1067594970683
189.02547702461598
188.94741066604792
188.8743966527699
188.7900813117661
188.7087389068027
188.63562645796725
188.55628261649142
188.47590727790222
188.3992789978762
188.32526273908684
188.2417438072621
188.15970803195205
188.08733996491614
188.00571485503795
187.92598573336488
187.8504073626359
187.7752167127774
187.6927187472517
187.61219260552295
187.5398748068693
187.45616627108646
187.3764733310148
187.30202512975032
187.2251386997358
187.14375792011384
187.06554526617631
186.99257975972796
186.90821925087602
186.82696806845215
186.75377819025417
186.6745454119089
186.59411125108352
186.5174364525314
186.4434430992199
186.359883673097
186.2778243343071
186.2054367832422
186.12382506779304
186.04406847154718
185.96847889095793
185.89327235159337
185.81076519585218
185.73025730251968
185.65792122418515
185.57416171723622
185.4944297473948
185.42000026048365
185.3430383019108
185.26167433871962
185.1835352008598
185.11051572467917
185.02615821768796
184.944789134006
184.871647272056
184.79225755966704
184.71185202835593
184.63524983985582
184.56116254109398
184.47766429686638
184.39564586995579
184.32327830072956
184.24143771072727
184.16170182054694
184.08621541063061
184.0108417734348
183.92844389438966
183.84819864549792
183.77580455245305
183.6918291301347
183.61196725870198
183.53768444736951
183.46041966621334
183.3791806105507
183.30131549424962
183.2281381432319
183.14385149980066
183.06218578931322
182.98920507294397
182.90939543911617
182.82909956077236
182.7526815149332
182.67838040612176
182.5950484276187
182.51319897980486
182.4408710920356
182.35856267219938
182.2788756045353
182.20360622757636
182.12789753294797
182.04572614481452
181.96599984152513
181.89348090632782
181.80920800602468
181.72904359300682
181.6550390110792
181.57722284835498
181.49620261218212
181.4187582094665
181.34531035783328
181.2612061431615
181.179187210715
181.10644209559578
181.02595871083844
180.9458394173208
180.86971295244288
180.79506296349513
180.71201351542368
180.63058631648497
180.55827491900422
180.47527258117316
180.39560410402916
180.32067162063862
180.244415239726
180.16258484990817
180.08362615129505
180.010868330432
179.9263895644487
179.84561759429462
179.77203028441522
179.69337586420224
179.61265015940893
179.53569771523843
179.46185763960145
179.3780681286623
179.29589792878554
179.2233897847138
179.1419940718264
179.06208664802634
178.98636512291984
178.91119480190167
178.82855956326333
178.74793727742377
178.6755481438267
178.59171939241446
178.5118843589059
178.4374217626549
178.36032982780455
178.27893538186237
178.20089733845006
178.12773921477813
178.04335957310255
177.96170577570282
177.88863764355935
177.80884384532416
177.72846714532434
177.65203044183053
177.5776631422555
177.49431335854638
177.41248324666554
177.34012172923374
177.25759927905156
177.17785742331392
177.10265293385123
177.02672984398063
176.94463062309003
176.86518216816668
176.79253088063544
176.70808057672298
176.6275949596895
176.5537510276501
176.47547502527144
176.39456132809198
176.3173925652341
176.2436730098086
176.1597206640427
176.07751574629452
176.00490710585925
175.92374047213906
175.84372407083842
175.76787738097258
175.69279287705046
175.61003190191707
175.52922724938028
175.45682408832374
175.37305579437273
175.29320402554958
175.21865473802924
175.14161409514742
175.0601421505768
174.9820337074996
174.90886056376175
174.82443301020794
174.74274396320553
174.66964100392903
174.58979630117477
174.5093817576243
174.43295234951628
174.35851367855403
174.27517063445094
174.19338128044046
174.12099613411135
174.03828627489716
173.95850582776905
173.88335985091607
173.80725989949525
173.72522285085373
173.64599094994728
173.5732315409255
173.4886854370135
173.40793580318413
173.33421394161144
173.25558848674004
173.17474919570657
173.0977569709036
173.02383722576698
172.9400043912638
172.85777711497096
172.78523523257905
172.7035840963285
172.62362218085977
172.54796805817824
172.47255681079506
172.38999908111583
172.30968803303028
172.23717019783513
172.15297701189914
172.07286767463847
171.99858337400318
171.92095723644638
171.83970262313053
171.76207178250172
171.68858387430248
171.6043342353435
171.5222036611716
171.4493620091896
171.36870595900828
171.2884710531011
171.2123641982422
171.13748520949125
171.05446189778993
170.97324820395278
170.90082644874875
170.81729153716662
170.73742924817796
170.6626698065293
170.5858384154365
170.50417516494304
170.42580807507204
170.35267683700874
170.26813377066802
170.1865205213419
170.11327783164094
170.03354449705455
169.95301192512989
169.87650619536598
169.80204748592126
169.71863100240776
169.636791662395
169.5643560024465
169.48154431344847
169.40168760460355
169.3265347443659
169.25030262124127
169.16826201682298
169.08914796838778
169.0162781088941
168.93164485694666
168.85064122874167
168.77698868114499
168.69804070980481
168.6172286720076
168.5403658489975
168.4662344832004
168.3824963930954
168.3003095825406
168.22778888307369
168.14562743104847
168.06567198962847
167.99019884634282
167.91440365607892
167.83203871801177
167.75226419612397
167.67956163432765
167.595022364362
167.51447160847064
167.44046960067828
167.3621358267001
167.2810789141496
167.20388108466727
167.130002639729
167.04600094892075
166.96367713682628
166.89103015715804
166.8094179953604
166.7293304002482
166.65359378180827
166.57812045214777
166.49548386440546
166.41516265093506
166.34255751828195
166.25821479565752
166.1779382664256
166.10365566611887
166.025788647513
165.9445202810319
165.8670072616942
165.79332345730853
165.70910769283026
165.62678871168478
165.5539965292411
165.47283728848814
165.39261435299684
165.31666276402268
165.24142676609404
165.15856837261785
165.0778180794477
165.00526228007556
164.92114452350359
164.84101237418886
164.7665110259821
164.68898774262152
164.60754203534879
164.52974911938333
164.45620834480567
164.3718281691463
164.28958966265316
164.21665535274352
164.1358479588572
164.05550356424948
163.9793856432832
163.90431519202986
163.8212863439682
163.74022614682576
163.66768747999004
163.58376475057426
163.50369367289477
163.42903212698056
163.35174018472512
163.27015691382218
163.19214383519716
163.11869506739245
163.0342000506198
162.95205206726183
162.87900052295356
162.79843080729452
162.71799064512092
162.64175739468544
162.5667850065528
162.48363911213158
162.40238408864838
162.32984249406707
162.24604425213812
162.16598495545563
162.0912207629381
162.014053077334
161.93237799088388
161.85422645887468
161.78081873465214
161.69625359765507
161.61415540158302
161.54102812826883
161.46057076583503
161.3800676995871
161.30377149719462
161.22883159658159
161.14562248680085
161.0642795572806
160.99172316303125
160.90795699704947
160.827880450216
160.75306995851153
160.67592378355542
160.59420561973167
160.51600933065697
160.4425927366374
160.35799625079255
160.27588125763123
160.2027280184913
160.12225291808224
160.04172258374726
159.96541563958354
159.89044394919347
159.80722467478722
159.72589504503134
159.6533152702742
159.56948249900427
159.48936668276247
159.41456469804734
159.33734015243118
159.25562743476166
159.17748166114893
159.10400705162007
159.01941679603655
158.93721647028588
158.8640876718266
158.78346433398187
158.7029420075788
158.62667576106105
158.55160783073063
158.46843095548329
158.38721792336264
158.31460413995313
158.23061116072276
158.15042839547755
158.07568918594268
157.9982851194234
157.9166243258247
157.83861833152125
157.7650354849299
157.68049474837036
157.59816037215842
157.52510110585547
157.44419880384288
157.36371743667289
157.28754364300886
157.2123112995521
157.1292307785502
157.04824929076713
156.97558329293335
156.89135175347766
156.81105426640804
156.7364345402896
156.6587413090402
156.57717655318532
156.49938873168063
156.42564346601722
156.34120600536528
156.25873425426357
156.18577839037167
156.10446323492698
156.02405127765746
155.94802497930573
155.87255005423998
155.78962416782835
155.70900903721784
155.63625876186245
155.551741229117
155.47124123177318
155.39680548873693
155.31869416191114
155.23726800884154
155.15976223718283
155.08579306290045
155.0015232411751
154.91898803737385
154.84615009564212
154.7642821207978
154.68395777933853
154.60813991919167
154.53232576753535
154.44961830764458
154.3695230361602
154.29663520144183
154.21184624658
154.1309917323667
154.0568171777906
153.97812906028065
153.89688257532217
153.81970247590309
153.74543874494583
153.66140472217742
153.57898066759242
153.50624396175925
153.42368701068978
153.34344228311363
153.26789523621326
153.1916228836499
153.10919477741314
153.0297611792661
152.95665777609003
152.87171639751242
152.79030066777278
152.71646858138735
152.63702202738904
152.55599029801567
152.47915267256056
152.4045183056418
152.3207783723952
152.23871621856293
152.16602387129777
152.08268669559337
152.0024582713938
151.9272323987267
151.85037201542832
151.7682603593386
151.68955545036738
151.61614673280735
151.53126697247657
151.4491705144508
151.37572627065845
151.29535743777964
151.2145611009137
151.138071594689
151.06298756241839
150.97958708399509
150.89814708621262
150.82540956918604
150.74129373185315
150.66093226628433
150.58607009057607
150.5084822905924
150.42669635715524
150.34868776546855
150.27489244880485
150.19027991865875
150.1076931917121
150.03460276631282
149.9531899744174
149.87262728923352
149.796522296328
149.7208838410068
149.63788272949145
149.55731955513448
149.48442080895
149.39965458228755
149.31887579226876
149.24445392489594
149.16594537163567
149.08449501118787
149.0071190204678
148.93285016212874
148.84864370326048
148.76607668975842
148.6932305841487
148.61065347136318
148.53027553321093
148.4546275631091
148.37826540898882
148.29573751281356
148.21626860165713
148.14304917134356
148.0579922657815
147.97636156206704
147.902499374032
147.82279023286605
147.74169702926216
147.6648813584541
147.59003179668002
147.50630834781026
147.42436992272573
147.35158837636513
147.26781165868152
147.18743522089557
147.11229603344313
147.03500579481477
146.95296778477152
146.87458930342945
146.80088419300867
146.71605107455377
146.63350389842788
146.56021358694514
146.4790772920878
146.39833878724085
146.32204896944302
146.24649002426784
146.1632997074953
146.0824577234059
146.00952541016903
145.9247636701167
145.84397886179974
145.76940786560223
145.6909555124144
145.60937492857593
145.531885739514
145.45757669337146
145.37326735748877
145.29061342510752
145.21769245750374
145.13502507062958
145.05455301677242
144.97885596074812
144.90237585185105
144.81979965221913
144.74036645383674
144.66703389612874
144.58189203530216
144.50004129479905
144.42618718989084
144.34620313825806
144.26508000774248
144.18830255343093
144.1132536359509
144.02956540754988
143.94778459682527
143.87491962797083
143.7907726490866
143.71024760836292
143.6351946651221
143.55751901927832
143.4755468545302
143.39742588061068
143.32346175433958
143.238717941711
143.15593101761718
143.08274457444637
143.00095302916762
142.92025394345703
142.84413921294274
142.76815625236455
142.6851527021912
142.6048633659534
142.53171753832635
142.44659593198736
142.36529940472448
142.29099265802085
142.21176787953831
142.13033938674693
142.05318773510345
141.97844104517762
141.89439771388064
141.81207320469613
141.73916471963773
141.65553988864482
141.5750170793104
141.4996416067239
141.42240878419133
141.340142581203
141.26152061583488
141.1877449257729
141.10272827016115
141.02006453640627
140.94662182702862
140.865378189993
140.78447633242345
140.7080937467207
140.63236181339695
140.5490806692042
140.4682701646771
140.39517869531136
140.31016035598392
140.22908467436517
140.15450817495736
140.0756525967299
139.99402480589958
139.91662984906003
139.8420105064583
139.75775084119334
139.67516756107642
139.6021855870267
139.51882031123026
139.43822804452168
139.36267054569583
139.2856064109615
139.2031652135921
139.124268397249
139.05054162927632
138.9653855230751
138.88278741601997
138.80919215161654
138.72813616139607
138.64710915191202
138.5706008372965
138.4949161976243
138.41150584086347
138.33050652606659
138.2573885587094
138.1723650003785
138.0912826672663
138.0166033895803
137.9377801112469
137.856062316603
137.7785906190346
137.7039394297906
137.6196075782106
137.53696136946616
137.46392614257186
137.38049179434603
137.299830273921
137.22423473817298
137.1470839988858
137.0646035238588
136.98572027969226
136.9119078256557
136.82671695166079
136.74399176842445
136.6703911262503
136.58913496417492
136.50807731731325
136.4315850567033
136.3557500195976
136.27235887065348
136.1914995887822
136.11828771132932
136.03309872183516
135.95181680807625
135.87719591015124
135.79807686865243
135.71637820335226
135.63900523944716
135.5641626379475
135.4799065571333
135.39739789668278
135.32433159420478
135.2404908169707
135.15975603022983
135.08426838353296
135.00676584248322
134.92438124263322
134.84579510151076
134.7717541326503
134.68665681220455
134.60367051189337
134.53020124132576
134.4483374442372
134.36733790682035
134.29101052774928
134.2148040565642
134.1315880234219
134.0512252495502
133.97782328395482
133.89239563037557
133.81063979543717
133.73625567647412
133.6564665090575
133.57489336696617
133.49776899736685
133.42255880908363
133.33852606481398
133.25645733237948
133.18333080010447
133.09880774064442
133.01790791768272
132.9426725073148
132.8645190417835
132.78234335303262
132.7042611231465
132.62983162401284
132.5450073841388
132.4619318633071
132.38864872282272
132.3057746671454
132.2248733024607
132.14887294042913
132.0720155933366
131.98913538460812
131.90963515244619
131.8358772375473
131.75039592430957
131.6678028011366
131.59385256390507
131.51291957866204
131.4315746705601
131.35481872027654
131.27901733020641
131.19535567312994
131.1141485935162
131.04083826052204
130.9555571977348
130.87417859900907
130.79935879325586
130.7201812482463
130.6382948517534
130.56079764668357
130.48580192858046
130.40142044939438
130.31884276565467
130.24564170345175
130.16148008888695
130.08054892368528
130.00501862386773
129.92716998935953
129.84472900686907
129.76626696563957
129.69193290489488
129.60683416745238
129.52361961710858
129.45015371336723
129.36758256217507
129.28651140960676
129.21028782822694
129.1335550524403
129.05044984550742
128.97060847587196
128.8968534371085
128.81123185048125
128.7287037480749
128.65455777768614
128.5737547914471
128.4922486132899
128.41535655896467
128.33953780079116
128.2557370698451
128.17437741293293
128.1009923790697
128.01562668001193
127.93414998621238
127.85923746444315
127.77996120329361
127.69797845214256
127.62043518426654
127.54531425735973
127.46088221417484
127.3783094899212
127.30502368665925
127.22060796022572
127.13954261354822
127.06401068885376
126.98589432231203
126.90343707873187
126.82508643176254
126.75054032392136
126.66547731967015
126.58219676969931
126.50873182330743
126.42564587675209
126.344524217797
126.2683931554019
126.1912697191644
126.10825658771746
126.02878798313213
125.9547652176976
125.86913936751317
125.78611827103867
125.7121429084754
125.63059643460447
125.54914074425214
125.47240962629903
125.39614505405336
125.31251633070309
125.23170848224254
125.15808799236714
125.07236537146548
124.99032059649338
124.91565745296873
124.83555659806966
124.75368843554936
124.67641721799389
124.60081943884536
124.51663518982487
124.43465291509992
124.3612300910621
124.27601969971435
124.19461376990591
124.11937469405828
124.0403784224027
123.95812640672547
123.88029138078993
123.80520763285057
123.72050866895661
123.6376249285401
123.5642140106568
123.47986529955342
123.39866590021464
123.32293934965831
123.24482466315976
123.16217946476567
123.08365237325931
123.00901559742164
122.92379370235487
122.84037337975076
122.76678510020005
122.68353309874432
122.60226011022931
122.52604349425627
122.44872349311466
122.3656223160357
122.2861847818219
122.2119696264356
122.12626134072086
122.04296289679122
121.96897007087212
121.88697262281191
121.80543736339591
121.72872631641181
121.65212034285823
121.56851717313342
121.48800187180626
121.41413811044204
121.32820992094993
121.24563953106245
121.1710950985082
121.09030752841615
121.00844207736718
120.9312945718986
120.85525891912955
120.7711988309747
120.68969773409495
120.61604886284988
120.5303060289687
120.44838842810908
120.37335261951004
120.29351483344655
120.2113479272171
120.13380659636226
120.05819428820962
119.97374378580595
119.89145572580854
119.81789692129337
119.73258453262127
119.65101296621256
119.57559220203771
119.4964616723177
119.41402664063011
119.33608679598852
119.26080354010779
119.17599295393028
119.09307867316137
119.01951827379027
118.93476043690919
118.8533271244013
118.77757303807417
118.69902176481357
118.6163224485117
118.53794058412312
118.46294389363695
118.37777543366731
118.29438244556337
118.22073977848436
118.1366362328203
118.05520734676334
117.97912806438339
117.90110498954347
117.81812022467108
117.73921590894223
117.66449270247321
117.57895971012263
117.49529685356086
117.42147971275425
117.33813144832409
117.25660259941245
117.18018897205928
117.10266851887295
117.01936699813704
116.93983821030686
116.86537972033949
116.7795051528747
116.69588877178445
116.6217943074724
116.53926653769155
116.45755904445545
116.38081446699374
116.30375782827363
116.22012396101815
116.1399067016147
116.06568104720743
115.97956667528193
115.89630064615
115.82186121821073
115.7401223552582
115.65820291411049
115.58116618169811
115.50449354277218
115.42055507826198
115.33969778462935
115.26564122291238
115.17944530402038
115.09660519979562
115.02183798055921
114.94074130045169
114.85862580263309
114.78135416345712
114.70496128729995
114.6207762668451
114.53941105283737
114.46545372884829
114.37928991368042
114.29676512940799
114.22174173172681
114.14109684815053
114.05882288890325
113.98136798432222
113.90515855312823
113.82078518054362
113.7390510041144
113.66513957033358
113.57904340892657
113.49670282688083
113.42149493423378
113.34113877240557
113.25874262427239
113.18114795651361
113.10504682399323
113.02053358678978
112.93854555476013
112.8646454176903
112.77860447152955
112.69635292437812
112.62101672180401
112.54082536253114
112.45833706201847
112.380641612607
112.30459126584817
112.21997895097027
112.13783087578891
112.06392010222778
111.97790068542328
111.89567289503009
111.82025299544597
111.7401288869607
111.65757403963666
111.57981473617106
111.50376810352999
111.41909319331567
111.33686629575001
111.2629297436204
111.17689010675826
111.09463689504103
111.01917172113373
110.93903106211492
110.8564328015644
110.77864532001378
110.70256053983351
110.61785717647288
110.53562646238454
110.46165165092364
110.3755494823791
110.2932275782892
110.21775262439758
110.13751774762855
110.05489749843386
109.97711555913129
109.90095323609954
109.81625357816391
109.73409064480552
109.66006490587755
109.57386391783147
109.49142939951034
109.41597844832884
109.33557464101466
109.25295194945677
109.17520551581916
109.0989279424204
109.01426124191065
108.93223352971171
108.85814224864615
108.7718191034273
108.68922418047234
108.6138290978605
108.53318463019706
108.4505763255957
108.37288932588118
108.29646115347585
108.21185192859814
108.13001885944233
108.05584492141271
107.96939499544744
107.8865889145954
107.81127811793664
107.73032680750792
107.64774595048284
107.57013459469309
107.49352422294866
107.40899051955869
107.32739837939866
107.2531229244612
107.16656227040373
107.08349721331187
107.00829355091219
106.92697825569125
106.84443351432594
106.76690647841282
106.69008721378428
106.60564020872563
106.5243195367136
106.44992349395389
106.36328513663497
106.27992554123043
106.20484470826486
106.12311895151787
106.04061484684098
105.96317599043309
105.88612531708928
105.8017711286421
105.72073942945838
105.64620442655705
105.55953127191718
105.4758623349807
105.4009131118805
105.31873789631683
105.23627598001404
105.15892888873137
105.08162495906008
104.99736835814282
104.91663803468184
104.84194535072653
104.75528475050979
104.6713177602882
104.59650428966226
104.5138390899148
104.43141951200872
104.35417271931527
104.27658765262541
104.19243657946991
104.11202508347775
104.03715208222634
103.95055592324444
103.86633457675296
103.79165882941645
103.70844789850017
103.62606987871443
103.54894220056894
103.47103209612635
103.38700226477883
103.30694158058326
103.23185562954089
103.14538626785402
103.06100484408773
102.98646616137887
102.90262194493883
102.82028030435231
102.74330718155478
102.66499679726853
102.58111587554366
102.50145817511904
102.42610755836584
102.33984702107034
102.25549250492753
102.18107868524918
102.09646908149729
102.01413828829452
101.93737931367083
101.85853792518773
101.77484756316314
101.69566654141688
101.61996742752791
101.5340244990135
101.45003428922786
101.37569695138963
101.29016820183449
101.20775046890348
101.13129671621502
101.05170675360833
100.96825627347582
100.88961792166721
100.81344627499945
100.72793663207663
100.64477059083417
100.5703865082366
100.48392332391197
100.40113832145731
100.32510857932783
100.24447109780702
100.16129074408582
100.08318626328418
100.00640252530485
99.92137500664442
99.83934333391716
99.76472378784138
99.67771959629938
99.59412651846016
99.51862510593622
99.43666846709897
99.3537455328459
99.27606177970641
99.19857797534424
99.11396985961136
99.03300135498601
98.95799908162654
98.87102676858584
98.78659781259806
98.71159122892267
98.62823614175494
98.54551454029209
98.46816556638174
98.38993744263269
98.30567441411247
98.22558467088112
98.15012411123429
98.06351174151618
97.97886943202198
97.90420027675302
97.81943284701121
97.73680874510652
97.65983886459816
97.58072296739867
97.49680950229379
97.41755485781505
97.34152331159262
97.25547648294625
97.17154629770529
97.09699858505829
97.01075966840956
96.92793818270681
96.85149239594764
96.77111958791352
96.68759257591675
96.60915251798092
96.53234928134326
96.44699735367271
96.3645842164175
96.28981734053411
96.20260683316718
96.11884881170207
96.04311988774252
95.96099200048376
95.87783504503781
95.80002032428597
95.72226664787826
95.63752211973585
95.55661638948126
95.4813251995628
95.39423191225931
95.30943560690646
95.23439568127372
95.15028541652212
95.0673981780072
94.99006264676201
94.91123403384519
94.82696845498262
94.74723707984158
94.67126866022208
94.58482686278288
94.50041119093025
94.42569344342267
94.33962530923397
94.25668725015194
94.1799544717059
94.09968953839457
94.01590702901085
93.93723074789914
93.86035914460975
93.77478126851727
93.69214923865282
93.61723890504094
93.52984216007101
93.44587892359411
93.37000874196748
93.2876350995312
93.20430692908553
93.1264138724271
93.0483850493385
92.96355751923858
92.88277183034856
92.80720652095975
92.72007144814835
92.63505017408505
92.55999570040487
92.47514042056629
92.39210414479936
92.3148164090305
92.23539252855593
92.1511454211411
92.07174001091207
91.99528221622711
91.90906255340907
91.82524058233801
91.7503644806569
91.66328776482933
91.57981326350856
91.50335745138338
91.42190461901723
91.33821586758303
91.2599244752506
91.1822523031217
91.09702531613853
91.01553714563747
90.94009901873378
90.85260101209845
90.76755169995668
90.69217089220741
90.60788425310646
90.52463342462154
90.44706522038256
90.3678809398687
90.28336403859726
90.2035974475896
90.12719854493686
90.04067000002163
89.95642157611941
89.88144178681583
89.79443758946796
89.71092971617617
89.6342443079212
89.55289305285451
89.46901177942993
89.3905624741437
89.31283319056905
89.22744916257075
89.1458363179896
89.07028058226157
88.98264984063408
88.89743991285226
88.82196580871953
88.73741827829568
88.65402712695403
88.57640417888899
88.49695614094838
88.41237097052863
88.33268129847056
88.25602178207131
88.1695346475057
88.08555478293553
88.01042956996395
87.922948530244
87.83905191614193
87.76246683819407
87.68043591194454
87.5965342129917
87.5182079806188
87.43999840148015
87.35472557052564
87.27362690723112
87.19769019045732
87.11020974453977
87.02482475377914
86.94949111205547
86.86374730452367
86.7802513960244
86.70282893247662
86.62250368099478
86.53805452505567
86.45886625096634
86.38155683572413
86.29548373763706
86.21266229416393
86.13719951560074
86.04916512525526
85.96421336398075
85.8881352102873
85.80441140677881
85.72062985642901
85.64261799607605
85.56341730188922
85.47844272743517
85.39828043327284
85.321619292458
85.23472294148925
85.1502423007768
85.07493374883734
84.9873646726411
84.9033089461928
84.82644414998948
84.74432199241447
84.66015276282914
84.58166513901655
84.50320392062635
84.41776243436784
84.33668997946587
84.26044231324423
84.17288815401332
84.08743951742457
84.01198977369958
83.9254177469987
83.8416080881229
83.76420827418694
83.68309520861206
83.5985822847125
83.51961316113265
83.44164418376104
83.35575105913125
83.27378687328856
83.1977991489653
83.1097458909205
83.02399752725738
82.94822914506327
82.86266070390576
82.77877360320603
82.7009857226834
82.62053225272405
82.53571324136755
82.45627864308423
82.37864466631618
82.29233015808013
82.20954395478206
82.13370204698151
82.04534361065211
81.9597331830376
81.8835917022864
81.798818615258
81.7147550407613
81.63669627626844
81.55663542832964
81.47157223281272
81.39177635759998
81.31432206360036
81.22768722506216
81.14432294625347
81.06851691534193
80.98002032782652
80.89457629166881
80.81815108423434
80.73379439286977
80.6495653133913
80.57134337533773
80.49141787999392
80.40619359681382
80.32620700868182
80.24876782720588
80.1619625071825
80.0783754284474
80.00251373796398
79.91391682795093
79.8284270740475
79.75187869162593
79.66749496533356
79.58314927184371
79.50485697150144
79.42482504532325
79.33952154564614
79.25952493697078
79.18194265467159
79.09511967492317
79.01166943889456
78.93567275246767
78.8469676513981
78.7611982929318
78.68468850739546
78.59984068670583
78.51542452990901
78.4371434107437
78.35677205865939
78.27145979494465
78.19160923141865
78.11373142821435
78.02702450038811
77.94403323568196
77.86780718665709
77.77908408569407
77.69291723893505
77.61657902649324
77.53083010955986
77.44636157486454
77.36817747903534
77.28720402568234
77.20194400437936
77.12236711527001
77.04402540806282
76.95754732148332
76.87528765511121
76.79869852155572
76.71020519941625
76.62394245294124
76.54782336165691
76.46071139031613
76.3761041005032
76.29816103959179
76.21618099747609
76.13103889508758
76.05185409899113
75.97280429202732
75.88665751346834
75.80535527536433
75.72819680361947
75.6402855963176
75.55499772614597
75.47891595566811
75.39022825479056
75.30495840044486
75.22754318091022
75.14381110521522
75.05883930915466
74.9800862099748
74.89996007214154
74.81417136384782
74.73385775683526
74.6558655724654
74.56873397972277
74.48538815083545
74.40887196759864
74.31979173276649
74.23322770384468
74.15663699915429
74.07022039531303
73.98535112584615
73.90700312227644
73.82530974174763
73.73981081589605
73.66029859509226
73.58121100818948
73.49475220414114
73.41318634135983
73.33583381991068
73.24768037432048
73.16226873747216
73.08595272527282
72.99687400455309
72.9111738699371
72.83364623589
72.74929840199869
72.66409310665988
72.5852666686254
72.5045702590173
72.41866615457258
72.33853276347224
72.25995239416034
72.17294905052918
72.0903918953667
72.01331159910738
71.92445155371834
71.8379434982015
71.76146216512488
71.67308622366771
71.58771597312142
71.50963347161463
71.42623965314738
71.34073428884973
71.26159729969025
71.18126591089754
71.09507515602563
71.01456690932797
70.93611155266483
70.84877812369585
70.76572844489452
70.68864574190187
70.5994489505548
70.51259369202343
70.43591783282785
70.34770738562057
70.26223186511764
70.18392593636143
70.10060327814445
70.01490473031632
69.93563154495381
69.85519412803309
69.76885998672905
69.68830049810994
69.60964546577608
69.5222536480188
69.43936154853616
69.3620335851215
69.27286445393085
69.18613752345179
69.10938903200405
69.02045591645154
68.93461977920246
68.85638056920715
68.77226954825083
68.68648024831552
68.60726605952057
68.52623409986819
68.43990320455644
68.35962149213003
68.28041558200384
68.19323480988324
68.11112901259642
68.03325622572022
67.9445918984206
67.85908922387787
67.78216367642197
67.69214590957701
67.60523594898916
67.52751545101279
67.4413422968626
67.35552114398944
67.27649179460622
67.19419893692512
67.10793743512706
67.02808897169761
66.94792501590715
66.86106265232783
66.77996252539887
66.70121344291222
66.61333671584737
66.52999505093585
66.45237989831053
66.36281130791092
66.27578552654394
66.19870455287432
66.10917250760265
66.02278351138746
65.94432854502008
65.859408278828
65.77325043415149
65.693897855869
65.61205062935376
65.52549526748322
65.44535647089165
65.36526553209487
65.2781355385761
65.19680660669239
65.1179341716684
65.02984744965866
64.94641394042719
64.86857220475248
64.77887763310989
64.69187377525134
64.61460923694776
64.52455285647297
64.43771455583318
64.35922208118545
64.27355599832103
64.1871891399013
64.1077748445491
64.0253055867991
63.93861701237132
63.85856191219973
63.77786302498615
63.690742409915295
63.60980474238746
63.53026522413272
63.44246622773588
63.36010150804375
63.281514879087595
63.19256225759424
63.107587024376066
63.02986269284889
62.93925240667801
62.85117592993536
62.773435159740814
62.68442418939314
62.59774019726815
62.5185858044761
62.43391153317293
62.34716648835548
62.26742131621201
62.185208156308164
62.09820538900474
62.01791354611331
61.93709792876653
61.84973523991072
61.76872337798337
61.68883677296573
61.60093543771517
61.51882016852268
61.439718696144105
61.350936748728564
61.26689442184442
61.18858294733481
61.09833241325171
61.01099432370153
60.93321118546666
60.84227544127966
60.75450801319796
60.67571876694321
60.588677951478836
60.50169610476854
60.421998322914234
60.338222459572386
60.25107401510965
60.17098645669344
60.088927858662416
60.00158814036994
59.921103809124666
59.84002104340396
59.75242931317337
59.67146108909915
59.59102226397684
59.503085829938065
59.42145009402011
59.34155048447431
59.2531054293848
59.170440722812316
59.09110846915452
59.00184281866744
58.91739667436485
58.83872020233033
58.748092498497456
58.66057152574904
58.582401685302884
58.49086502359989
58.40240435708949
58.32341472632908
58.23530617743688
58.147849610700376
58.06792258396828
57.98316198451518
57.895634350290194
57.815433858450234
57.732388611987325
57.64478471571483
57.564399355588726
57.48223241283407
57.39454160389961
57.31400782904405
57.23228598774021
57.144505993920234
57.0638385411837
56.98234507649222
56.89447425548161
56.8136808161076
56.732307155561514
56.64434484239012
56.563430193220256
56.482120990587696
56.394067293910354
56.31303507846849
56.23176100049583
56.1436166303797
56.06247035386
55.98121446755134
55.892980676853576
55.81172427647643
55.730475326500816
55.64215399065649
55.56079240983588
55.479541375018634
55.39113524370746
55.30967500924224
55.228413144322175
55.139926173598134
55.058376223005055
54.97709377920011
54.888531632765265
54.80690434378601
54.72558938793253
54.636960109369255
54.555272715184316
54.47390981680225
54.38522471751034
54.30350106449818
54.222069650035785
54.13334437795268
54.05161704348098
53.97008917065924
53.88134477703841
53.799657081946854
53.717994554899064
53.62925811324412
53.5476652652029
53.465816213462496
53.37712022222391
53.29568797502856
53.213583413598215
53.12496248752838
53.04376095020784
52.96131292961968
52.87279639690239
52.79188704276847
52.708989489493625
52.62059067381342
52.540006308813325
52.45655180647759
52.3682560469323
52.28798477345555
52.20388914610647
52.115652784232324
52.035634249197784
51.950867010066894
51.86263081289256
51.782771932045044
51.69737580101465
51.60908584704436
51.52928947406032
51.4433705809003
51.354992774464684
51.27518257629153
51.18887464576204
51.10039596519448
51.020526466065625
50.93395160919526
50.84537280146879
50.76542568861746
50.678671153832866
50.58999852234933
50.509972875249865
50.42308700575217
50.33432707269362
50.2542298183229
50.1672302140471
50.07838739852935
49.99822678616495
49.911112229760846
49.8221884051525
49.74197066727387
49.65473156166169
49.56572649273306
49.48545484897936
49.39808014206359
49.30899226871949
49.2286672618634
49.14114805468795
49.05197521229212
48.97159560081976
48.88392618169054
48.794666098158615
48.71422975886663
48.62640715519209
48.537057717317914
48.456562301838865
48.368585359864625
48.279144672624795
48.198587981880166
48.11045635532482
48.02092270703803
47.94030279409538
47.85201627061309
47.76238807254921
47.681703226684206
47.593261363176794
47.50353705029842
47.4227857174075
47.33418772903332
47.24436569059195
47.16354636766227
47.07479112968756
46.98486972448968
46.9039809012918
46.81506708160945
46.72504458644959
46.64408468958291
46.55501084726534
46.46488552717021
46.38385295435805
46.29461757679944
46.204387626327936
46.12328074188723
46.03388227194997
45.9435458729869
45.86236298258971
45.77279984295771
45.68235512289728
45.60109450355925
45.51136504487211
45.42081010892457
45.33946999940503
45.24957255495837
45.158905468890026
45.07748408319612
44.98741693788982
44.89663572089547
44.815131241933436
44.72489258528537
44.633995241554686
44.55240581072115
44.46199381086248
44.37097828310536
44.289302016736286
44.19871474569243
44.107578937008846
44.02581390726984
43.935049392357016
43.84379115748826
43.76193539423964
43.670991573253126
43.57960872224645
43.497660196888816
43.406534946548284
43.31502524927884
43.23298190798715
43.1416730606379
43.05003422718606
42.96789395386985
42.87639924927631
42.784628924250235
42.70238954522265
42.61070666243063
42.518802444960954
42.436461746888504
42.34458829022026
42.25254774449935
42.17010344473463
42.07803695109678
41.985857552839875
41.90330731986295
41.81104524056934
41.718724420033965
41.636065853326535
41.543605558529045
41.451140674625314
41.36837131081989
41.27571010305613
41.183098450932086
41.10021576080471
41.007350864639726
40.914589671589155
40.831591056373554
40.73851959334228
40.645606024671146
40.562488811432694
40.46920782212635
40.37613896664956
40.29290041495188
40.19940684550972
40.10617970838978
40.02281698416453
39.929107698395406
39.83571919494101
39.75222939452314
39.65830111703163
39.5647481087107
39.48112822180478
39.38697761474377
39.29325685650622
39.209503788173386
39.11512740606612
39.02123556931755
38.93734612086612
38.842740416992896
38.748674096250014
38.664645010777775
38.569806317662156
38.4755619742424
38.391389846562774
38.296314365905786
38.20188839260374
38.11756972683972
38.02225354478086
37.927642219393945
37.843173397255576
37.747612483948
37.652811975285914
37.56818927129965
37.4723794622704
37.377385824385684
37.29260537058849
37.19654235518671
37.101351522527104
37.016409323915376
36.92008866995864
36.82469645717003
36.739588381282495
36.64300552330121
36.54740761380529
36.46212940041261
36.36527958514443
36.26947154022401
36.18401876891427
36.08689709804779
35.9908743055706
35.90524237989822
35.807843770240105
35.7116014935291
35.62578566408432
35.52810490313607
35.431638254582495
35.34563359501759
35.247665277111146
35.15096920575945
35.0647706216071
34.96650912808829
34.86957839431137
34.78318056948816
34.68462011878924
34.58744932518202
34.50084675913057
34.401981337988865
34.30456489368679
34.21775186899763
34.11857527740628
34.020907398474726
33.933877980621986
33.834383771856146
33.73645846081775
33.64920644836718
33.54938793978317
33.45119897775517
33.3637179459581
33.26356823918296
33.16510919342904
33.07739244864272
32.97690437773111
32.878168576786656
32.79020915391573
32.68937528270267
32.59035578872391
32.50214642557988
32.4009590262934
32.30164863391033
32.213181758669705
32.11163280570921
32.01202402368656
31.9232917163266
31.821372873604627
31.72145790005226
31.63245191063139
31.530154545936227
31.429925302375675
31.34063700639408
31.23795213340551
31.13740016950617
31.04782055473465
30.944738818894866
30.84385532514391
30.75397496960963
30.650486639673563
30.54926244630063
30.45907149400369
30.355166427613394
30.253591945345235
30.163080061647257
30.05874771108461
29.956812930635476
29.865969277803536
29.761198632303994
29.658893074998474
29.567706286638014
29.462485877136416
29.35979858013025
29.268256745004322
29.162574305115335
29.059493903746986
28.96758437545067
28.86142748719471
28.75794194225209
28.665651534997018
28.55900720772761
28.45510388411288
28.362418723055885
28.255273344991068
28.150938991595137
28.057844468040134
27.950183750195723
27.84540442563846
27.751885136149752
27.64369409575399
27.538455091543927
27.444494763364172
27.33575771804986
27.23004357262796
27.135625013822448
27.02632546441944
26.920119855520877
26.82522486176422
26.715345483696783
26.608631205851246
26.51324050886171
26.40276311016889
26.29552198485171
26.199615127785517
26.08852052354322
25.980733344714835
25.884288587123255
25.772556577748126
25.66420304142785
25.567197282160112
25.45480656954755
25.345865232639078
25.248273853299963
25.135201935291448
25.025650084012085
24.927446799571552
24.81366984976936
24.70348348732502
24.604640207054906
24.490133074818754
24.37928681501113
24.279773460160193
24.16450948554364
24.052976492756617
23.952760814665933
23.83671175321835
23.72446369873319
23.623511019987607
23.506646938717736
23.393653886580793
23.291926894028464
23.17421608246894
23.06044643324921
22.957904880115905
22.839313709860797
22.724734132256536
22.621334556829858
22.501827426110204
22.38640268858681
22.28209807646428
22.161637266850228
22.04533008446753
21.940069483899318
21.818615033138116
21.70138581696816
21.595113914699862
21.472623528030446
21.354430030588105
21.24708670226505
21.12351557299607
21.00431248023221
20.895832246078072
20.77113296090629
20.650871278121006
20.541182691317015
20.415305024222448
20.2939313443848
20.182956257810627
20.055847061398957
19.933302702679153
19.820955411817433
19.692558521580892
19.568778435571097
19.454964659213445
19.325220857436776
19.20013241199885
19.084748066075157
18.953595190970333
18.82711662272166
18.710046343373115
18.577418972630273
18.44945779550496
18.33057291380499
18.196402985102115
18.066853789927173
17.946010094711426
17.810228600531598
17.678969940937336
17.556005194091455
17.41854203766209
17.28543334385889
17.160163491834755
17.020948470722093
16.88582575221314
16.75803996574416
16.617004041968876
16.47967444613429
16.34912826232946
16.206205350124172
16.066439860852512
15.932845163334985
15.787974555575522
15.645497664272268
15.508507255613424
15.361637132970325
15.216111200311724
15.075293407997389
14.926385979321765
14.777384840593584
14.632177862228891
14.481216562304327
14.328175574504849
14.177789503653726
14.024789091049884
13.866892416782417
13.7101232887548
13.555110997460512
13.391005991030225
13.225791852917775
13.06861668801003
12.89552560434378
12.719148786199579
12.558077774488115
12.37049654263607
12.191582896068658
12.017675850853742
11.829562974942208
11.645140068165585
11.451661868297474
11.269653979891304
11.065394777373982
10.859154917505945
10.665298585946312
10.449780515770621
10.24058176992167
10.01014887733288
9.802557141623284
9.556213921844867
9.327678401639936
9.071602612454441
8.83892945122441
8.562702571213379
8.304068077803187
8.001428510233561
7.730159369637961
7.424915933683882
7.108290406034931
6.772641945067944
6.40431505244968
6.0492411287543035
5.645522344858309
5.2101483803361255
4.742173666400175
4.167261083052402
3.529312441273528
2.804180996760844
1.9099698602091824
0.6702505755903838
1.0e-10
