19.87737096372419
19.874067903013806
19.84107422645099
19.51476345931837
18.87040534624287
18.10906169981214
17.223974400264236
16.255787820682816
15.220816208826681
14.147271776491984
13.050760719960142
11.941269239491458
11.060293300810185
10.52622154325036
10.18820532551087
9.965398247868757
9.81852534812123
9.72224419950204
9.659512536768919
9.618717333189574
9.592054617140585
9.574470597144224
9.562519897409134
9.555044540965742
9.550331568566659
9.547441231414695
9.544767264243395
9.54225473852599
9.53984936303606
9.537621725253624
9.535530415757528
9.533451828056453
9.531270843720561
9.529227599692696
9.52705588805769
9.525109609038827
9.5232090529496
9.521140345868332
9.519175347326676
9.517097687156154
9.515289586604512
9.51333037635966
9.51133190261812
9.50926953192696
9.507454098746509
9.505554475069035
9.5035246474585
9.501521965057597
9.499683149282408
9.49781869734152
9.495776229388152
9.493807869491436
9.49195853674203
9.490110381409467
9.488066042579668
9.486109151806806
9.484259759977816
9.482416378089141
9.48037390347189
9.478417731951753
9.47657243363724
9.474728342399608
9.472688798527894
9.470728997975861
9.468888544863477
9.467041768829127
9.465005165735151
9.463040773108306
9.461204457878683
9.459354882044977
9.457320733219248
9.455352456216149
9.45351918367973
9.451667482042572
9.449635177074581
9.447664240462355
9.445833055748771
9.443980041169514
9.44194907836873
9.439976578600431
9.438146842043196
9.436293156953433
9.434263220454362
9.432289896112339
9.430461263754024
9.428607306343551
9.42657824351147
9.42460448868768
9.422776823209315
9.420922786888648
9.418894551429252
9.416920518644401
9.41509379662196
9.413239743399757
9.411212342906934
9.409238051856564
9.407412297980049
9.405558223357584
9.403531683459605
9.401557098946592
9.399732347315883
9.397878223656994
9.395852569988156
9.393877646787365
9.392053924066982
9.390199722366171
9.388174973098481
9.386199675433186
9.384376996667882
9.382522696154103
9.380498862406393
9.378523168720461
9.376701539699457
9.37484712801388
9.372824214817891
9.370848114807094
9.369027534851146
9.367173006281313
9.365151015514307
9.36317450625406
9.361354971587541
9.35950032451479
9.35747925666513
9.35550233975508
9.35368384622956
9.351829080406398
9.349808935702002
9.347831612875641
9.346014155929046
9.344159271187667
9.342140049940847
9.340162323275607
9.338345898680103
9.33649089469274
9.334472597330159
9.332494469021091
9.330679073557008
9.328823950272945
9.326806578245938
9.324828049185529
9.323013680105275
9.321158436072475
9.319141990755199
9.317163061504717
9.315349716097035
9.31349434926955
9.31147883225349
9.309499503073642
9.307687179130417
9.305831688225332
9.303817101196955
9.301837372570683
9.300026067983913
9.298170450685554
9.296156795649575
9.2941766672127
9.292366380092936
9.29051063417929
9.288497913520326
9.286517385667874
9.284708114495128
9.282852237236353
9.280840453065558
9.27885952501895
9.277051268189876
9.275195256386677
9.27318441116046
9.2712030829955
9.269395839142723
9.267539690336793
9.265529786579533
9.263548057920461
9.261741825922178
9.259885536639233
9.257876577202941
9.255894447606515
9.254089226716287
9.252232793608052
9.25022478160946
9.248242250243063
9.246438039794784
9.24458145895603
9.242574397612175
9.240591463608807
9.238788263121085
9.236931530068839
9.234925422816481
9.232942085262737
9.23113989421002
9.229283004786364
9.227277854820612
9.225294113469706
9.223492931604861
9.221635881549599
9.219631693226543
9.217647546897274
9.215847374637802
9.213990158463671
9.211986935938912
9.210002383376215
9.208203221174637
9.20634583367227
9.204343581377705
9.202358621203894
9.200560469934748
9.19870290542936
9.196701628128407
9.194716258766823
9.192919119224094
9.191061371435877
9.18906107449847
9.187075294706588
9.185279168623847
9.18342123083025
9.181421920118352
9.179435727567945
9.17764061654568
9.175782481360887
9.173784162987964
9.171797555721996
9.170003461897888
9.168145121709891
9.166147802081284
9.164160777900578
9.162367703822513
9.160509150405156
9.158512836509303
9.156525392737125
9.154733341041123
9.152874565600701
9.150879264912952
9.148891399215003
9.147100373041823
9.145241365880544
9.14324708656499
9.14125879623243
9.139468799220346
9.137609545504537
9.135616296825072
9.133627579051147
9.131838613556134
9.129979104121038
9.127986893863783
9.125997747904242
9.124209817054897
9.12235004210578
9.120358878890505
9.118369303510676
9.116582411360042
9.114722359473124
9.112732253511606
9.11074224629239
9.108956398144194
9.107096056343002
9.105107019085933
9.103116576987881
9.10133177904478
9.099471133197184
9.097483177185051
9.095492296791559
9.093708556366428
9.091847590242118
9.089860729635012
9.087869406358935
9.086086731157257
9.084225427341957
9.082239677336844
9.080247906946704
9.078466306215438
9.07660464537266
9.0746200230879
9.072627800609324
9.070847284357331
9.068985245692373
9.067001769525557
9.065009089916936
9.06322966972213
9.06136722988183
9.059384920840987
9.057391778471995
9.055613467005992
9.053750600083253
9.051769480790902
9.049775869763671
9.04799868148906
9.0461353590919
9.0441554549536
9.042161369611412
9.04038532059375
9.03852151098373
9.036542851054667
9.034548285255461
9.032773394179877
9.030909061632066
9.028931678318148
9.026936625126682
9.025162912587408
9.023298016485423
9.02132194620939
9.01932639963
9.017553889236298
9.015688383771314
9.013713668128029
9.011717622133984
9.009946341086552
9.008080174260865
9.006106861527684
9.004110310512845
9.002340290185167
9.000473401765044
8.998501547555158
8.996504487257912
8.994735763983396
8.99286808338497
8.990897753135009
8.988900180610171
8.987132797278317
8.985264242018845
8.983295512928
8.98129742864504
8.979531435472225
8.977661906750656
8.9756948714525
8.973696280342178
8.971931737187065
8.970061116382158
8.968095887219517
8.966096802762372
8.964333781629781
8.962461923107996
8.960498638428824
8.958499087345468
8.956737675816193
8.954864398212587
8.952903231369623
8.95090326191252
8.94914356807713
8.94726864089221
8.945309813820398
8.943309511240992
8.941551670001314
8.939674793086498
8.937718595616635
8.935718107829516
8.93396228940524
8.932083061954271
8.930129882776681
8.928129469581798
8.926375891185488
8.924493760842584
8.922544135107925
8.920544258545114
8.918793198116873
8.916907376310808
8.914962063580385
8.912963567376206
8.911215375367494
8.909324689922471
8.90738480193222
8.905389265606726
8.903644357271396
8.901746985116002
8.899814188062088
8.897824621415827
8.896083390742966
8.894176372756515
8.89225317452028
8.890275228983711
8.888537704417192
8.886616125473902
8.884706089468887
8.88274939743288
8.881014246695228
8.87907039996804
8.877177455127494
8.875254485494906
8.87351710500767
8.871542572060918
8.869667004774307
8.867786275501922
8.86603751108852
8.864035305982126
8.862163879405806
8.860325520989356
8.858553737171372
8.856548682211654
8.854650039167119
8.852850228704234
8.851046179961786
8.849060111157273
8.847114642114418
8.845343228365088
8.843507787880522
8.841540865512107
8.839564852447266
8.837808105357595
8.835951223423104
8.833996830586246
8.832008761669183
8.83025920853909
8.828388975249652
8.826443519817854
8.824452278296604
8.822707693814813
8.820827267782969
8.818890183141427
8.816900876805471
8.815160902222953
8.813269998004468
8.811342605737941
8.809360786175914
8.80762545515938
8.805720992172303
8.803806171707688
8.80184067129426
8.800109347560507
8.798184969210958
8.796286860686422
8.794350932393863
8.79262043947643
8.790666644893404
8.78878823898139
8.78689461384896
8.785156885995605
8.78316922587916
8.781303712452534
8.779455850316833
8.777698476823582
8.775696284713007
8.773814870083482
8.772009654584918
8.770220340628308
8.768233968624074
8.76630420222434
8.764533493668491
8.762708317642792
8.760744752731188
8.758776387156095
8.757025055918486
8.755172710633554
8.753225362019988
8.751242738964429
8.749500682380644
8.747630460731038
8.745695256337287
8.743711635064983
8.741975796703294
8.74009064744948
8.73816769274927
8.736192521101586
8.734462101273444
8.73255961680209
8.730651782882624
8.72869719513244
8.726970701854418
8.725043567835096
8.723155129990818
8.721236848583395
8.719509151777048
8.71754744679463
8.715679307030316
8.713808253985695
8.71206842676349
8.710075253893997
8.708211732209342
8.706387536910276
8.704621348138977
8.702628098025416
8.700729861341946
8.69894764371982
8.697144008845816
8.695174790272839
8.693224690826616
8.691471571800324
8.689632667574603
8.687685098393095
8.685710278038616
8.683971133147251
8.682107887399383
8.680175980678829
8.678198051687685
8.676466696057368
8.674584284696246
8.672667233845345
8.67070021684659
8.668974763631113
8.667070781852129
8.665171628405227
8.663231412332877
8.661509000086479
8.659574742946923
8.657697412905428
8.655800829664871
8.65407355569801
8.65210100425024
8.65024155438764
8.64839515376592
8.646649187358863
8.644655113485952
8.642784496369414
8.640984927498176
8.639205222773025
8.637226826511561
8.635304093872524
8.633543255821731
8.631723043152917
8.629771065531745
8.627807224335587
8.626068122076
8.624215817050786
8.62228369809285
8.620310308323686
8.618581536902736
8.61670569431584
8.614790609128727
8.612827336023345
8.6111052401101
8.609205067144659
8.607309476315457
8.605375004984554
8.603655897634875
8.601722681278085
8.599850212558929
8.597962397473285
8.596237106905159
8.59426394836609
8.592408366043045
8.590572367219147
8.588825666122805
8.586835296958881
8.584961470102952
8.583173074126764
8.581389314635281
8.579419843606315
8.577488995588288
8.575738171262683
8.573912453380261
8.571970002141287
8.570005016678767
8.568273560110928
8.566415835075638
8.56449387521874
8.562527375266894
8.560805396975821
8.558921614800722
8.557019278207022
8.555073489140211
8.553356915690172
8.551442254143225
8.549563076333488
8.54765932536029
8.545940928940967
8.543985343666002
8.542128619077182
8.540278367119237
8.538543879823083
8.5365575946021
8.534698313883364
8.53289872765736
8.531130819909423
8.529156085772998
8.527245220139019
8.525488930554666
8.52367692084913
8.5217317413074
8.519774759996322
8.518043826944346
8.516194331198877
8.514272718432666
8.512309489864867
8.510589982344467
8.508711177689378
8.50681084818439
8.504868409003224
8.503154747429313
8.501242786172227
8.499366848568393
8.497468534220115
8.495752557306021
8.493797654326084
8.49194446451782
8.49010138456731
8.488367650795556
8.486383575784323
8.484524078932429
8.482732522804291
8.480962852915402
8.478994594554646
8.477078498217153
8.475330024108668
8.473514459811652
8.471576766484235
8.469619680350414
8.46789485605934
8.466041331766391
8.464127967437717
8.462172072372958
8.460457735311282
8.458572235122318
8.456682360037508
8.45475676962866
8.453046285406595
8.451121858550714
8.449258225577294
8.447384902395717
8.445666546364677
8.443697998232153
8.441850568996191
8.440033114066127
8.438288593583923
8.436309404663271
8.434431399438564
8.432664038946163
8.43087591815962
8.428925560352846
8.426986238864307
8.425254949502767
8.423421141812339
8.421499820392581
8.419543081599798
8.417827911689654
8.415958432796721
8.414061684537694
8.412125342260632
8.41041700764283
8.40851006011594
8.406639985657574
8.40475153252674
8.403039919853999
8.401086450384991
8.399239416508783
8.397409111771854
8.395676587987731
8.393697551333476
8.391836516963318
8.390059222238353
8.388286136378019
8.386330072783895
8.384405662808778
8.382670627044218
8.380848713332332
8.378924623881938
8.376971191666678
8.375256746787636
8.373395251415202
8.371497547835114
8.36956055575415
8.36785434106311
8.365954073575425
8.364083874470904
8.36219420505566
8.360485676393306
8.358537545660711
8.356691938894777
8.354861795058943
8.353132901961242
8.351156360346444
8.349298937770827
8.34752307682352
8.345753237676334
8.343799404025718
8.341877591255914
8.340145320571994
8.338325089899197
8.336404423449698
8.334454189740235
8.332743024865236
8.330881234354777
8.328988324903614
8.327058439793069
8.325354992727183
8.323451462077857
8.321587367407968
8.31970928660861
8.318001213992247
8.316048092397297
8.314206505395212
8.312388876399115
8.31065636950596
8.308683163883678
8.306818096533945
8.30505453951283
8.303276849768107
8.30133295996253
8.29940199453361
8.29767893315007
8.29585015188989
8.293939195996327
8.29199378100462
8.29028812721849
8.288417189239393
8.286535093995731
8.284622203974788
8.282921199597688
8.281003552159216
8.27915119300559
8.277297484048468
8.27558535749433
8.273620588181101
8.271780454878268
8.269986193919237
8.26824090053782
8.266277931826345
8.264388516252527
8.262645952032068
8.260849240648371
8.258922182741484
8.256980552433633
8.255269567651757
8.25342362436591
8.251528223140967
8.249596760746964
8.247897026180002
8.246006560521021
8.24414170515127
8.242260420523033
8.240558237709088
8.238615327419572
8.236776432170451
8.234958276104582
8.233232992684723
8.231263656268476
8.229406424393368
8.227644705301529
8.225873658628064
8.223933259245431
8.222007722825099
8.220289238472798
8.218463929515337
8.216558785423539
8.214620474849287
8.212920164684737
8.21104867738918
8.209174833894233
8.207275978505791
8.205578567117275
8.203655338739832
8.201811932324313
8.199976687038252
8.198263141941077
8.196297295459157
8.19445555192521
8.192679896403334
8.190926320353777
8.188977002032024
8.187070730906266
8.185344873517744
8.183535636908859
8.181624090088269
8.17968575606271
8.177984845215622
8.176125958544077
8.1742471872754
8.172339837735722
8.170645073838749
8.168734712130659
8.166888079240454
8.16504353704819
8.163336476084593
8.161376477892919
8.15954084111825
8.157758195351935
8.156014419596618
8.1540615792973
8.152168312933503
8.150438596888769
8.148638979071654
8.146725048014144
8.144789197710342
8.143088801896573
8.141236547749466
8.139356887544036
8.137448316144953
8.135755558769599
8.133850773437688
8.132004214064253
8.130158686528045
8.128454570128213
8.126497806285794
8.124664550454774
8.122882166861022
8.12114164150853
8.119189988666832
8.117300077853931
8.115571735917191
8.113774518820932
8.111862582147298
8.109929256246229
8.108231110475641
8.106379522896532
8.104502914871821
8.102599290596238
8.100908344055679
8.099002144331237
8.097159177821736
8.095320638986367
8.093616514512568
8.091659378708593
8.089826189310067
8.088050927229327
8.086307687492441
8.084361495731986
8.08246556088321
8.08074377494382
8.078941920065374
8.077036256589196
8.075105911399323
8.073411607953751
8.071554715170572
8.069685010064308
8.067792795297759
8.066103093909868
8.064188667671
8.062352206009358
8.060527956313551
8.058820390473725
8.056861512560678
8.055023751804779
8.053261832501102
8.051509625570377
8.04957363066205
8.04766466133005
8.045953360707799
8.044140353341826
8.04224495054254
8.040321060466889
8.038631338396252
8.036762900982788
8.034903885202567
8.033030794042222
8.031340569934596
8.029411684261053
8.02758273904352
8.025779016368137
8.024063162277741
8.02210628289151
8.020253811086596
8.0185106383147
8.016742417667087
8.01482143413378
8.012899739661611
8.011200427543018
8.009370454435293
8.007489265730522
8.005580322221244
8.003894535673249
8.002006925687624
8.00016232935852
7.998317482742113
7.996622579829241
7.994676250359101
7.992850328716226
7.991072771750347
7.989341069756459
7.987396137575037
7.985513520053344
7.983793168740441
7.982001061903742
7.980098869813176
7.97817541622608
7.976486418802693
7.974633962299967
7.9727707003316555
7.970889387943503
7.9692042674360195
7.967289445258909
7.9654602244567165
7.963650263840091
7.961943251687095
7.9599889100205266
7.95814815925697
7.956401338354876
7.954643801400615
7.952721538769701
7.950807232274124
7.949108792644293
7.947286741147317
7.945406457676569
7.943499930740004
7.941817330005089
7.939934746714284
7.938092628525929
7.9362515613017415
7.934559772922596
7.932616425151617
7.930793247095576
7.929020887786536
7.927290777017205
7.925350756128744
7.923467454402649
7.9217530743078495
7.919960204159401
7.918064414974204
7.916146568500776
7.914462270857236
7.912606531462704
7.9107510871804685
7.908883464075536
7.907200054286066
7.905278784555153
7.903455729977696
7.901661028964491
7.899950181374021
7.8980008530246035
7.896150057060277
7.894418054981695
7.8926506033093915
7.890741368164845
7.888824630406082
7.887135965145077
7.8853019882984565
7.88343531401518
7.881548436499948
7.879869012414185
7.877969815045513
7.876140802849705
7.87432699764165
7.8726289982708035
7.870680119831154
7.8688495458631
7.86710198431934
7.8653545737323665
7.8634338249456714
7.861527623377171
7.859832393263292
7.858017237736425
7.856141040646561
7.8542413544574385
7.8525634841865335
7.850683324956932
7.848847259964953
7.847016876347039
7.845327709523592
7.843385910535657
7.841565258053926
7.839804652590563
7.838072774823536
7.836142905136779
7.834253076320882
7.832550303668462
7.830751411164581
7.828867668491886
7.826961289470646
7.825283810633203
7.82341848121523
7.82157658413715
7.819733806154937
7.8180504404685776
7.816117950048938
7.814300947819959
7.812530919212829
7.810809934647254
7.808874503903498
7.807000088472668
7.8052910258441495
7.803504531408616
7.8016157985455195
7.799707266956416
7.798029947219805
7.796174864341586
7.794329403793455
7.792479374263228
7.790799669141159
7.78887487125926
7.787059088506895
7.785283822324779
7.783569557304965
7.781631985224082
7.779767721092766
7.778055202593448
7.77627650777998
7.774385542917234
7.772477359013155
7.770800581652176
7.768951423370879
7.767104834469975
7.765252421420617
7.7635749868169786
7.761654610087016
7.75983975944579
7.758063309307232
7.756352394250119
7.75441509677105
7.752555268464841
7.750842513076229
7.749067196108103
7.7471766685210355
7.745270096671391
7.743594574403059
7.741747345109617
7.739901979554741
7.738051609298295
7.736375434353297
7.7344559295883775
7.732642412003419
7.730868603295275
7.729158133310472
7.727222977441381
7.72536230174382
7.723652455168423
7.721876371567251
7.719988826488602
7.718084901175208
7.716411382886328
7.7145622558443065
7.712720353297654
7.71087622337587
7.7092003146525485
7.707278392890016
7.705466439807661
7.703698817441169
7.701985967212765
7.700054936510387
7.698188425255389
7.696484347483305
7.6947035454203006
7.692821358199631
7.690921689944923
7.689250652576509
7.687395928981335
7.685559508354769
7.683725571944471
7.682048685619285
7.680121944414981
7.678310854807192
7.676552523352267
7.67483434388567
7.6729098790928925
7.671033339849215
7.669337294002387
7.667548091128869
7.665673401855601
7.663780657568587
7.662112081391429
7.6602482054238195
7.658418903186829
7.656598671109177
7.654919134159621
7.652986946443052
7.651174230791841
7.6494278399028195
7.6477011359036045
7.645785988390473
7.643897691778844
7.642211017881027
7.640410035184138
7.638544891618378
7.636663187182862
7.63499646501494
7.633119718810381
7.631298744851451
7.629495446213289
7.627810880065266
7.625875151664863
7.624055475187912
7.622323636727915
7.620584571854146
7.618681537667976
7.616784353449158
7.615107286739455
7.613290974229944
7.61143775017206
7.6095733381417565
7.607907006479286
7.606013038295008
7.604200832228585
7.602417874991158
7.600724526900982
7.59879068442077
7.596954319446963
7.595240134675264
7.593483524170681
7.591595367755101
7.589697872122115
7.588029188275396
7.586193172097471
7.584354424311342
7.582515026426407
7.580846003447948
7.578931863310658
7.577125607446768
7.575366044146159
7.573658273666583
7.571735445566891
7.56987076118515
7.568176576382682
7.566396470537836
7.564525324238186
7.562639151018551
7.560975669701868
7.559115718583645
7.557292290471375
7.555482212690265
7.5538058569070134
7.55187671122326
7.550066029768837
7.548330852543591
7.546602790399757
7.544698508965916
7.542808892904346
7.541132708535863
7.539325618013106
7.53747310805013
7.535610250100161
7.533947794518995
7.532059919432549
7.530250393172357
7.5284708920795795
7.526781339641988
7.524851356533416
7.523017721381888
7.52130830368491
7.519553632325711
7.517670932602263
7.5157789776491075
7.514114976331755
7.5122775860949185
7.510445748578944
7.508618594353419
7.506951044968077
7.505034337585998
7.503231019688275
7.501483735895537
7.499772062392682
7.497859265572344
7.49598560867762
7.494302848212829
7.492513904358686
7.490654430450838
7.48878270221731
7.48712324130245
7.4852513468051125
7.483438809610879
7.481650216558923
7.479969424901635
7.478040634534793
7.476220498162409
7.474504749585571
7.472762582348836
7.470875691406805
7.468985143074226
7.467321159169573
7.465494775988083
7.46366032542453
7.461827908194546
7.4601645722029915
7.458255549184895
7.456454589101705
7.454704557085964
7.452999614723968
7.451085849444337
7.449220164471816
7.4475366225468935
7.4457545018299935
7.443894978044146
7.442024203729197
7.440367032169377
7.438499598178992
7.4366884269047775
7.434901603875463
7.433223389143123
7.431296991379855
7.42947898496374
7.427765918252008
7.426025380577897
7.424141631204171
7.422254121382934
7.420593047473193
7.41876625001648
7.4169358507835526
7.415110526468912
7.413448261064754
7.4115379607643606
7.409738831709172
7.407995941869116
7.406288887056338
7.404381214784447
7.402510977538095
7.400834054197874
7.3990467865160765
7.397194249010126
7.3953330589148205
7.393677867943974
7.391803371866857
7.389998129914649
7.388223539910389
7.386542047419421
7.384618943977957
7.38279223584755
7.381090392981021
7.379340934815212
7.377467345821755
7.375586106529541
7.373930201401756
7.372091652700197
7.370271505727392
7.368465148174153
7.366800030525411
7.3648823437794375
7.363081360658067
7.361354692935094
7.359636041924973
7.357742148875588
7.355861329846203
7.3541964830839985
7.352392060505901
7.350553681367799
7.348714063801051
7.347058738010303
7.345165875504075
7.343368670094996
7.341616097172641
7.3399231718194065
7.338010429882645
7.336159228210254
7.334476556088062
7.3327059969958395
7.33084920524549
7.32898418406078
7.327332429555349
7.325470969726724
7.3236650414880655
7.3218868563125445
7.320212487485926
7.3182918827255605
7.316474768145604
7.314771648239587
7.3130306551888395
7.3111573523973
7.309278934573351
7.307625640097047
7.305792916135131
7.303974696792426
7.3021712440013005
7.300509395607537
7.2985950239263575
7.29679671087009
7.295074257383804
7.293357529664663
7.291468292142384
7.289590084892632
7.2879298171524285
7.286124606666419
7.284292079150606
7.282462296548183
7.280808846579123
7.278913224086197
7.277119674640236
7.275377318317228
7.273681690450143
7.271777045030682
7.2699184677433175
7.2682454357121635
7.266467502423137
7.2646204526926965
7.262768658093105
7.261119576866343
7.2592483149091755
7.257450291017043
7.255688566532958
7.254009371912444
7.252094855048973
7.250264427780553
7.248576357037792
7.246822729382478
7.2449631096324465
7.243097381574471
7.24144945043983
7.239600469666232
7.237795068612159
7.236016131750768
7.234348437376131
7.2324320513208
7.230622505165491
7.228920992906406
7.227186765058678
7.225316437164974
7.223443044566218
7.221793800650263
7.21996436950543
7.218150819886203
7.216355326610061
7.214696121130365
7.2127842545112015
7.210987459512282
7.209273609682445
7.207555761189452
7.205675263290203
7.203800309944218
7.20214736150051
7.200336520094144
7.1985140734109505
7.19670171071013
7.195049082176201
7.193147345248646
7.191356842686854
7.189630760855878
7.187927689393921
7.186037115805779
7.1841686915779635
7.182509530516415
7.1807169788890235
7.178885328287591
7.177057077814097
7.175409235103638
7.1735215955886265
7.171732171508023
7.169994219584555
7.168303982699685
7.166404555245499
7.1645501763095805
7.162883114667644
7.161107604740782
7.159267638125439
7.15742701042092
7.155782232008509
7.153909053170466
7.1521177793191315
7.150369591751033
7.148689336669508
7.146783993121786
7.144945266755832
7.143270634241458
7.141509216166565
7.139662800403086
7.137814088833337
7.136171115790909
7.134310001346165
7.132516229200406
7.130760311332159
7.129087148765115
7.127178955025483
7.125352602647691
7.123672179201149
7.121921211022343
7.12007034339077
7.11821685876524
7.11657497429632
7.114722911989308
7.112927086513873
7.111165834221172
7.109497570582868
7.107588517692191
7.10577064766972
7.104086376545826
7.102342738881203
7.100489087851123
7.098633068649706
7.0969919602512705
7.095146313500622
7.093349184244634
7.0915846587972995
7.089919745782304
7.088010878880881
7.086198454727967
7.0845120306245715
7.08277327379824
7.080918217576961
7.0790612512018685
7.077420857641929
7.075579373364873
7.073781765220525
7.072015837454765
7.070353099213946
7.068444909250966
7.06663560416892
7.0649485406520816
7.063212607724305
7.061357383995527
7.059500732420543
7.057861133936724
7.056021742152251
7.054224515010203
7.0524589998539
7.050797424166067
7.04889013514663
7.047081970055538
7.045395709948897
7.043660697647851
7.041806501975117
7.039951322576023
7.038312656458645
7.036473329379096
7.034677358516038
7.032914065942417
7.031252676625277
7.029346468808487
7.027537523354653
7.025853494089651
7.024117517777834
7.0222655377828955
7.020413043439848
7.0187754228648185
7.016934133966422
7.0151402608614335
7.013380962786482
7.011718748147595
7.009813959891895
7.008002184911106
7.006321787482674
7.004582938416479
7.002734330034286
7.00088587328055
6.999249302279045
6.997404086396546
6.995613022666271
6.993859326334188
6.992195221420321
6.990292503003297
6.988475701619519
6.9868002190129666
6.985056626274657
6.983212436360002
6.9813694633884475
6.979733772451069
6.977882904181218
6.976095096834436
6.974348262043286
6.972681197452336
6.970781535845981
6.9689576248685405
6.967288066028583
6.965538054971452
6.963699121311548
6.961863003830244
6.960227840201129
6.958370057878557
6.956585569540862
6.954846364580988
6.95317536158555
6.9512799154474205
6.949447464047505
6.947784408793422
6.946026679482088
6.944193580110037
6.942365471372386
6.940730355714183
6.938864989238179
6.937083471365379
6.93535222580896
6.933676451441466
6.931786316035376
6.92994504051679
6.928288625435111
6.926522260899455
6.9246953950833126
6.922876320039161
6.921240706624043
6.919367565053097
6.917588313297682
6.915865203674925
6.9141838634868416
6.912300004764984
6.91045087436475
6.908800957915228
6.907025134626074
6.9052049318861135
6.90339612085575
6.9017593616866755
6.899878486000108
6.898100411243862
6.896385837492821
6.894697886597028
6.8928213019931555
6.890966472735214
6.8893228185267406
6.887536314861738
6.885723470640378
6.883926767158538
6.882287934191196
6.88039955108284
6.878620818279487
6.876915737145842
6.875219466570516
6.873351446068348
6.87149456279129
6.869856834586049
6.868057509239466
6.866253125553014
6.864471266893807
6.862828823876835
6.860934028576056
6.859151005175717
6.857457257803976
6.855749769694174
6.853892157255474
6.852039079161412
6.850406522796196
6.848590917349425
6.84679633559002
6.845032727788495
6.8433840925248415
6.841486371051004
6.839691968144959
6.8380122945952015
6.836289149324156
6.834444101448496
6.832602695173979
6.830973436544637
6.829137505178251
6.827353153343808
6.825610023153254
6.823951622530161
6.822058025432274
6.820242532937171
6.818579213482806
6.816835488611669
6.815004397512795
6.813180799363493
6.811551713017424
6.809694134355625
6.807917565956116
6.806193620002347
6.804522499835423
6.802639881881427
6.800801140511341
6.799153157346976
6.797386887668
6.795569584823141
6.793766007351
6.792134135744722
6.790258064684479
6.78848424359676
6.786776814704777
6.78509143831392
6.783222459164634
6.781371377366134
6.779735048624663
6.777946306122583
6.776142576480767
6.774361385225544
6.772724066434069
6.7708347056866165
6.769056400116846
6.767365644945614
6.765663092688163
6.763809380992349
6.761961517982876
6.760333132019655
6.758519267230534
6.75672976922346
6.75497481979666
6.753327865698645
6.751434326195982
6.7496382598134375
6.747967358452191
6.746241318039593
6.744405178415019
6.742575784914493
6.740950514597906
6.739107368853662
6.737330716021619
6.7356028059524915
6.733940573761868
6.732056779171988
6.73022922792125
6.728579762425149
6.726823977887685
6.725006162107951
6.72320240473086
6.7215744762841005
6.719704589000034
6.717933576440176
6.716228082766263
6.71454710547909
6.712680684957583
6.710833303210433
6.709200036742577
6.707413828541775
6.7056136867162115
6.703838525752722
6.702203264994808
6.700315791499963
6.698538505773824
6.696854017409003
6.695150482383396
6.69330334407813
6.691462382501614
6.689838160649792
6.688019216906101
6.686236488220992
6.684493850276781
6.682845014246746
6.680956249097771
6.679152015372789
6.677492196193357
6.675757593123884
6.673931849477459
6.672117229191447
6.670493988631514
6.668639841503973
6.666869534516766
6.665156940697168
6.6634875288959465
6.661615776884683
6.659776666649021
6.658140090009173
6.656368651933412
6.6545642119200155
6.652781700593524
6.651151905290895
6.649271415559157
6.647500008909964
6.645811744773807
6.644117678381222
6.642267742690979
6.640425875099279
6.638802566992504
6.636993624407063
6.635209603494897
6.633463614290826
6.631820007208252
6.629932419450104
6.628136105143384
6.626474860049576
6.624747323108213
6.6229212738768855
6.621106715075673
6.6194859508035435
6.6176365853840675
6.615867815697083
6.614156578168098
6.612490195326555
6.610620261719131
6.608783844372797
6.60714937622816
6.605379886532497
6.603577960728779
6.601799658763
6.600171437926556
6.598292061730674
6.5965217328873695
6.594837850721446
6.593143241474524
6.591297932413666
6.589460782900324
6.587840491241083
6.5860279951489265
6.584248730150288
6.582511330079199
6.580866367934955
6.578982542452697
6.577180274773379
6.575526730814728
6.5737930828422755
6.571974242129338
6.570170401946391
6.568550572667869
6.566694217814193
6.564928791117956
6.563227576806355
6.561555824106768
6.559694954765078
6.5578554078503455
6.55622869074152
6.554447828511811
6.552655325078474
6.550892940674389
6.549261946312375
6.547379169039813
6.545603263837773
6.543931950530519
6.542226103053262
6.540392784049012
6.538569184449016
6.536952532040296
6.535122918596044
6.533353132696809
6.531634926103009
6.5299808448621315
6.5281073531356935
6.526285120104587
6.524647339856624
6.522893729613752
6.521089148285349
6.519306935410073
6.517684615518793
6.515813552574954
6.514048519415806
6.512364258729568
6.5106779208506245
6.508833171808209
6.5069984556737435
6.505380976872166
6.5035754434712425
6.501798164019682
6.500063417613602
6.498422434202634
6.496542124167782
6.49474329412079
6.493093565580393
6.491362409320334
6.489548080384639
6.4877514882583425
6.486134493868902
6.484278106989981
6.482516000655273
6.480822524258109
6.479149866237681
6.477296827415849
6.475460284125836
6.473840043334726
6.472053033392166
6.47026904605149
6.468521354566241
6.466889044090938
6.465008264720469
6.463225837476663
6.461567156827701
6.459852007685574
6.458030788164288
6.456224328796331
6.454610440817965
6.45276722190016
6.451005064120319
6.449304803736075
6.447641851568213
6.4457831340633716
6.443950312949643
6.44232697107339
6.440553607072222
6.438764802801151
6.437008418513161
6.435381777450755
6.4335036731448145
6.43173059399885
6.4300664412279955
6.428361874037989
6.42653643383545
6.424724162448746
6.42311214725226
6.42127885572946
6.419516058460001
6.417811457464297
6.416155039056326
6.414293174527027
6.412465559945171
6.410840045830379
6.409075776042784
6.407284386198214
6.405523589551157
6.403900522736031
6.402025504286737
6.400257273433519
6.398590842643268
6.396892353083557
6.395065324625955
6.393251062537438
6.391640421361547
6.3898128243157455
6.388050084644874
6.386344196007737
6.384691324522628
6.382828947118342
6.381004801910033
6.379379062581736
6.377619058479857
6.375827557458479
6.374066594318471
6.3724454100368915
6.370572312161326
6.3688059956950935
6.367140271122116
6.365443833460454
6.363617839252668
6.3618051565737845
6.360195798370444
6.35836921531633
6.356607792289777
6.354904071441604
6.353251796101834
6.3513915375337575
6.349567728699411
6.347944175374497
6.346183360215861
6.344394330972413
6.342637431446634
6.341016517819639
6.339143766721743
6.337376777783308
6.335714663739655
6.334016320813538
6.332193956945311
6.330386452597864
6.328778273300193
6.326948025427856
6.325189107317121
6.3234909405580115
6.32183625552637
6.319980843509215
6.318154963830453
6.316535845817161
6.31476900643557
6.312985050142431
6.311236582533155
6.309614079573192
6.307740854647375
6.30596966422587
6.30431420316378
6.302609603366442
6.300793483082832
6.298995200457376
6.297387654286695
6.295549429092438
6.293793497678487
6.292103856943694
6.290443520986172
6.288595851517208
6.286768554525904
6.2851553221437415
6.2833770398117235
6.281600701984599
6.279865365512603
6.278238724980548
6.276366356528412
6.274585034727271
6.272939697067966
6.2712234781749805
6.269416324623737
6.267631749712395
6.266023469110686
6.264174031444828
6.262419959732844
6.260741248272486
6.259071603325027
6.257234438971051
6.255411335977709
6.253803875522482
6.2520086582849475
6.250241888037574
6.248523976090572
6.246889630367004
6.245022941105138
6.243223563633415
6.241591790553583
6.239857589803327
6.23806205454923
6.236295328831778
6.2346839532695775
6.232822791487897
6.2310665289569975
6.229400635479505
6.22771763736042
6.225893037945852
6.224082999943701
6.222479150562917
6.220662848759448
6.218905470287226
6.217206830230834
6.215560774454711
6.213706440509216
6.211888121267063
6.210270978493256
6.208512968495264
6.206731371892855
6.204986673918612
6.203368814936569
6.201500251703408
6.1997328333268245
6.198082578159723
6.196380728485979
6.194570588850764
6.192781608706058
6.191177760710324
6.189338772029553
6.187587320651955
6.185907545577456
6.184245759616614
6.182408196769677
6.1805869874785255
6.178981362008331
6.177194304687465
6.175428380441588
6.173711079746325
6.172081260960296
6.170216876714665
6.168422675835421
6.1667928754646875
6.165062938045965
6.163270143649237
6.161507989725874
6.159899255192349
6.158040356071877
6.156286052353031
6.154625205974466
6.152942527719522
6.151123423934836
6.1493210849355355
6.147720299471559
6.145900721157368
6.144147946884776
6.142458345910755
6.140810114214319
6.13896406462363
6.137144877441741
6.135535230337968
6.133768812354526
6.131995967646163
6.130265835392291
6.128645721033403
6.126779731848098
6.125003717611058
6.123365451042796
6.1216530389783275
6.119854017921719
6.118082476901619
6.116478791765149
6.114629714905582
6.112880141208574
6.111214392637079
6.109542417692279
6.107719013444473
6.105911231917417
6.1043118559717
6.102504589717941
6.10075047772993
6.099055876965704
6.09741526469938
6.095565742797628
6.0937523048200015
6.09214036425809
6.090385131174009
6.088609545952206
6.086874634137148
6.085259388289811
6.0833952114415775
6.081627004447908
6.079986333427134
6.07828172606836
6.076481387031235
6.074707860836529
6.073106846076782
6.071262729462747
6.069515230028843
6.067849400156982
6.066181557612021
6.064358411778621
6.062551264641884
6.06095343169817
6.059149869691079
6.057396793652684
6.055703340826145
6.054064955862602
6.052216941714609
6.050405527387051
6.048795254221654
6.0470415207729395
6.045267870592104
6.04353608197273
6.041921949357413
6.040059538553907
6.0382913052963545
6.036653799223644
6.034948587029716
6.033151513008748
6.031383190492622
6.029783134702824
6.027937935077153
6.0261914076409955
6.024530182647025
6.0228603937593395
6.021042080484169
6.019241145072442
6.01764541232042
6.015836646766237
6.0140873270456785
6.012401427631614
6.010759851912958
6.008918434115526
6.007105173423702
6.005500680075473
6.003738369097984
6.001971407912522
6.000250720853389
5.998633662253485
5.996773784988268
5.994996875999208
5.993368172348474
5.991653492374927
5.989864228814508
5.9881082253920495
5.98650694439662
5.984655940511285
5.982907782259945
5.981255605068606
5.979577508364473
5.977768257141676
5.975980434124183
5.974386212028368
5.97256452281391
5.970820029819517
5.969146737832667
5.96749630005276
5.965666631508179
5.963855616427891
5.962258725520659
5.960477738654658
5.958721549684466
5.957019845024839
5.9553942859081275
5.953542676629402
5.9517465667981195
5.950132462521617
5.948397413315563
5.946620838185441
5.944884465908872
5.9432781810684325
5.941421105003808
5.9396634938574975
5.938025143013997
5.936330782428312
5.934534419626568
5.932767217746562
5.931171844305622
5.9293331059226455
5.9275904396240735
5.925932700358848
5.924267505908461
5.922453346117038
5.920658174131656
5.919066344666388
5.917259006411048
5.915514041662038
5.913835555462911
5.912194721776064
5.910360770304275
5.908550845771263
5.906952863225003
5.905185816851178
5.9034267631218995
5.9017191800237505
5.900100858058814
5.89824784450067
5.896462885938428
5.894845623084966
5.893121810730154
5.891343269058256
5.889604073016079
5.888002152301596
5.886148908915535
5.884396841217157
5.882757976950917
5.881069816971455
5.879273738053267
5.877506869516493
5.875914133593417
5.874079291847881
5.872338771282672
5.870682791510926
5.869020396740121
5.867208360977044
5.865416130032388
5.863826452069873
5.862020298647169
5.860277623756132
5.858602939634506
5.856962750395057
5.855132736357844
5.853325331449413
5.851730651908031
5.849961353321148
5.848206401784279
5.846505645802318
5.844886616808733
5.843038031570539
5.841249159248678
5.839637878276879
5.837909113258354
5.836136301127585
5.834406044532928
5.832803485824818
5.830950678423993
5.8291950265495265
5.827563356963425
5.825869470750592
5.824080266857836
5.822324531654301
5.82073189207478
5.818892129539545
5.8171516812838195
5.8155042233631615
5.813835362992389
5.812032081154754
5.8102529422636335
5.808665068307596
5.806847672507651
5.805109446620058
5.803446874881415
5.801798475902218
5.799980353290467
5.798181115871025
5.796592690793862
5.794805138726214
5.793060234708868
5.79137807604459
5.789749411684483
5.787913806964714
5.786111497540829
5.784514026055345
5.782762616369949
5.781003549405911
5.779295130241715
5.777684855504258
5.775835168288355
5.774060473722502
5.772445037024002
5.770730265846828
5.768954966642763
5.767221158254708
5.765624008767514
5.763775720183427
5.7620271248370445
5.76039475418798
5.7587086069135776
5.756919707062887
5.755164293742593
5.753574978247197
5.751739734655192
5.7500021606757095
5.748356765729822
5.746691393107881
5.74489064023062
5.743115145529482
5.741529794819819
5.739713951552287
5.73797821539313
5.73631999629805
5.734672261426101
5.732858863314809
5.731065178695184
5.729479893990287
5.727689498867649
5.725948861185946
5.724274344659249
5.722644032908337
5.720815506786446
5.719014036574947
5.7174225569715835
5.715663727192474
5.713911750287515
5.712215001259493
5.710601945111724
5.708758518049611
5.706975058351025
5.705369205857307
5.70364430760954
5.7018777560810046
5.700157436406562
5.698558132237568
5.69671029382569
5.6949544341609215
5.693332438389614
5.691636315002546
5.689856979052319
5.68811707392814
5.686526657424468
5.6846857832447695
5.682945494080252
5.681311351865445
5.679635836694463
5.677846291491757
5.676089328360506
5.6745042424759635
5.672675930343797
5.6709419839325035
5.669297829123666
5.667638169855658
5.665839204798403
5.664065980294108
5.662483734425171
5.660671864542679
5.658938822006799
5.657284207229288
5.655638933836147
5.653829604130301
5.652041055001784
5.6504590102699215
5.6486682385700275
5.6469315042717385
5.645263681818887
5.643633116779339
5.641811267589706
5.640013289116255
5.638427130487746
5.636662828629095
5.634917453177667
5.633231680914045
5.631616392071312
5.629780744287963
5.627991312606753
5.626394590406307
5.624660173931696
5.622902539619725
5.621196050848884
5.619594331933538
5.6177503229600045
5.615985195927253
5.6143742779648464
5.612667499990366
5.610898128131508
5.609173851802439
5.60758173476677
5.6057390659404716
5.603992844324936
5.60237037426346
5.60068412784567
5.598905691241755
5.597167125507725
5.595581160872931
5.593745317759615
5.592009092062216
5.590378180500466
5.588706677628311
5.586921012049884
5.585170013136547
5.5835880080741855
5.581761405736516
5.580030029771214
5.578392018221096
5.57673224384539
5.574939953369565
5.573177115009142
5.57159766385553
5.56978224620068
5.568052671793912
5.566407554006305
5.564758471981034
5.562959193780503
5.561184530626108
5.5596063966511124
5.557804684561431
5.556074444455667
5.554421094389296
5.552782834009208
5.5509753944418225
5.5491894241484125
5.547610903894409
5.545826465311183
5.544092779545749
5.542428822651197
5.540802232667936
5.538984815685404
5.53719145964351
5.535609604356954
5.533846655453275
5.5321061861532135
5.530428097845145
5.528814019714784
5.526985282946017
5.525196177187657
5.5236065337629405
5.521868199651607
5.520118128066559
5.518423430304365
5.5168212103032825
5.5149836770865335
5.513212341281225
5.511611625127365
5.509897163882343
5.508137349987216
5.506427747493194
5.504834682630734
5.502994827355104
5.501241635201439
5.499630994149008
5.497935283524556
5.496167857376664
5.494446857206516
5.492859988532176
5.491022508457969
5.489280898851864
5.487663250474616
5.485980666654791
5.4842077817626524
5.4824780431290385
5.480895283654725
5.479061925966821
5.477327087566362
5.475704464862832
5.474031285676207
5.472254290865556
5.4705174618465815
5.468937568036737
5.4671088311169385
5.465378135789226
5.463751653471743
5.462085762491484
5.460305399393864
5.458562455985844
5.4569847027135365
5.455160785281434
5.4534327760355845
5.451803017845891
5.450143209379705
5.448359867170108
5.446611334854296
5.445035273129998
5.443216391887336
5.4414901723568665
5.439857398230631
5.438203054468674
5.436416874357992
5.434662999904456
5.433088316597015
5.431274809056275
5.429549739079323
5.427913995046397
5.42626483440717
5.4244757863380935
5.422716606585526
5.421143045490577
5.419335391389631
5.417610946891498
5.415972073881488
5.414328069201271
5.412535950239632
5.410771321891588
5.409198622231732
5.407397577253913
5.405673218264011
5.404030848577368
5.402392195220686
5.40059661543495
5.398826289159252
5.397254122146035
5.395460785749478
5.393735870054757
5.39208936987886
5.390456484361261
5.388656831533894
5.386880619032818
5.385308489947941
5.383524392891205
5.381798075598315
5.380146457311608
5.378519972508066
5.376715380804063
5.374933571524707
5.373360666154526
5.3715878168399485
5.3698589511694514
5.368200791046711
5.366581502912811
5.364770905074746
5.362985176825172
5.361410163416584
5.359650893485104
5.357918029877053
5.35625155627711
5.354640206752193
5.352822670929008
5.351037326451691
5.349458298651889
5.347714651866478
5.345976360707224
5.344300071185364
5.342696876125241
5.340872557791057
5.339094061188535
5.337509161043847
5.335781759491758
5.334037404851306
5.332351278590455
5.330755442814742
5.32892629166732
5.3271589801864
5.325567683783347
5.323854852877063
5.322105092551247
5.320410913696937
5.318820829023144
5.316989589188192
5.31523281687689
5.313636290788866
5.311934638544729
5.3101809324645375
5.308481088965577
5.306895059550409
5.305063618656741
5.303314379900103
5.3017143605665
5.300020382810419
5.2982641823904535
5.296560741411388
5.294977430107679
5.293146573663413
5.291402147110097
5.289800086368071
5.288111069930981
5.2863534830701004
5.28464800183302
5.283066482963683
5.2812363873323545
5.279494900814261
5.277891833620557
5.276205885276543
5.2744476961148
5.27274131108348
5.271160965698324
5.269331576489813
5.267591803429263
5.265988453875118
5.264304265750821
5.262546031576954
5.260839580999578
5.259259986697143
5.257431192297697
5.255692302042254
5.2540891908739855
5.252405833586906
5.2506479603619445
5.248942072671967
5.247362928017511
5.245534624804067
5.243796022432814
5.242193534742646
5.2405103246239
5.238753114598126
5.237048263363129
5.235469344062808
5.233641458788989
5.2319026963238935
5.230301121032706
5.228617543769151
5.226861222427314
5.2251577600425385
5.223578894911412
5.221751389494495
5.220012119969128
5.218411673419463
5.216727339325615
5.2149720729755815
5.213270253815541
5.211691309903955
5.209864178522462
5.208124130338521
5.206524970118096
5.204839588694282
5.203085495755992
5.201385494284002
5.19980637023536
5.197979633590347
5.196238598113091
5.194640834205824
5.192954194091139
5.191201354727808
5.189503280488949
5.187923900608498
5.1860975979146255
5.184355420385172
5.182759124365364
5.181071078938783
5.179319542474712
5.177623454778779
5.176043764316348
5.17421794655886
5.172474518279871
5.170879731038389
5.169190185446415
5.167439977773709
5.165745898250764
5.164165859240706
5.162340582946441
5.160595834655548
5.159002573798039
5.157311472858801
5.155562602981129
5.153870527792882
5.1522901157271574
5.150465438551365
5.148719332336912
5.147127599409642
5.145434916142065
5.143687381822621
5.141997291107434
5.140416490755786
5.138592469027924
5.1368449906513565
5.135254776988866
5.133560502963718
5.131814295401468
5.130126159790287
5.128544961865138
5.126721649115956
5.124972801004301
5.123384091687298
5.121688229155263
5.119943336303899
5.118257118537109
5.116675518115227
5.114852962850396
5.11310276076143
5.111515536387597
5.109818094307609
5.108074502198313
5.106390171042855
5.104808164337687
5.102986413704925
5.101234879778687
5.099649121958516
5.097950108354735
5.096207804775391
5.094525334012225
5.092942915747995
5.091122015568322
5.089369174613417
5.08778486774416
5.0860842855494255
5.0843432619077475
5.082662632966835
5.081079795390375
5.0792597908184485
5.07750566705566
5.075922799334779
5.074220642805355
5.072480894771972
5.070802097001223
5.069218828529924
5.06739976539666
5.065644381509247
5.064062945452718
5.062359198548709
5.060620726100392
5.0589437569936155
5.057360041109884
5.055541966981362
5.0537853444510334
5.052205337428931
5.050499972797615
5.048762781219277
5.047087647353385
5.045503462258326
5.043686427524493
5.0419285864329515
5.0403500099692335
5.038642987184226
5.036907086946188
5.035233804152985
5.033649121887577
5.031833181331047
5.030074141749757
5.028497002909683
5.026788267106577
5.025053674836334
5.023382270172876
5.021797055043848
5.01998226928098
5.018222051189117
5.0166463625440265
5.014935841107063
5.013202580076881
5.011533092573153
5.009947299691522
5.008133737542017
5.006372363114145
5.004798143426012
5.0030857430241396
5.001353844430518
4.99968632755108
4.998099900878515
4.996287641821623
4.994525137248184
4.992952412109185
4.991238013878251
4.989507518409643
4.987842042776829
4.9862549122822255
4.984444049356158
4.982680449041595
4.981109251961735
4.979392704699509
4.977663664468318
4.976000322082512
4.97441239905877
4.9726030443771725
4.970838395333005
4.969268769004394
4.967549881382172
4.965822362627916
4.964161273487755
4.962572445047717
4.960764735895761
4.958999107415539
4.957431104874271
4.955709630036807
4.953983717253615
4.952325036335218
4.950735156879698
4.9489292648620244
4.94716276332987
4.945596450388972
4.943872068723674
4.942147869954265
4.940491801037156
4.938900678929424
4.937096824511031
4.935329617985557
4.933765074643243
4.9320373641540245
4.930315018542736
4.928661832672672
4.9270692101784705
4.925267684090082
4.923500045899575
4.921937367109412
4.92020575792045
4.918485445242479
4.9168355068097425
4.915241027341983
4.913442220701245
4.911674607136225
4.910113899083062
4.908377609191916
4.906659559860098
4.905013365742714
4.903416523161619
4.901620976857055
4.899854168441476
4.898295534271601
4.8965534677389995
4.8948379699689
4.893196205459761
4.8915962591058335
4.889804734577334
4.888040084634991
4.88648358303587
4.884734187304866
4.883021569959571
4.881385180366919
4.879781015448658
4.877994570450238
4.876234409052639
4.874679942626886
4.872921058855671
4.87121158472223
4.869581833979509
4.867971753685772
4.866191839951541
4.864439965467076
4.862887048601646
4.861115933827044
4.859409437677371
4.85778790520875
4.8561693627536116
4.8543978039954325
4.852659591520642
4.8511069589844205
4.849321088920394
4.847616008279067
4.846004437025638
4.8443738693672875
4.8426124765201966
4.840893463540672
4.839338751682461
4.837538255340683
4.835829985980949
4.8342299412881555
4.832583161146732
4.830832911892413
4.8291354749949384
4.827575706546766
4.825766219714795
4.824046912446993
4.8224592772828885
4.820792995603596
4.819053380729396
4.817374752891701
4.815807868705576
4.813997576098285
4.8122618790265745
4.810685674614592
4.808999867921523
4.8072690492574
4.8056037816263935
4.804029673235528
4.802223275830564
4.800473642172543
4.798906043447157
4.79720384279376
4.795479719693596
4.79382373119601
4.792243401595307
4.79044207666021
4.788684259245225
4.787122668184687
4.785407338842024
4.783688481774895
4.782040006207254
4.780454220691643
4.778658297240284
4.776896988734419
4.775339959013188
4.773612943593843
4.7718987403892985
4.770257509090171
4.768666218608634
4.766876331186236
4.765115485575664
4.763562265445134
4.761823067858264
4.7601134249757555
4.758480111410356
4.756882298137358
4.755099677896328
4.753344064473229
4.7517939722059905
4.750040416391095
4.7483353100555785
4.746711317620286
4.745104768554429
4.743331296772753
4.741587748340068
4.7400394705231585
4.738268333491759
4.736566804871438
4.73495402653525
4.733334994831528
4.731572980537748
4.729849814424388
4.728300624923182
4.726510346704305
4.724808126245809
4.7232085220813085
4.721571790503721
4.719822905589387
4.7181255769462105
4.716571341730119
4.714767551128953
4.713054653226144
4.711469727594339
4.709810061266572
4.708074107436118
4.706400432753128
4.704837641639709
4.703032171458067
4.701299373141058
4.699728541496884
4.698044483151165
4.69631931288841
4.694662113109486
4.693090023087067
4.691290163867975
4.6895407350325
4.687980327100105
4.686275257204515
4.684558271125304
4.682912404273849
4.6813319656551595
4.6795394097225875
4.67778270254637
4.676229182879085
4.674506586956304
4.6727961523481225
4.67116013491391
4.669571666186472
4.667787300975192
4.666031540259282
4.664482934594993
4.662743086963956
4.661038573845073
4.659413045239085
4.657815169015902
4.656040692539191
4.654294666060183
4.652749258484933
4.650989551203176
4.649290134525032
4.647676861265812
4.6460660702020915
4.644303976437376
4.642578355103674
4.641033119152796
4.639251069411033
4.637552861257731
4.635953982984272
4.634324530674651
4.632576989995653
4.630880009857801
4.6293299603957285
4.627530755274507
4.6258225899753675
4.624239969207937
4.622585271659907
4.620852327100276
4.619182643857472
4.617623038020223
4.615821412915081
4.614090861580148
4.61252429334931
4.610841569753954
4.609120857888071
4.607469924116739
4.6058994117187355
4.604104899324728
4.602356262957762
4.600801370453767
4.599094018001826
4.597382589258765
4.595744577067749
4.594163920312855
4.592378643400513
4.5906250339009755
4.589077425780306
4.587348727378415
4.585644777211594
4.5840186871036614
4.5824274670241
4.580652953266872
4.578906594129575
4.577363498236231
4.575612394156309
4.5739147662495405
4.572302003240927
4.570697112990085
4.568935902114026
4.567210002508779
4.565667887267432
4.56389174642414
4.562196552406405
4.5605993137299565
4.558974656117964
4.5572292256057025
4.5555343270340405
4.553987396560151
4.552191594570815
4.550486412332481
4.548906777491713
4.54725473191264
4.545525186960325
4.543860252294249
4.54230277347384
4.54050475480701
4.538774870111974
4.5372127554720025
4.535529685169742
4.5338133808905
4.532168558329654
4.53059881294289
4.528809520487121
4.527061604291953
4.5255118004361
4.523801230618644
4.522094964823802
4.520464294421236
4.518882765246854
4.517104542432038
4.515355615517983
4.513812978855099
4.512077551244985
4.510379317744715
4.508762510663625
4.507167699124936
4.505402718684644
4.503668912896874
4.502129548953595
4.500367237727431
4.498674405090462
4.497073400218333
4.495460164312833
4.4937113390118295
4.492007543936786
4.490465669017667
4.488677936212517
4.486980647596579
4.485397735333246
4.483757863760364
4.482026363847301
4.480356749148018
4.478805159954645
4.477008957706951
4.475288431347322
4.473724901061316
4.4720517900910846
4.470335467726644
4.468690541773528
4.467125589316461
4.465337538273958
4.4635940287221665
4.462045466382333
4.460340750484303
4.458636050777922
4.457007353465807
4.455429112069035
4.453653235863198
4.451907064184463
4.45036685174707
4.448634019113691
4.44693828541395
4.445324780512726
4.443731715469613
4.441970382416627
4.440241352092796
4.438704436338095
4.4369420004484805
4.435251666963212
4.433655291687567
4.4320416090577
4.430297802932117
4.428602222562825
4.427061609381795
4.425273487001959
4.423575753535888
4.4219988795145735
4.420355418172302
4.418629768679586
4.416969484078262
4.4154173418790945
4.41362484766467
4.411899726564158
4.410343084477348
4.408663650884219
4.406953291331941
4.4053165720636125
4.403749844032329
4.4019682668270175
4.400224158781332
4.398681498445918
4.396968977752139
4.39527019157853
4.393650096379189
4.392068547359628
4.390301084587556
4.388562767005177
4.38702698008555
4.385283346410942
4.383593073966288
4.38199000594607
4.380390158737385
4.37863976742337
4.376929134264384
4.375393565393484
4.373618402344538
4.371928823606839
4.370345064504569
4.3687185570375044
4.366987438589851
4.365315626966022
4.363771322133963
4.361980162894768
4.360269775268505
4.35870756663972
4.357044819434931
4.355331323467372
4.353689985813291
4.3521307482195875
4.350347322263977
4.348609245939811
4.347065132451644
4.345365022185989
4.343665196709468
4.3420430279412745
4.340467977518462
4.338698994916878
4.33695955354917
4.3354247863472954
4.333690989084363
4.33200121028772
4.330396707688258
4.328803356556626
4.3270517266143464
4.325337123652853
4.3238042301549084
4.322036414633091
4.320349854857996
4.3187651241967
4.317145537496604
4.315413925336789
4.313739547100285
4.312198927996328
4.310410539532778
4.308705824665923
4.307143373588316
4.305486854728304
4.303774028023345
4.302133298204358
4.3005773307535415
4.298795473960749
4.297060621641727
4.295517941820696
4.293821490231129
4.292123382912943
4.290503410003379
4.28893056489342
4.2871640304343215
4.2854272249668615
4.28389464738836
4.282162006018028
4.2804745270642615
4.278873226840934
4.277280723600351
4.27553261350581
4.2738231551254575
4.2722920234499
4.270523693874818
4.268838570896771
4.267258051441421
4.265637183681999
4.263909968628476
4.262242784195142
4.2607025097804065
4.258915913676518
4.257208726997747
4.255651530339735
4.2539911086114754
4.252282918848092
4.250648708955256
4.249091830418892
4.247314869388155
4.2455792426097
4.24404131918392
4.242339379625283
4.240645868581591
4.239032361526021
4.237457351744177
4.23569726294709
4.233967288347873
4.232437924700192
4.230697668794133
4.229014049706211
4.227420497355365
4.225822963406281
4.224083062675772
4.222388275276233
4.220857418722
4.219082173912463
4.217395268025267
4.215824043885886
4.214193264614806
4.212474883617169
4.210823229343935
4.209279521736269
4.207496458758878
4.205778535052938
4.204231437352814
4.202557254576436
4.200857060682801
4.199233836678609
4.197671892938712
4.195903595827293
4.194168198419048
4.192636926503377
4.190920780443223
4.189234108579877
4.187631311824435
4.186049106526869
4.184299892383192
4.182585656863262
4.181058866838725
4.179302683245531
4.1776221730205645
4.176041069711955
4.174430852054473
4.1727037816527845
4.171033766197808
4.16949948649589
4.167717740502232
4.166019304096972
4.164462693437891
4.16281174266538
4.161105523479795
4.159473466413561
4.15792183627267
4.156148195875788
4.1544174583227385
4.152882727282174
4.151186017736314
4.1494960669589
4.147887045770655
4.146315452725071
4.1445603048210895
4.142836002209275
4.1413105719082655
4.139571449785381
4.137891918958046
4.136304506173044
4.134707722500922
4.132974552609739
4.131290252838487
4.129761828565609
4.127987032568329
4.126300469856682
4.124737161147622
4.123102911223218
4.121392247844995
4.119752306238315
4.118208446269138
4.116432095656542
4.114710287048133
4.113171988271353
4.111490348285107
4.109798000171871
4.10818519341208
4.106621129889492
4.104862757474433
4.103134878647933
4.101609965593287
4.099883381031763
4.0982038326235015
4.096613028167818
4.09502485038454
4.093288367437927
4.091595617282101
4.090070760792826
4.088303554176292
4.086622948361303
4.085056205253404
4.083432548406623
4.081719555659211
4.080074428818362
4.078535850112457
4.076759219253602
4.075045327140634
4.073504920840142
4.071833310932982
4.070140060453363
4.068525833756298
4.066966710156959
4.065207509867686
4.063479646528745
4.061955486959531
4.060236452248971
4.058557438896585
4.056965919750557
4.05538264603641
4.053645596571083
4.051950158946168
4.05042762290124
4.0486653664800345
4.046987740789914
4.045420604963802
4.0438022278294286
4.042089341882926
4.040443227652915
4.038907627584609
4.0371323087694915
4.035422520836778
4.033882450290692
4.032215311372984
4.0305229868170285
4.028909845769857
4.027353199528569
4.025595400829776
4.0238692571207375
4.022346643475433
4.020630098116249
4.0189526650128355
4.017362957462937
4.015781387992619
4.0140463835438664
4.012353516187227
4.0108325609620525
4.0090715093945875
4.007395232295071
4.005830517868697
4.0042126490116745
4.002502336890237
4.000859903479698
3.9993251628574766
3.997552214156362
3.9958421723426087
3.99430511571468
3.992636851180705
3.9909473351253886
3.989337825098964
3.9877812383698092
3.9860270230894512
3.984303997472524
3.9827837975213556
3.981064694444575
3.9793898969477928
3.9778044435964865
3.9762214430689093
3.9744910154835007
3.972805891861008
3.9712857219705384
3.969522458728434
3.967845666573595
3.9662860984650625
3.964664011118954
3.9629585843536206
3.9613240781190346
3.959788057694927
3.9580189481995456
3.9563049513795336
3.9547733193816743
3.9530984615986853
3.9514134960570417
3.949809994608609
3.9482509975597386
3.9465026121860447
3.9447854334518877
3.9432680983719934
3.941541481993155
3.9398699521145435
3.9382911765245305
3.9367032725887254
3.9349799190711887
3.9333079431772977
3.9317871998226117
3.9300200725105965
3.9283391964867493
3.9267875655373676
3.9251561081217865
3.9234575734463206
3.9218340971014247
3.9202944853457184
3.9185315962168965
3.9168125201540054
3.915287904652785
3.9136012022469564
3.9119222285623145
3.910327019325326
3.9087628354576727
3.907022753332643
3.9053167639235395
3.903801845957749
3.902063052732472
3.900394199330371
3.8988246422236967
3.8972274432145144
3.8955135956787426
3.8938599905402036
3.8923363335365235
3.890567325192921
3.8888760414349677
3.887335285191536
3.885688527617987
3.883998504145625
3.8823875695203993
3.8808418762186347
3.8790880142244664
3.87736815339207
3.875850611279285
3.8741471565473478
3.872474949390712
3.870890431746737
3.869317537019183
3.8675885452821355
3.865901773952759
3.86438734258784
3.8626336890991952
3.860963684640599
3.859406152099116
3.857793713589838
3.856091386172334
3.854459354347929
3.852929464853
3.851165014785155
3.849457671472676
3.847929939798909
3.8462616822282407
3.84458133976558
3.8429834611943936
3.841428931597105
3.8396867418313616
3.8379764238256437
3.8364640960792173
3.8347395104503352
3.8330731377725793
3.831501675706616
3.829915289388254
3.8281999585439985
3.8265401137253616
3.8250223643492594
3.8232582293128115
3.8215770214278395
3.820034638432506
3.818399778041721
3.816709930610911
3.8150983925606607
3.8135589748108436
3.811805981678654
3.8100895863339335
3.8085736468647027
3.8068791324512627
3.805208735624368
3.803625479958073
3.8020582262008724
3.8003308457548814
3.7986444046730217
3.797133397719577
3.7953853140716354
3.7937190669961214
3.7921635591313114
3.790556162996899
3.7888564162731
3.7872269438517
3.785700520379859
3.783939433766978
3.7822355810385964
3.780710907722864
3.7790457251498326
3.777368764066202
3.77577500718879
3.774222854733407
3.7724851415062624
3.7707799340520687
3.769270884673765
3.7675466965779005
3.765883682608873
3.764317369758406
3.7627312677657603
3.7610215300127168
3.75937036025564
3.757854166983486
3.7560924675679233
3.7544099865493337
3.752874029213534
3.7512360076256357
3.7495519719897086
3.747948179264468
3.7464084810842686
3.744662410335189
3.7429498942137482
3.741439185958075
3.739738879880781
3.738073858423711
3.7364986354479313
3.7349285650463133
3.7332098136150242
3.7315379452943316
3.7300284047418213
3.728275939681528
3.7266085900712844
3.72506257615852
3.7234471110821374
3.721756243464425
3.720140889049333
3.718611835411521
3.7168589763913094
3.7151503215327866
3.7136350104012656
3.7119572429975722
3.710288345795427
3.708705413895201
3.7071481164509246
3.7054215490374913
3.7037327285794723
3.7022268295389815
3.700489960875375
3.698829565514483
3.6972753610812594
3.6956781818880704
3.6939806685342917
3.6923517793370983
3.6908318145028187
3.6890747801029042
3.6873787520236574
3.6858567726747413
3.6842000232798107
3.6825267782710056
3.680937303782486
3.6793904551918404
3.6776576266059195
3.6759576775637766
3.6744531566578758
3.672733232625727
3.6710747937455
3.6695141442296997
3.6679311828441694
3.6662277213838896
3.6645851370694276
3.663072292739517
3.661315346189898
3.659633866264025
3.658105080380591
3.6564664843832313
3.6547893121778348
3.6531942083150004
3.6516558876474403
3.64991833141082
3.6482130840853912
3.646708492238492
3.6450039951176256
3.6433453776465865
3.6417798458249444
3.640207735198515
3.6384994730375544
3.636845051114054
3.6353373909262214
3.633584386478962
3.631914205907278
3.6303799121273026
3.6287559134499205
3.62707557435138
3.6254753443730245
3.623944021363744
3.622202986213665
3.6204968495312153
3.6189913631013533
3.6173002011348756
3.615640747259831
3.6140715536545573
3.612507917672016
3.6107959927312274
3.6091321515966994
3.607628247869587
3.6058813373682685
3.6042187653306756
3.6026804346499124
3.601067980785457
3.599385209574344
3.5977803093926632
3.596254793787448
3.5945113500152175
3.5928072981992547
3.591300559450892
3.589620743154204
3.5879604242519467
3.586388614640691
3.5848317179320346
3.5831172068027484
3.581446437438382
3.579945318617642
3.5782051133224337
3.576547481895595
3.575006436227265
3.5734029907183795
3.5717185352038903
3.570109740552527
3.5685889847663366
3.566844203009188
3.565143832391838
3.5636359407503937
3.5619653907365794
3.5603045322930904
3.5587311527876797
3.5571795300689595
3.555463538024702
3.553788356536555
3.5522893837479965
3.55055528766164
3.548900900682772
3.547358390421644
3.545761645757511
3.5440763693360924
3.54246495934432
3.540947932297334
3.5392028786951157
3.537506426220037
3.5359979324020205
3.5343343068318465
3.532673478203805
3.531099621177483
3.5295519018985915
3.5278355740021943
3.526158404353199
3.52466119245185
3.522931774590638
3.5212796449166994
3.5197368965138787
3.5181446636744793
3.5164595510418932
3.5148472548547107
3.5133329311704213
3.511588569174253
3.5098952243687704
3.508387020829912
3.5067277569692705
3.505067674533583
3.5034944579039973
3.5019493166616575
3.50023380377875
3.4985568942832677
3.4970612292665924
3.4953346139604116
3.4936841766604494
3.4921423884091065
3.490552576619512
3.4888686716871606
3.487257460315151
3.4857448408906615
3.4840020090374484
3.48231043294166
3.4808035800454515
3.4791460273505734
3.4774874631279387
3.4759159983645427
3.4743721423559286
3.472658576251348
3.470984050474303
3.4694897878972824
3.4677639784666248
3.4661148161752156
3.4645751512852114
3.4629857375448236
3.46130407710891
3.4596959477875187
3.4581840540685373
3.4564435644403106
3.4547523841249888
3.4532479525520547
3.451589463171396
3.4499331800516297
3.4483645596808197
3.4468206985153302
3.4451101978677836
3.4434402155092587
3.441947170430131
3.4402202834362865
3.4385718651962396
3.4370354724669983
3.435444416586624
3.4337659926338886
3.4321628125728902
3.4306506487731077
3.428913428905646
3.427221685178407
3.4257206333241057
3.424058566234054
3.422405277584025
3.4208405974746885
3.419295370475688
3.4175890793923895
3.4159260320677842
3.4144338657442193
3.412704339585437
3.4110557252094713
3.4095238001006956
3.4079288968362382
3.4062546501282474
3.4046580571519613
3.403144551348603
3.4014117412099387
3.3997194114970553
3.3982224647249843
3.3965541259109666
3.39490445110519
3.3933448712590946
3.3917967194128313
3.390095867327378
3.3884425455394998
3.386950637516795
3.385217552326628
3.3835669861980464
3.3820408801388715
3.3804395391667654
3.3787703761177292
3.3771817049006003
3.375665641055066
3.3739385946405758
3.3722472408861925
3.3707547260539785
3.369077309539356
3.367431656689837
3.365878454270905
3.3643254478246187
3.3626313731820523
3.3609909396889877
3.3594982386665633
3.357761949667424
3.3561063697809828
3.354587689768045
3.3529767237036165
3.3513135174608983
3.349733683498911
3.3482136646054452
3.346493809290128
3.3448070488784842
3.3433186538384168
3.341629445087145
3.339987685553127
3.3384421626924388
3.336881924729337
3.3351959029240663
3.3335712690231354
3.3320762237257684
3.330339221980384
3.328674462346937
3.3271648928746216
3.3255406604249815
3.3238841594209982
3.3223135269875854
3.3207880525692626
3.3190766092487154
3.3173996020891097
3.315914195732643
3.3142114115348624
3.3125722884248145
3.3110354972990046
3.3094654411353117
3.307788256550537
3.3061807941873647
3.3046816219298463
3.302948330914271
3.3012720254844323
3.299772511612532
3.2981317528287315
3.296482408415971
3.294921113290148
3.293388630924528
3.2916865525943044
3.2900246317611357
3.288540422719574
3.286824183868027
3.2851846917414735
3.2836575210381285
3.282074878485445
3.280406745724698
3.2788157944154857
3.2773108947612237
3.2755855490915367
3.2739016647093226
3.2724115292288003
3.2707518605393684
3.269109666912588
3.2675584716537838
3.2660169132428902
3.2643254460495257
3.26268380817768
3.261198473459852
3.259471484498449
3.2578258834036555
3.256309912994133
3.254710831588708
3.2530519769841826
3.251476240920818
3.249963907258286
3.248249364928077
3.246568358866907
3.245085391393073
3.2434044695611854
3.2417684617944973
3.2402288611574566
3.2386748568938644
3.2369955257889274
3.2353785871281335
3.2338889325825364
3.232158597010932
3.2304981166554096
3.2289957895840824
3.227374677655123
3.225725565975563
3.2241635810567995
3.2226417054596603
3.2209395542103127
3.2192738495116937
3.2177944220461594
3.216091647136488
3.214458135459179
3.212931196587541
3.211360681220636
3.209693843591978
3.208101505282694
3.206604241090821
3.2048810757064707
3.203204503736241
3.2017160757868948
3.2000684522229217
3.1984290587609037
3.1968801354803107
3.1953461851500156
3.1936574618325206
3.1920165636775435
3.19053634420187
3.188816193797204
3.1871769080247496
3.185663849102448
3.184072177979008
3.182417193881722
3.1808453551717
3.1793381575886577
3.1776282838678984
3.1759521465565497
3.174473518179504
3.1727974128252883
3.1711659743063607
3.1696314814814013
3.1680812534445337
3.1664076159516386
3.1647978335844416
3.1633118196731966
3.161586662783063
3.1599283545564565
3.158432197071889
3.1568120048977133
3.1551688959005277
3.1536139520976523
3.1520941527361694
3.150399560534011
3.1487437545288657
3.1472686024771157
3.145565205656872
3.143935288544642
3.142416274228637
3.1408443222403513
3.1391855787790903
3.137604917856423
3.1361085013573526
3.1343941577804793
3.1327195706075566
3.131239318197869
3.1295851758423083
3.1279532876757323
3.1264142500285503
3.124878018466325
3.123200005864362
3.121577025347993
3.120098582848149
3.1183782487263447
3.1167353874710058
3.1152339202500987
3.113633227948617
3.111988172694693
3.1104296716746047
3.1089198928555697
3.107222500538251
3.105559992876855
3.1040877785645233
3.1023993360848525
3.100773690396987
3.099252109147674
3.0976931814907798
3.0960328203618728
3.094446168586955
3.0929574594077422
3.091242089911954
3.089574369270145
3.0880928248547477
3.086454072326714
3.0848223792746157
3.083281986236925
3.0817548604508382
3.0800756733358603
3.0784464694777727
3.0769730302251785
3.0752593298703412
3.0736252722703306
3.0721223516700613
3.0705333501532834
3.068888653572136
3.0673294004896268
3.0658262119776296
3.0641289929515634
3.0624657175475396
3.0609959637852104
3.05931727251506
3.057694590170115
3.056173432175098
3.054622093582263
3.052962681878357
3.0513747775330153
3.049891072972771
3.0481775355098626
3.0465156506349875
3.0450350534378616
3.0434045235712643
3.0417747476433314
3.040236017749927
3.0387140038422746
3.037036799539439
3.03540825031212
3.0339383087690055
3.032229197082523
3.030599487194887
3.02909862801824
3.027514644388555
3.025872667148524
3.024316170484375
3.022816491040713
3.021122512463081
3.019462576106189
3.0179958254816945
3.0163204047290595
3.014700840103306
3.0131831500545703
3.011634393910582
3.0099788219006487
3.008395624395862
3.0069143489086865
3.0052049113556025
3.0035451362918915
3.00206858773948
3.0004386259133886
2.9988128230251183
2.9972787519103243
2.995758017185034
2.994085937358259
2.992464803451003
2.990997143538787
2.989289564148681
2.987660483904312
2.986165063889637
2.984579665273322
2.982942754475673
2.9813926808276623
2.9798934552322347
2.9782058444742936
2.9765534217784824
2.9750902592037027
2.973411516525848
2.9717951472838884
2.970283991545462
2.9687326634895834
2.9670837951110274
2.965511124478248
2.9640295680308935
2.962326961562923
2.9606667847989243
2.9591971595046407
2.957559792581115
2.9559398949372233
2.9544136019896308
2.9528898885474892
2.9512262069566852
2.9496197520075325
2.9481526015118704
2.9464452726009047
2.9448115188034407
2.9433252392394373
2.941731133282502
2.940101570291534
2.93856105132863
2.937058928514731
2.93538078740194
2.933742060253656
2.9322820490801726
2.930594688626792
2.9289798496457338
2.927478244522322
2.925918568960346
2.9242788110000664
2.9227209133357333
2.9212360568599447
2.9195440198392286
2.9178870648852557
2.916425584564578
2.9147730187687984
2.9131599798881576
2.9116448301609874
2.9101127644758105
2.9084608303908968
2.906876450728989
2.9054066743000133
2.9037034820637735
2.9020580371342004
2.9005849461086495
2.8989729403848106
2.8973529218177965
2.8958244707972796
2.8943151964475535
2.892649611566081
2.8910330892833365
2.889573926582359
2.887876697410774
2.8862573322273612
2.884768652928364
2.883193447405701
2.8815645443460083
2.880023133985261
2.8785316465264605
2.8768536970107625
2.8752118202665113
2.873756545911906
2.872083566456316
2.8704750006860404
2.8689739566051284
2.8674270169294025
2.8657890189493056
2.864230265751833
2.8627536899734127
2.861063486898145
2.8594109165708006
2.8579521186023626
2.856312712872823
2.8547032881407746
2.8531902777779203
2.851667336880661
2.8500181205614044
2.848433871298987
2.846970561105869
2.8452720235486053
2.84363506404103
2.8421645419262176
2.8405621828322447
2.838946080433669
2.837421652331457
2.835918679555781
2.8342576826011063
2.8326452751815703
2.8311910848719157
2.829499694722212
2.8278855679397923
2.826401663425481
2.8248315079369877
2.8232079511212578
2.8216725031204146
2.8201851975186
2.818513751226079
2.8168793262809224
2.8154289016182252
2.8137584075541238
2.812154422419652
2.810660107536325
2.8091148494816647
2.8074839291078506
2.8059344299756535
2.8044603495779885
2.8027785200328985
2.8011321524063684
2.799680009719754
2.7980378984532788
2.7964348192204787
2.794930550100789
2.7934068593952968
2.7917670190264543
2.7901974016519238
2.788735527443188
2.787044721146217
2.785405572046909
2.7839452046617663
2.7823355760758925
2.7807279513357943
2.7792137655965177
2.777708973200872
2.776059091405784
2.7744650748222277
2.773013018777494
2.7713224856644607
2.7697047049124204
2.76823266582235
2.7666536184064836
2.7650399460253543
2.763517081370108
2.762027384253156
2.7603687042120817
2.758753631026866
2.757307367055881
2.755629134886205
2.7540260535192527
2.7525446051295486
2.7509893773472425
2.7493702698504467
2.7478383139391043
2.7463606975180297
2.744694080295894
2.7430634098884417
2.7416192988006243
2.739960243426862
2.738363354158737
2.7368742921667017
2.7353384698871794
2.733713793223504
2.73217028255073
2.730703429314534
2.729028771422903
2.7273897502263043
2.7259440995900914
2.7243088224748098
2.7227126421731445
2.7212159691151467
2.7196978282302937
2.71806640102405
2.7165071152993554
2.71505053242355
2.713368611281883
2.7117342184788056
2.710282607662516
2.7086741769849207
2.707075038864394
2.7055707236925013
2.704068669021011
2.702429644925689
2.7008513835134362
2.6994037005826397
2.697719797572405
2.6961019346388406
2.694641531305277
2.693059034100518
2.691455652165023
2.689944885355952
2.6884560928026295
2.686810412862943
2.6852150649024895
2.6837736188124417
2.6820957084327874
2.680492893102162
2.679024933165097
2.6774632453960896
2.675856230530813
2.6743398987367626
2.672861491863216
2.6712105133393984
2.669602050537719
2.668164417565029
2.666497311029111
2.6649035444629523
2.663430162751522
2.6618845249790106
2.6602745767455054
2.6587526404860906
2.657282784199738
2.655627154180485
2.654008790235704
2.6525732052064606
2.65091933331637
2.6493305742727684
2.647852829556882
2.646320736830293
2.6447079783081158
2.6431796432008454
2.6417175210361967
2.6400573375038876
2.6384320166243804
2.6369969373500517
2.6353582461947873
2.633771912759393
2.6322900133934946
2.6307704704801753
2.629154538844412
2.6276182968866504
2.6261636691197614
2.6244988588273688
2.6228707076145175
2.621434375373234
2.619812826954622
2.6182269222757073
2.616740741164712
2.6152332529524376
2.613613591229771
2.6120675232455373
2.610620235672082
2.608951302942247
2.607326519830057
2.6058869778655445
2.6042838300611404
2.6026968664820873
2.6012065218963523
2.599710338543035
2.5980866986320814
2.5965296337464197
2.5950890844722894
2.593418061835351
2.591802575652922
2.5903585599102996
2.5887731866057067
2.5871845640991036
2.585690861119592
2.5842044409478038
2.582577416980427
2.581010370088703
2.57957534233846
2.5779053478510057
2.576300637391303
2.574852533344449
2.5732820810519823
2.5716921559243735
2.570196254163429
2.5687175899079824
2.567088360611102
2.5655139624463277
2.564083126893849
2.5624164017178677
2.5608203381694983
2.5593695836045938
2.5578103679629094
2.5562199157148293
2.5547228622364675
2.5532501095892144
2.5516198526415224
2.5500408554460607
2.5486132085720667
2.5469504758977397
2.5453605451460453
2.5439085738712914
2.5423574557006856
2.5407672239979937
2.539269905180121
2.5378016379000754
2.5361713393564376
2.5345900238770613
2.5331649296302694
2.5315059850646535
2.529920379133789
2.528468320722351
2.5269229313321087
2.5253335454190977
2.5238367575786653
2.522371896911172
2.5207423911265887
2.5191606185409388
2.5177376887775584
2.516081921124182
2.514499417214194
2.513048174316644
2.511506664837532
2.509918662949654
2.508423160229955
2.5069608345158625
2.5053328702913533
2.503752251918634
2.5023312320198174
2.5006778793775295
2.499097571259858
2.4976479243151033
2.496108720252239
2.4945225917266365
2.4930291016532786
2.4915685446969547
2.489942823438557
2.488364844492229
2.4869455332826793
2.48529382808914
2.4837149286510503
2.4822675991272325
2.480729252792977
2.4791454529643535
2.4776546630250227
2.4761951609808417
2.4745723437614724
2.472998417719074
2.4715806126131263
2.469929907978924
2.468351623034697
2.4669072970202524
2.4653684261291784
2.4637873732832825
2.4622998966544816
2.460840772965445
2.4592214630819513
2.4576529176567203
2.456236381135848
2.4545862825976923
2.453007749652282
2.451567074096646
2.450026362192638
2.4484484217811624
2.4469647542750104
2.445505382429695
2.4438900908741856
2.4423280947145245
2.4409125441396182
2.4392630180310584
2.437683324290713
2.4362468779964193
2.4347031232375334
2.4331285881901583
2.431649076965931
2.4301889068292364
2.428578019784319
2.4270234859453668
2.425608608412945
2.4239600167573245
2.422378312072848
2.42094656575009
2.419398746907413
2.4178278262813855
2.4163526744073884
2.41489125389231
2.4132850260678875
2.41173856407676
2.410324045947757
2.40867707316867
2.407092747000285
2.405666033893059
2.4041133401901633
2.4025461644463455
2.4010754835619688
2.3996124442113875
2.3980110341606076
2.396473003619334
2.3950585478860775
2.393414063766398
2.391826904876459
2.390405426236426
2.3888471955951225
2.387283839502336
2.385817736580508
2.384352726539451
2.3827562676667515
2.3812269302949542
2.379812236680023
2.378171191832971
2.3765814862793126
2.375165355382663
2.373600902992754
2.372041415690395
2.3705800918107083
2.3691126490403063
2.367521335157443
2.366001047333199
2.364585744932254
2.36294917160312
2.3613578181680177
2.3599471074726264
2.3583754674755184
2.3568198815290877
2.3553637317695673
2.3538930964922913
2.352307268168934
2.3507966589724436
2.3493801921441255
2.3477493151862125
2.346158162948318
2.3447528956239836
2.343172510862299
2.341620776952176
2.3401705081758455
2.338695336774967
2.337115558769243
2.335615634060177
2.3341970929291085
2.3325735011014297
2.330986133914519
2.329586116310416
2.3279946036663235
2.3264462910945354
2.3250030606753596
2.3235209768920146
2.3219480742817646
2.320460238419088
2.3190381171557206
2.317423892848391
2.315846697829849
2.314451058534884
2.31284564576603
2.3112989715220964
2.309864520792864
2.3083715365238824
2.3068064740730048
2.3053319783644293
2.303904029092687
2.3023013716631926
2.3007429909352206
2.2993494626756976
2.297729991844866
2.2961797672662265
2.294756346020832
2.2932469786917253
2.291690359274287
2.290229048338411
2.2887927503903756
2.2872025965636156
2.2856688194365042
2.284273928218338
2.2826478859499097
2.2810859602825815
2.2796755346743383
2.2781448521962697
2.2765964746073006
2.2751462474378297
2.2737000636512135
2.272121264273929
2.2706107281160555
2.269211800837949
2.2675899772146595
2.2660159581011245
2.264617913505935
2.263064606582553
2.2615234642869706
2.26008274131601
2.2586259628048992
2.257057161496045
2.2555664049943673
2.254162124065247
2.252550685122518
2.2509762835190426
2.249587704695394
2.2480116933885195
2.246475899471281
2.2450455322796827
2.2435756145597536
2.242016927482124
2.24054512432062
2.2391334928956357
2.237536288891164
2.2359787584194097
2.234595661555494
2.2329960305435863
2.231460168012132
2.2300428682917746
2.2285531043009885
2.227005247592082
2.2255520046441344
2.224129412328398
2.222548854959233
2.221023097289007
2.2196392214063936
2.2180254120877203
2.2164758845578514
2.2150752289268527
2.2135565785812035
2.212019279910197
2.210581088922527
2.2091443621435523
2.2075788420531977
2.2060846111540022
2.204694402336764
2.2030866700389806
2.201521748098079
2.2001372174453726
2.198585710025198
2.197057152476216
2.195631325771468
2.1941783191304083
2.1926254847388065
2.191156576770964
2.1897573304773403
2.188165576674991
2.1866115433651574
2.1852363815162956
2.1836527143772577
2.1821270427108352
2.1807158707788985
2.1792401022310988
2.177700054599283
2.1762542358194805
2.1748419268125887
2.1732700659124102
2.171752716254382
2.1703775008684683
2.1687734708481625
2.1672328769487135
2.1658411320979867
2.164330470649709
2.1628027086522748
2.161374964245879
2.159945089115978
2.1583910349433255
2.156911422821119
2.155527772683529
2.1539326925004056
2.1523767414446064
2.151003547180138
2.1494514417151382
2.1479330238738665
2.1465200952461365
2.1450684874637655
2.143529140406937
2.142078650279423
2.1406823625387106
2.139108224405217
2.1375782920913373
2.1362120007458754
2.1346235077937905
2.1331011603392787
2.1317071865887285
2.130222497044513
2.128697473946081
2.127271192344906
2.1258565625569417
2.124304764300627
2.122821459434586
2.1214486463108884
2.119856808957406
2.118309973931599
2.11693935940484
2.1154072317552157
2.11389436612456
2.112485155697391
2.111046972565291
2.109512368117551
2.1080644270097086
2.1066779910832305
2.1051081721168754
2.1035801724176113
2.102220652857372
2.1006435541684554
2.0991302829109775
2.097741033077588
2.0962676640870903
2.094748914448648
2.0933289216810755
2.091922349546286
2.0903777044086036
2.0889017189427292
2.08753565887598
2.0859517407552564
2.0844120533057606
2.083048677391721
2.0815218353688936
2.080016330243472
2.078615367390095
2.0771818706668976
2.0756561357825296
2.074219132564376
2.0728371626102216
2.0712784888290816
2.069765471108107
2.068412375758487
2.066837205851327
2.06532705120899
2.063948912085052
2.0624732067338156
2.060964309063029
2.059556103829677
2.0581504037972453
2.0566182177546
2.0551614845876425
2.053797872336324
2.052227446705568
2.0506951345501
2.049343611077642
2.0478057902670908
2.0463087636326094
2.0449210520656664
2.0434817414490354
2.041969009826805
2.0405509575909395
2.039166963809182
2.037626563530436
2.0361448356048006
2.0347951689600023
2.0332211517050545
2.031702757045378
2.030343388850402
2.0288478707140167
2.0273518075468773
2.0259592104428594
2.0245458246036723
2.02302988660257
2.021600261565456
2.0202334972610094
2.018684751310834
2.017179568928945
2.0158382281770977
2.014279014913265
2.0127828683763243
2.011415154385237
2.009954355229914
2.0084576398789733
2.007062410601358
2.005668089987201
2.0041502247466845
2.002710458605947
2.001356806262712
1.9998029411868903
1.9982869762456779
1.9969488421730834
1.9954139567374793
1.9939285642413798
1.9925572289484432
1.9911205715368614
1.9896242066138936
1.9882264701917778
1.9868468837444484
1.9853276029368376
1.98387832258119
1.9825351588729179
1.9809792565468123
1.979464632250046
1.9781267432537855
1.9766163205636187
1.9751361044931457
1.973763979457171
1.9723453101712838
1.9708501854522522
1.9694504616859483
1.9680829243778837
1.9665630098893017
1.965105752786863
1.963771187838887
1.9622169224049046
1.9607115601272072
1.9593731662255
1.957883567373262
1.9564069768959234
1.955036345325956
1.9536310437719042
1.952138475098922
1.950738835431292
1.9493807366422986
1.9478622128235457
1.9464015627802385
1.9450738103945118
1.9435243456224987
1.9420289052313553
1.9406917943709383
1.9392164464498085
1.9377438859941798
1.936376845425029
1.93498052930977
1.9334921962256597
1.9320958540036337
1.9307444641785545
1.9292301906253837
1.9277726227766903
1.9264502490230853
1.9249064633843511
1.923417413586558
1.9220845997201355
1.9206159060258223
1.919148445980632
1.91778681639959
1.9163954429814039
1.914912992048699
1.9135233026887402
1.912176050745092
1.9106689102573922
1.9092208954308534
1.9079027081184223
1.9063646869495747
1.904878180941989
1.903552666722054
1.9020832616324395
1.900621921619271
1.8992673126186648
1.8978770615623957
1.896401930111695
1.8950217852943378
1.8936762498256086
1.8921787649738562
1.8907460414545507
1.8894306185373115
1.8879001506840634
1.8864144127215683
1.8850986692485754
1.883621313407354
1.8821666264531474
1.8808207079569466
1.8794273198845626
1.877960773151518
1.8765925418236375
1.8752460778041515
1.8737603849570603
1.8723477614369635
1.8710330407563711
1.8695146049434246
1.8680350954431515
1.8667300978527452
1.8652372546153941
1.8637879670494404
1.8624533879440552
1.8610502591192168
1.8595936337530234
1.8582394985275617
1.8568882223119536
1.8554162582827682
1.8540276732205194
1.852710402353191
1.8512102019520384
1.849755425796955
1.848458227682409
1.8469467506795514
1.8454941871298132
1.8441759916395943
1.842750842002117
1.8413052378798327
1.8399660132053073
1.838604015651655
1.837146410313161
1.8357824367889293
1.8344584505572086
1.8329799715088435
1.8315663805692273
1.8302691849129171
1.828759665847811
1.8272934855080887
1.8259968052362723
1.824534423999459
1.823098901215708
1.821774276486671
1.8203937002873876
1.8189494791820222
1.8176069970289799
1.8162722720683833
1.8148138185046478
1.8134385477500867
1.8121348972732754
1.8106499044011877
1.8092118009865983
1.807927429474021
1.8064289670614404
1.8049880527135003
1.8036851510222311
1.8022682854650076
1.8008377098443378
1.7995148556894998
1.7981612405869836
1.7967209622708376
1.7953780807305313
1.7940618301329347
1.7926051922750112
1.791223676317076
1.7899344115773264
1.7884488377475092
1.7870033293076695
1.7857259757769652
1.7842506826102902
1.7828262974679538
1.7815241389674181
1.7801340735843403
1.7787095298932183
1.7773917347236057
1.7760546904011603
1.7746208409004685
1.7732821978725881
1.7719783164120941
1.7705276166029553
1.7691487893666282
1.7678696535851226
1.7663902454457319
1.7649504516432357
1.763680040451113
1.7622192607302425
1.7608045323646686
1.759509128351883
1.7581314263395953
1.7567151871914546
1.7554058085322604
1.7540778655443567
1.7526533211110977
1.751324760318201
1.750028260483094
1.748588507723234
1.7472236261286993
1.745951013045075
1.7444843073832872
1.7430585774722152
1.7417975497408782
1.7403371018999512
1.7389283094435677
1.737644885964219
1.736265871310395
1.7348601209861558
1.7335628120468085
1.7322364311565286
1.7308240926038163
1.729511438679493
1.7282170586156826
1.7267931407312533
1.7254528680209296
1.724182372939787
1.7227366206091779
1.721343237512619
1.7200903163990655
1.7186249833798295
1.7172110882616187
1.71594739946046
1.7145470583127371
1.7131532573515262
1.7118704859686382
1.7105354837160354
1.7091369133273877
1.707843062322731
1.7065448201950641
1.7051389159274812
1.703827045247815
1.7025539175423716
1.7011340551109224
1.6997882793145365
1.6985356857764757
1.6970910372964991
1.6956882821666457
1.6944465523334824
1.693005101749021
1.6916151307867353
1.6903535639862524
1.6889888388254914
1.6876050817846475
1.6863313875363029
1.6850184221491131
1.6836307838873916
1.6823467987468266
1.6810643353579546
1.6796700176870085
1.6783693427291202
1.6771087026882863
1.675701661710458
1.6743698002773573
1.6731279504713996
1.6716979053222771
1.6703116816983428
1.6690813968554576
1.6676483355725962
1.6662674116703176
1.665019991315566
1.6636594203823534
1.6622886240995596
1.6610289808949077
1.6597216976559672
1.658348430129691
1.6570810667222164
1.6558043109258564
1.6544268587380029
1.6531480066996125
1.6518920385021796
1.650506563447741
1.649207716124116
1.6479692383446998
1.6465683331833891
1.6452309964540677
1.644008570958519
1.6425844424925171
1.6412011348325457
1.6399809757539494
1.6385848731512156
1.637226240234889
1.6359864615975988
1.6346611160208973
1.6333043142588157
1.6320578551866163
1.6307736806414748
1.6294156459296676
1.6281632351038904
1.6269035020594884
1.6255426739785492
1.6242816638240156
1.623039012348729
1.6216726601770963
1.6203971680043632
1.6191693319002105
1.6177922203368347
1.6164895907584684
1.6152766344070049
1.6138797713408943
1.6125290243710966
1.611326913768607
1.6099225668722739
1.6085682074845389
1.6073532802731099
1.6060120931898307
1.6046728440795037
1.6034466525367437
1.6021586537222123
1.6008198244949843
1.5995903892609478
1.5983316128369074
1.5969928459301022
1.5957600954515068
1.5945190883092566
1.5931794868191154
1.5919421354824053
1.5907137825961069
1.5893719747687012
1.5881272816351637
1.5869099689277117
1.5855635141917037
1.5843060596662693
1.5831002098234852
1.5817444444464306
1.5804629253376286
1.5792698833520042
1.5778967157403543
1.5765717429639845
1.5753892711180415
1.574005724264725
1.5726698256263418
1.5714779174020848
1.5701494841738226
1.568832004348482
1.5676289338409766
1.56635413455229
1.5650388311511658
1.5638346295253085
1.5625887192880605
1.5612755278527082
1.5600715494790847
1.5588418854094952
1.5575306703043548
1.5563274900224786
1.555107558732595
1.5537983159749762
1.5525961860738058
1.5513827500731887
1.55007548832694
1.5488745575601304
1.5476660122280894
1.5463607565906066
1.5451611312835798
1.543956674036311
1.5426534622322274
1.5414552324556323
1.5402544521608659
1.5389533315595811
1.5377565856709878
1.536559257862345
1.5352602843606469
1.534065117258295
1.5328711033240225
1.5315743423487782
1.5303808637391285
1.5291900595196513
1.5278955895634971
1.5267039321862492
1.5255162389748524
1.5242241562668586
1.523034487658096
1.5218497934893238
1.5205602190564669
1.5193727560739514
1.5181909187002982
1.5169040077956473
1.5157190365063071
1.5145398646954562
1.513255819188648
1.5120737193853795
1.5108969496714129
1.5096160328355295
1.5084373073379367
1.5072625727553686
1.505985123770279
1.5048104257220143
1.5036372155486795
1.502363657329944
1.5011938045787299
1.5000214170571051
1.4987522465589378
1.4975882002970649
1.4964156959311539
1.4951514359771514
1.49399421065602
1.492820389114255
1.4915614829090154
1.4904119611278823
1.4892353771099482
1.4879820377081292
1.48684068861434
1.4856598935044079
1.484411938087911
1.4832785968784625
1.4820924869442427
1.4808493283595168
1.4797231522077856
1.478531393478458
1.4772922343686778
1.4761719319242732
1.4749752240821725
1.4737393517301218
1.4726235893523063
1.471423514570674
1.4701905014905619
1.4690782496530435
1.4678767608077778
1.4666464774591188
1.465537145555316
1.464336015785436
1.463108524841745
1.462001903938797
1.4608024066893854
1.4595778469712963
1.4584739700273255
1.4572768298721628
1.4560553420955447
1.4549543498067774
1.4537598622135761
1.4525415574685445
1.4514436077732489
1.4502518085528204
1.4490367629788365
1.4479419855333628
1.4467527970924807
1.4455410585447062
1.4444495417638537
1.4432628690094642
1.4420544682252727
1.4409662645210222
1.439782044081959
1.4385770047251671
1.4374921431126502
1.436310356887208
1.4351087023660452
1.4340272009503416
1.4328478694429307
1.431649626492449
1.4305715014241625
1.4293946708616099
1.4281998702922425
1.4271251407968502
1.4259508692662317
1.4247595454534263
1.4236882351658922
1.4225165835071023
1.4213287735611697
1.420260910270928
1.4190919372378767
1.4179076796844732
1.416843294252876
1.4156770551197904
1.4144963890044904
1.4134355139670087
1.4122720606501735
1.4110950257731838
1.4100376945886386
1.4088770774752677
1.4077037137505335
1.4066499600969815
1.4054922293979513
1.4043225778072634
1.4032724360609683
1.402117642339446
1.4009517441999453
1.399905249404507
1.3987534439668599
1.3975913417139667
1.3965485292840423
1.395399764526814
1.3942415012054665
1.393202407344805
1.3920567361225988
1.390902355836622
1.3898670174442649
1.3887244938073138
1.3875740415299678
1.3865424964017976
1.3854031752331981
1.3842566967519507
1.3832289835290568
1.3820929199923118
1.380950462343589
1.3799266204125515
1.3787938709291652
1.3776554818468973
1.37663555157862
1.3755061729305595
1.3743719011616446
1.3733559237049033
1.3722299737255232
1.371099868959308
1.370087886299471
1.3689654233620283
1.3678395363171414
1.3668315911142541
1.365712674535373
1.3645910570563056
1.3635871930924974
1.3624718833828027
1.3613545882404294
1.3603548500021088
1.359243208325278
1.358130289195743
1.3571347219747572
1.3560268105909539
1.3549183223459647
1.3539269724986647
1.3528228546462562
1.351718853523742
1.3507317681548854
1.3496315081929462
1.3485320512016192
1.347549278456543
1.3464529417039457
1.345358087191951
1.3443796760619402
1.3432873289103795
1.3421971363079146
1.3412231367530416
1.3401348468869583
1.3390493768507574
1.3380798398138605
1.3369956761474393
1.3359149905677503
1.334949967982784
1.3338700004316417
1.332794162557531
1.3318337073497317
1.3307580071563179
1.329687081485067
1.3287312477031599
1.3276598873475902
1.3265939396046156
1.3256427821779688
1.324575835587559
1.3235149327213733
1.322568507796247
1.321506049771428
1.3204502604288233
1.319508625009626
1.3184507321735417
1.31740012616723
1.316463338432445
1.3154100887925344
1.314364737432878
1.3134328565876894
1.3123843296874287
1.3113443059260017
1.3104173927758234
1.309373669558948
1.3083390474391572
1.3074171634634182
1.3063783262545805
1.3053491817066551
1.3044323897737353
1.3033985225358866
1.3023749329426295
1.3014632970396405
1.3004344854596988
1.299416529806764
1.2985101152861374
1.2974864466671199
1.2964742055665326
1.2955730788512692
1.2945546420900522
1.2935481978183787
1.29265242665895
1.2916393126104622
1.2906387491977758
1.2897484026525794
1.2887407041052656
1.287746107309214
1.2868612559398152
1.2858590671558567
1.2848705246545387
1.2839912402861628
1.2829946575652242
1.2820122585299127
1.2811386141970262
1.2801477355848225
1.279171571293611
1.2783036415871567
1.277318567562586
1.276348731234215
1.2754865921675518
1.274507425114115
1.2735440118967947
1.2726877411115767
1.2717145852562208
1.2707576920964754
1.2699073684543463
1.2689403305045144
1.2679900565784115
1.2671457606602192
1.266184949262027
1.2652413957491806
1.2644032096699067
1.263448735996558
1.262512006217633
1.261680013763893
1.2607319910843886
1.2598021904433163
1.2589764767465452
1.2580350206946587
1.2571122567516206
1.2562929088612984
1.2553581377862926
1.2544425204763434
1.2536296270859428
1.2527016617305615
1.2517933032840651
1.2509869548778763
1.250065918533766
1.2491649333852224
1.248365222179631
1.2474512406776543
1.2465577456292567
1.2457647656467041
1.2448579674949085
1.2439720817288586
1.2431859286501992
1.2422864451207454
1.2414082901667542
1.2406290617037574
1.239737027162149
1.2388667273872767
1.238094523100922
1.2372100747050316
1.2363477566802663
1.2355826780978656
1.2347059559054308
1.2338517487388458
1.2330938994048033
1.2322250465361395
1.23137908208425
1.2306285676051656
1.2297677301956367
1.2289301427973003
1.2281870707377798
1.2273343982404212
1.2265053249620592
1.2257698049294055
1.2249254499026365
1.224105030393635
1.2233771741315655
1.2225412925566814
1.2217296692056132
1.2210095907766334
1.220182339686177
1.2193796585513481
1.2186674731904246
1.2178490160821107
1.2170554250317245
1.2163512510433452
1.2155417548084984
1.2147574044826082
1.2140613624362686
1.2132609973264377
1.2124860413200824
1.2117982541128092
1.211007193677875
1.2102417883404148
1.2095623811727312
1.2087808025179922
1.2080251067782308
1.207354207071425
1.206582291199335
1.2058364670758204
1.205174204605885
1.204412135977774
1.2036763482362802
1.2030228550056488
1.2022708219199245
1.201545238373674
1.2009006488203464
1.2001588435620516
1.1994436349302013
1.1988080856856351
1.1980767041491336
1.1973720442035656
1.1967456741247835
1.196024916179801
1.195330981815484
1.1947139321889675
1.1940040016554128
1.1933209731797192
1.192713387477099
1.1920144920099862
1.191342552896502
1.1907445766781448
1.190056927624841
1.1893962650592087
1.1888080460328145
1.1881318590591348
1.1874826639186933
1.1869043518300877
1.1862398464588693
1.185602313613942
1.1850340602579137
1.184381460128173
1.1837557888464283
1.1831977477623086
1.182557280751315
1.1819436747192267
1.1813960013315168
1.1807678997926434
1.1801665674821908
1.179629418886418
1.1790139196377099
1.1784250746049343
1.177898609623272
1.177295954409261
1.1767198150836646
1.1762041942090655
1.175614629710544
1.1750514193189707
1.1745468046399132
1.1739705825927271
1.1734205286667352
1.1729270838437795
1.1723644613448196
1.1718277948601044
1.1713456852443542
1.1707969246254577
1.1702738790840803
1.1698032716931401
1.1692686407845865
1.1687594506323142
1.1683005141749092
1.167780286060371
1.1672851849879573
1.1668380897717068
1.1663325429529425
1.165851762123806
1.1654166799288181
1.1649260984633019
1.1644598644058177
1.1640369682785414
1.1635616420278336
1.1631101747626948
1.1626996386909851
1.162239863888153
1.1618033746728478
1.1614053731528986
1.1609614512235402
1.1605401411596958
1.1601548479010544
1.1597270872392638
1.1593211449374643
1.1589487321797498
1.1585374523129814
1.1581470501888593
1.1577876886179006
1.1573932173661179
1.157018510103758
1.1566723666665881
1.156295040078715
1.1559361618230082
1.155603396906796
1.1552435587226693
1.1549006202165333
1.1545813834011578
1.1542393843214342
1.153912469262127
1.1536068924091356
1.1532830890248116
1.152972248713201
1.1526804344525334
1.1523751883529858
1.1520804327405731
1.1518024343327073
1.1515161118944306
1.1512373918103924
1.1509731750732963
1.150706148278126
1.150443317310164
1.1501926709762815
1.1499453217303768
1.149698040384062
1.1494604318147201
1.1492331168503351
1.149000607180863
1.1487748430438967
1.1485676776802394
1.148347969341108
1.1481330125487044
1.1479444215620442
1.1477338752925106
1.1475419665899507
1.1473635713898231
1.1471794248244476
1.147007566280355
1.1468362537759804
1.1466832636151432
1.1465207184417794
1.1463661064462969
1.1462292010810444
1.1460862434160022
1.1459564480176863
1.1458232949378933
1.1457117876649365
1.1455893814246203
1.1454849931700013
1.1453779579950787
1.1452893149177104
1.1451940822578197
1.1451141369790288
1.1450310967989525
1.1449655677923714
1.144901052974716
1.1448435241915083
1.1447919216713263
1.1447451335331342
1.1447085394971825
1.1446756201668042
1.1446487844517346
1.144628029571476
1.1446112936481263
1.1446007011940644
1.1445950130129556
1.144592726986963
1.144592331173432
1.1445923290371776
