3.1512875883232405e-8
3.1951915330716275e-8
3.6025890422839336e-8
3.46905501618224e-8
3.7097227598870076e-8
3.8459458370392494e-8
4.16544182478187e-8
4.123381539112319e-8
4.5319346195193536e-8
4.4754706626511915e-8
4.9491482719343456e-8
5.273173520660654e-8
5.443726828006544e-8
5.5457001754613184e-8
5.864720146413103e-8
6.194593440884564e-8
6.498141863016333e-8
6.826167077795413e-8
6.975560640050541e-8
7.405015611294929e-8
7.963228426104974e-8
8.374732364771387e-8
8.435440942825324e-8
9.014574611117797e-8
9.294004121274576e-8
9.545932306808021e-8
1.0054713655164123e-7
1.0797141745949406e-7
1.1264315133301398e-7
1.1708332026557958e-7
1.219023282702597e-7
1.283189233063983e-7
1.361595604267821e-7
1.412355965170448e-7
1.4761832236044295e-7
1.5355113024204633e-7
1.611887105435759e-7
1.7106028848565384e-7
1.7729478626644733e-7
1.8732090367498746e-7
1.945539884054343e-7
2.0225986743114695e-7
2.1256844260684748e-7
2.2397320739465623e-7
2.3252470768913552e-7
2.4731298150572486e-7
2.587133247414247e-7
2.682216794556517e-7
2.795205553328589e-7
2.932142219428371e-7
3.073884334400607e-7
3.2280280494619844e-7
3.4000606738931515e-7
3.5533050377153406e-7
3.716634460915431e-7
3.901103128878731e-7
4.070454657840231e-7
4.285559950986204e-7
4.4805247807108775e-7
4.67955027543127e-7
4.91807363535831e-7
5.172227448684692e-7
5.381785347175198e-7
5.630947046117833e-7
5.917142861300339e-7
6.191736824867598e-7
6.473544842274265e-7
6.829388556651205e-7
7.110829049571355e-7
7.456108566369309e-7
7.809029355967685e-7
8.16739033490492e-7
8.56003245910843e-7
8.968202155048471e-7
9.370150437069513e-7
9.812571806228542e-7
1.0292375262595925e-6
1.0776957631439533e-6
1.129121923078413e-6
1.1799683462098925e-6
1.237087383482892e-6
1.2956848861788107e-6
1.3569037465239645e-6
1.4212326132419093e-6
1.4883469341949747e-6
1.5578306763159287e-6
1.6338477225879307e-6
1.7136114580441567e-6
1.7925936464261444e-6
1.8762752253576573e-6
1.9634319641713993e-6
2.0563842476912696e-6
2.1557031622591648e-6
2.2550083267652726e-6
2.3617412973839376e-6
2.4720005779329302e-6
2.5878801790565327e-6
2.7102911718117324e-6
2.8383301926255053e-6
2.9759116761057446e-6
3.1146181740672026e-6
3.2629241188476e-6
3.417670850858894e-6
3.5762251037749194e-6
3.7458828306361537e-6
3.9226206578622815e-6
4.109116193034764e-6
4.302250248333587e-6
4.5087869856304285e-6
4.72087684928192e-6
4.9414810984554385e-6
5.1775877793043695e-6
5.420284620710798e-6
5.676224332589398e-6
5.944036576346093e-6
6.2258706581046925e-6
6.520268393700439e-6
6.830639437863808e-6
7.151251954417864e-6
7.488972147142346e-6
7.842587885149828e-6
8.213125810251986e-6
8.604026915007753e-6
9.010696245740991e-6
9.43610367282342e-6
9.881717355868196e-6
1.0347066230730557e-5
1.0836703983258058e-5
1.1346596780503036e-5
1.1881519133345768e-5
1.2445728398999652e-5
1.3034868109502128e-5
1.3650431533258913e-5
1.4294030838198823e-5
1.4967627151272128e-5
1.5675152915485584e-5
1.641584857216057e-5
1.7193323014500177e-5
1.8004440224913427e-5
1.8856572439551707e-5
1.9745282159418783e-5
2.067904879687649e-5
2.1656303115497086e-5
2.268086602882632e-5
2.3754412476996047e-5
2.4873904069123303e-5
2.605097368420841e-5
2.7282086786850493e-5
2.85690528305244e-5
2.9921454554314738e-5
3.1329193289793836e-5
3.281197784077643e-5
3.436389452569607e-5
3.5985294645454684e-5
3.7690153532034376e-5
3.946855666576843e-5
4.133650850996516e-5
4.328380678661089e-5
4.533096228055708e-5
4.7475011766921607e-5
4.971900360510318e-5
5.2068882984028386e-5
5.45259608394049e-5
5.71029360902575e-5
5.980144425945937e-5
6.262728154151251e-5
6.558620143140766e-5
6.868823596091868e-5
7.193185464425075e-5
7.532886485143582e-5
7.888828382836857e-5
8.261823745000463e-5
8.652089403682117e-5
9.060866983138498e-5
9.489114177021426e-5
9.937496210450246e-5
0.0001040702120654855
0.0001089898095100422
0.0001141398215490834
0.0001195318442680373
0.0001251797668100155
0.0001310959733232213
0.0001372896703891353
0.00014377876616669056
0.00015057047616682655
0.00015768753475811124
0.00016513988752215293
0.0001729425615013026
0.0001811147509801086
0.00018967481874340844
0.00019863649945588296
0.00020802323921856702
0.00021785258258101716
0.0002281482682814076
0.00023893063944297426
0.00025022047169741024
0.0002620479951260424
0.0002744304364682635
0.0002874006540636064
0.0003009827806571265
0.0003152077813671689
0.00033010158087738164
0.0003457038644323975
0.00036204441622795207
0.0003791525851304803
0.00039707346069982823
0.00041583959565678186
0.00043549529635057943
0.0004560774678225433
0.00047763376905275284
0.0005002108472222758
0.0005238511224685097
0.000548613062874384
0.000574547634876031
0.0006017069693911818
0.0006301465915525225
0.0006599368773950365
0.0006911343359469925
0.0007238077507906813
0.000758025022786995
0.0007938603696727269
0.0008313897672325741
0.000870698370155693
0.0009118646797213111
0.0009549768372498032
0.0010001315008932507
0.0010474242177002202
0.0010969516109442373
0.0011488261968538784
0.0012031550661024874
0.0012600527206396712
0.0013196484414894866
0.001382062411930266
0.0014474338843800082
0.0015158989473855167
0.0015876085726786303
0.001662711711193035
0.0017413775730726856
0.0018237668505396768
0.0019100595643197944
0.002000445206402109
0.002095112801781699
0.002194268103467881
0.0022981231046350597
0.002406908605704952
0.0025208505860711164
0.002640196575144604
0.0027652116904454066
0.0028961532240257552
0.0030333168809293736
0.003176993373405028
0.003327498677214856
0.003485150535322913
0.0036502986388369913
0.00382329801761476
0.004004524939285944
0.0041943789379939676
0.004393269312572459
0.004601631280770258
0.004819921480592677
0.005048616536140663
0.005288220053075415
0.005539256694117262
0.005802280992778261
0.006077872923243974
0.006366641489477691
0.006669223024272719
0.006986294655984736
0.007318559230490492
0.007666762904625938
0.00803168058510924
0.008414131722815462
0.008814979311914701
0.00923512987321219
0.009675538047212459
0.010137203325352116
0.01062117942719732
0.011128578193991294
0.011660568062809894
0.012218378203854572
0.012803309230446334
0.013416716397905041
0.014060040965587887
0.01473478919482671
0.015442553793192119
0.01618500803861327
0.016963906974947013
0.017781106222662758
0.018638541970831667
0.019538243491547647
0.020482352077338152
0.021473095089897153
0.02251279646939801
0.02360388803696115
0.02474889159280613
0.02595042539668332
0.02721120817334342
0.02853404686203707
0.029921833538385536
0.03137756221246964
0.03293308204608576
0.03453943099294857
0.03627610232840218
0.03791379516181817
0.03996265262987992
0.04188992202641444
0.043908784212501835
0.04602310887489402
0.04823695501759879
0.050554566180082625
0.05298040543759989
0.05571662013410725
0.058368929117402386
0.061144232762421445
0.064047995950068
0.06708596430399594
0.07026420606038308
0.07379236606582124
0.07726673029238516
0.08090160421562427
0.08470453196666816
0.08868356996911164
0.09284736354436826
0.09742258915165274
0.10198091219362758
0.1067541855362965
0.11175355743277235
0.11699017308591192
0.12247471754553933
0.12836412524546748
0.13437070401335618
0.14065237925886945
0.14721856215848136
0.15408183266904607
0.1615573349505426
0.1690706772029222
0.1769521030485926
0.18523003955678596
0.19392708620992746
0.2030561357263892
0.21262172179578276
0.2226276273105182
0.23342682692881048
0.2443668999188207
0.25583390552467716
0.267868196544285
0.28049527130446894
0.2937240669939839
0.30756129393640663
0.3223312941269651
0.3374778042634775
0.3533537845093438
0.3699895175437836
0.3873961182619545
0.40587499090080487
0.42490744745040715
0.4448454431444257
0.46572702257058257
0.48756090522272233
0.510626416584899
0.5344855075533168
0.559479824337163
0.5856422489989268
0.6129800292631997
0.6417858530076028
0.6716593498779786
0.7029048816448211
0.7355638810544438
0.7699582188390109
0.8057129017930501
0.8430357078765462
0.8818958278702875
0.9226253125299271
0.9649678291279341
1.0092149137849888
1.055684286400331
1.1040672988505345
1.1544957408816077
1.2073339599299837
1.2625372912617567
1.320135835862325
1.3800756289590679
1.4420918114864048
1.5064307779258435
1.5738266393660816
1.644508598692502
1.7186327743409644
1.7968426757507787
1.878597388210197
1.963437169189411
2.050984380323802
2.1416526624485357
2.23703851306927
2.3372105867212016
2.442960019592902
2.55351218365617
2.667911668392788
2.785818942457853
2.909163379274529
3.0389588934825893
