-786.7016468127382
-786.4303500656563
-785.616477464664
-784.2600279477695
-782.3609878464332
-779.9192803818286
-776.9349276060949
-773.4078796032773
-769.3380944710253
-764.7254871812476
-759.5700592436692
-753.8717091273342
-747.6304959464305
-740.8462487334699
-733.5188046517923
-725.6481575569439
-717.2341360349873
-708.2766713715672
-698.7756828073725
-688.7310651909413
-678.1426610230797
-667.0101593990597
-655.333495984573
-643.1125586173457
-630.3471246612239
-617.0370095519753
-603.1820312736791
-588.781995622127
-573.8366415730744
-558.3460163918257
-542.3094535026856
-525.7268466160268
-508.597927755543
-490.92233234099376
-472.69989272696705
-453.93011918841603
-434.6127066455235
-414.7472582554672
-394.33336852455346
-373.3705952352002
-351.8584689630712
-329.79649336816163
-307.1841521887561
-284.0208290389962
-260.3059142041608
-236.0387670372252
-211.2186247500838
-185.84467250270166
-159.91601904827624
-133.43168359296027
-106.39051485587653
-78.79127378321725
-50.63259338739093
-21.912736652309192
7.370339526086186
37.21923197932661
67.6374117548996
98.6304298028756
130.2084645615242
162.38665043910026
195.18219977006268
228.61139151536676
262.6884226798144
297.42531432963995
332.8321918423526
368.9176542575034
405.6883428809742
443.14965596268377
481.3056813463992
520.1595138774309
559.7134186519071
599.968859571095
640.9268397293412
682.5878023206532
724.9518948216503
768.0188796617704
811.788244819977
856.2592286649569
901.4310662630168
947.3027424359443
993.8731749749014
1041.1412121932196
1089.1055997163269
1137.765067121593
1187.1183327548058
1237.164108186336
1287.9010244489532
1339.3277828702583
1391.443074103968
1444.2455012919756
1497.7338073364822
1551.9066407215776
1606.7626243587895
1662.3006640655765
1718.5195836061823
1775.4179807224864
1832.9946787815134
1891.2484702633612
1950.1781813820314
2009.782670775512
2070.0607618074646
2131.0113663352818
2192.633431119936
2254.9258081302387
2317.8874829435645
2381.517504693877
2445.8149001000543
2510.7786303274747
2576.4077632618005
2642.7013536563204
2709.6584979192066
2777.27827056821
2845.5598267286473
2914.5022897081326
2984.1048066779717
3054.3665677832055
3125.286793670021
3196.864684502338
3269.0994503155844
3341.990280824609
3415.536536966816
3489.737443166053
3564.5922427692853
3640.100358092074
3716.261124859446
3793.0737818309526
3870.5378181884475
3948.6524877044167
4027.417183893856
4106.831313071992
4186.894230584192
4267.605392319582
4348.96420965828
4430.970306542351
4513.62287432322
4596.921395634681
4680.865346000912
4765.454273095956
4850.687606283103
4936.56489122441
5023.085620027341
5110.249304980535
5198.0553573343595
5286.503568673757
5375.593349914265
5465.324306068406
5555.69591572425
5646.7077784869625
5738.359475540313
5830.650618573387
5923.580741964114
6017.1495591458515
6111.356632518665
6206.2015642389215
6301.68399132245
6397.803665471907
6494.559712402649
6591.952091284782
6689.980412265948
6788.644405151159
6887.943696281344
6987.878050444899
7088.44705372706
7189.650450722275
7291.487869178313
7393.959035932527
7497.063590861918
7600.801214348926
7705.171602129495
7810.174595963476
7915.809825098437
8022.07699045067
8128.975799262931
8236.506000194133
8344.66728895627
8453.459412684679
8562.882111216692
8672.935152105807
8783.618279243216
8894.931223123049
9006.873734695257
9119.445596064728
9232.646584402533
9346.476407944381
9460.934965522356
9576.021897185474
9691.737067894102
9808.080206458018
9925.05107485693
10042.649507679425
10160.875442128108
10279.72864109206
10399.208629212206
10519.315517182335
10640.048996611818
10761.408996519784
10883.39540016358
11006.007951568112
11129.246512961454
11253.111031695504
11377.6014073134
11502.717507025907
11628.459144439295
11754.826279606452
11881.818853727958
12009.436713309246
12137.679840733244
12266.548166108883
12396.041607434787
12526.160121654699
12656.903717370038
12788.272483924384
12920.26620791659
13052.884788582236
13186.128504144084
13319.997252785224
13454.49113571909
13589.610246353355
13725.354551297853
13861.724231276463
13998.7193286638
14136.340007935793
14274.586390016033
14413.458629171877
14552.95686435063
14693.081419513837
14833.832410743029
14975.210116054266
15117.21475489808
15259.84658220968
15403.105823558411
15546.993232494677
15691.50901542691
15836.65363984024
15982.42753160504
16128.831173077728
16275.865164824669
16423.53005374688
16571.82649399803
16720.755182864435
16870.316834667286
17020.512321670703
17171.342426623258
17322.8081906767
17474.910566413575
17627.650674283086
17781.02981514534
17935.049222972648
18089.71030948246
18245.01456527445
18400.963723811754
18557.559551130715
18714.804010222706
18872.69919600842
19031.247561279393
19190.45161307622
19350.31413560003
19510.83812462947
19672.027107204627
19833.884707984198
19996.414963588613
20159.622439542294
20323.512086903353
20488.08951014841
20653.36081743575
20819.332876113804
20986.013416356327
21153.411088887347
21321.53559219062
21490.398064147972
21660.01100182904
21830.38874788758
22001.54772109254
22173.50679335669
22346.287898491104
22519.916482379824
22694.422488835444
22869.84131743167
23046.21487159061
23223.593643238866
23402.03852779497
23581.623974572736
23762.441887418037
23944.606955371673
24128.264070221965
24313.598757475997
24500.85155717325
24690.338372467708
24882.47762678813
25077.82355936365
25277.090399724642
25481.101136573703
25690.378706210107
25903.2735168836
26109.090541103385
26275.34461785306
26377.339280538432
26464.94194654843
26580.112551802915
26720.653357923737
26877.049523505222
27043.14306795828
27215.50662922822
27392.200670419603
27572.070000785883
27754.38710172087
27938.67451128616
28124.60333598823
28311.940347254284
28500.515767148074
28690.202551835082
28880.90382924288
29072.544781005057
29265.066688031704
29458.422829319938
29652.57578828569
29847.494960791515
30043.155229579705
30239.53596238657
30436.61989093913
30634.3926363855
30832.842115126536
31031.95780814667
31231.731813492817
31432.15653849098
31633.22538409435
31834.93270175159
32037.27328823415
32240.24282773561
32443.837715085334
32648.054651744053
32852.89081972713
33058.34381378948
33264.411282093526
33471.09135231523
33678.38230967691
33886.28256818067
34094.790930326744
34303.90614166682
34513.6271499848
34723.95309002598
34934.883116991245
35146.4166090022
35358.5529282247
35571.29159018325
35784.6320824468
35998.57415993889
36213.11735933549
36428.26145096859
36644.00607346482
36860.35091314507
37077.29611866918
37294.841777446025
37512.987757155664
37731.73330688761
37951.077975938315
38171.02192357346
38391.56559154047
38612.708890289796
38834.45163127679
39056.79365182438
39279.734895754555
39503.27535557541
39727.41501443172
39952.15375715882
40177.49169683988
40403.42881139903
40629.96507742515
40857.10060678211
41084.83533886644
41313.169318622255
41542.10250546733
41771.635020163936
42001.76687438008
42232.498098967844
42463.828832003666
42695.75994341215
42928.290425452426
43161.41962261697
43395.148423488754
43629.4768420043
43864.40489620949
44099.9325539019
44336.05984621992
44572.7868431098
44810.11360932387
45048.04026708499
45286.56676212052
45525.69306716434
45765.419363552166
46005.74573870216
46246.6720345517
46488.19835940169
46730.32496291625
46973.05169682064
47216.37846335511
47460.30555021798
47704.83307533328
47949.960688448875
48195.68888777891
48442.01735585736
48688.9463441229
48936.47604809815
49184.60729598246
49433.33675179938
49682.6682385556
49932.600325896994
50183.13359024948
50434.26674748297
50686.000948010136
50938.33642059227
51191.2729286435
51444.81026716783
51698.9483883448
51953.687423186086
52209.02782039009
52464.969569056884
52721.51253908895
52978.65654514727
53236.40159122928
53494.747846584745
53753.69554560175
54013.244862971915
54273.39584024181
54534.14834343226
54795.50223019084
55057.45756096586
55320.01460325423
55583.172906571424
55846.93306931573
56111.2951952476
56376.259637551295
56641.82565493711
56907.993879955546
57174.76370456125
57442.1354182742
57710.10864478663
57978.68404553145
58247.86147321031
58517.640983161946
58788.02262805117
59059.00653005935
59330.59273211935
59602.78128401617
59875.572185315956
60148.96541541664
60422.961133243916
60697.55928160961
60972.7598916292
61248.56295417796
61524.968553079874
61801.97667243086
62079.58735517613
62357.800659780994
62636.61666095868
62916.0351729519
63196.05627189635
63476.68010845279
63757.90667110112
64039.73597463308
64322.16805613418
64605.202895396505
64888.84054233711
65173.081189532735
65457.92465877689
65743.37100449661
66029.42007547036
66316.0721577192
66603.32733282207
66891.18567014633
67179.64719571163
67468.71186619147
67758.37986655589
68048.65109951461
68339.52550833578
68631.0028765908
68923.08309334502
69215.76575774011
69509.05066793709
69802.9376064174
70097.42644454759
70392.51733895324
70688.21053433359
70984.50662071892
71281.4059508329
71578.90879359297
71877.01504629679
72175.72419054905
72475.03529047861
72774.9475767946
73075.46059199332
73376.57478010764
73678.29139857563
73980.61208995974
74283.53809407225
74587.06935048604
74891.20471719374
75195.94196930602
75501.27948529077
75807.21744589049
76113.75813908636
76420.90478560643
76728.65919813189
77037.02022552805
77345.98415019167
77655.54752779398
77965.71032637928
78276.47650666465
78587.85111597557
78899.83566490728
79212.4261749438
79525.61637869223
79839.40407005943
80153.79405561274
80468.79397902088
80784.40618685751
81100.6242717553
81417.43968515383
81734.85180324227
82052.86986414719
82371.50246298447
82690.74644062374
83010.5896897542
83331.026678825
83652.06688787122
83973.72320857485
84295.99381830933
84618.8632766361
84942.32441046988
85266.39015846953
85591.07561427973
85916.37437901158
86242.26677538824
86568.75111164698
86895.84821280751
87223.56827981609
87551.89231294935
87880.80295230477
88210.31578545213
88540.45399595251
88871.20642556752
89202.54542841915
89534.47844169094
89867.03618504501
90200.21509695977
90533.98144008871
90868.3371285766
91203.3183984803
91538.92392576081
91875.11475273916
92211.89431769378
92549.30403728747
92887.33638771284
93225.94801165721
93565.15390861237
93904.99761216032
94245.45425335935
94586.48341259421
94928.12224418003
95270.40313859799
95613.27652458633
95956.72517792456
96300.80793653417
96645.52026495992
96990.80179600394
97336.68427563063
97683.21667226909
98030.34156968178
98378.03719258402
98726.3758555006
99075.33984665938
99424.86363903891
99775.00612150619
100125.79875252896
100477.15909398152
100829.11067587325
101181.72337346285
101534.92193195209
101888.68985193035
102243.11865489613
102598.15309612051
102953.74287230906
103309.9878300182
103666.8549144446
104024.26933715744
104382.3329825354
104741.03004179068
105100.26962696998
105460.15573676316
105820.6808299609
106181.74469724626
106543.45758320235
106905.80888577747
107268.69590501155
107632.24048902634
107996.41542249986
108361.12520886242
108726.50628830276
109092.5005782606
109459.03532741303
109826.2568864541
110194.06436001598
110562.43024175086
110931.49271658441
111301.10708072621
111671.3150575358
112042.21201648943
112413.63115171886
112785.69440941111
113158.4107129821
113531.64326983505
113905.56950819239
114280.0851843774
114655.15399275965
115030.9341538249
115407.23808839111
115784.17331298356
116161.77605130112
116539.88373469742
116918.6995381747
117298.08700535468
117678.04410578076
118058.71335958432
118439.87931695966
118821.72868925145
119204.19131843794
119587.18714850098
119970.91404951966
120355.13955455276
120740.03436563205
121125.56005549297
121511.60586314293
121898.39181139298
122285.66915637554
122673.62598487099
123062.20194086092
123451.30778592563
123841.15510286986
124231.47638576275
124622.51295525384
125014.12263510867
125406.30634279615
125799.20648570482
126192.57505193868
126586.70153569509
126981.32837823629
127376.61786896351
127772.54253310284
128168.98813644772
128566.18667666352
128963.83731272689
129362.24862799728
129761.16535995126
130160.74096348743
130560.95255727468
130961.68835745123
131363.17666929224
131765.10965004552
132167.82724557092
132571.00814438087
132974.9095014521
133379.37361518724
133784.43857804814
134190.19079751894
134596.430254313
135003.44791889048
135410.893846509
135819.14108191553
136227.83017692564
136637.2740798461
137047.23376763138
137457.855350661
137869.09664083816
138280.89408327857
138693.4117737044
139106.39730942037
139520.17502112224
139934.3687059759
140349.38555882464
140764.8088095385
141181.0452244313
141597.71604107902
142015.1574344843
142433.08833768094
142851.72661541362
143270.92276870616
143690.75538449088
144111.2176946899
144532.2468969275
144953.97147129616
145376.2024758023
145799.18435578802
146222.62363340845
146646.85688143878
147071.51092169946
147496.98998233915
147922.8645187015
148349.58483891303
148776.68456053987
149204.642791741
149632.97101042705
150062.1650472095
150491.72397307123
150922.1528065984
151352.9436603664
151784.60714200855
152216.63039538322
152649.5290024591
153082.78471411476
153516.9191849664
153951.40719550595
154386.77834065273
154822.49863995198
155259.1069631648
155696.05998823288
156133.90544944975
156572.09241313522
157011.17394313755
157450.5971165026
157890.91244219372
158331.57549150786
158773.12088182155
159215.02912212786
159657.79918542985
160100.95952169155
160544.94730392942
160989.3680300162
161434.56555908124
161880.2556047894
162326.6545459434
162773.6224917624
163221.21595184834
163669.468068548
164118.25236138035
164567.79058455158
165017.76745902124
165468.5872300753
165919.76590114442
166371.85454457038
166824.2526499484
167277.58919689196
167731.2320760968
168185.78922220197
168640.70654411503
169096.4553830992
169552.67499678064
170009.59222086935
170467.1322761881
170925.20843280564
171384.06916922715
171843.31578444506
172303.4747120968
172763.92634595436
173225.33978973873
173687.0482434384
174149.66172747366
174612.68134096748
175076.44768178635
175540.8146921822
176005.71486419547
176471.4285071411
176937.48615720583
177404.50151252298
177871.78125125106
178340.02159114755
178808.60602571137
179277.99475530113
179747.94584281716
180218.4468005131
180689.76890159142
181161.41386231058
181634.04170583645
182106.92380576444
182580.75019656008
183054.97749305112
183529.91348633575
184005.54102495487
184481.57813764582
184958.56373988054
185435.79215431318
185914.01231790488
186392.57014750026
186871.8998387563
187351.87571909637
187832.2845140361
188313.64130860282
188795.23118577816
189277.8211989564
189760.75842451796
190244.43543514196
190728.81357162516
191213.56278691068
191699.31005898028
192185.2783334726
192672.20673741962
193159.58082870848
193647.55552441181
194136.3814139058
194625.46293976493
195115.58483387958
195605.9878035805
