6.87020263651589e-5
0.0040332729281052325
0.007998516618937775
0.011965088481774614
0.015933669428311977
0.01990494136834019
0.023879568575061547
0.027858263825952446
0.03184171026311388
0.035830648833387164
0.03982574612716026
0.04382784520537048
0.047836741132512337
0.051853774617988395
0.055880046706178625
0.05991596974735779
0.06396265442172334
0.06802086997360661
0.07209069637881321
0.07617300064683516
0.08026879902981181
0.08438106482763028
0.08850960095456131
0.09265534014989221
0.09681952252614884
0.10100310636181807
0.10520732043642407
0.10943339078696111
0.11368266324852622
0.11795264122286567
0.12225086742338424
0.12657673501178557
0.13093180509071722
0.13531796033011118
0.13973636230635975
0.14419004129656582
0.1486809354955309
0.15321160311508358
0.15778455746208128
0.1624028939206542
0.16706982316867144
0.17178892044182323
0.17656348790117138
0.18139876136690333
0.1862994883131309
0.19127124840658813
0.19631989960113902
0.20145409768513753
0.20668249882532394
0.21201580595113687
0.21746761298765005
0.22305374018532795
0.22879581827931894
0.23472294851880898
0.2408779541228099
0.2473314200697583
0.25423715311873596
0.26321908347439316
0.2804620007930142
0.3097098527591702
0.3504724736067092
0.40026448650701996
0.45641245538723657
0.5167523943704637
0.579689931271905
0.6440746502478786
0.7090829312177714
0.7741272759421047
0.8387939074989501
0.9027929407515227
0.9659295283110133
1.0280749653165164
1.089164388424687
1.1491617602906263
1.2080510688060413
1.2658465577366913
1.3225715700745617
1.3782605971881576
1.4329541060288458
1.4866950337457838
1.539529372539071
1.5915032604163164
1.642662590587702
1.6930522085090751
1.742715256130396
1.7916958571516115
1.8400353089170873
1.887772232638058
1.9349438226611766
1.981578603560099
2.0277123200132428
2.0733750187609554
2.118596711907871
2.1634025166471442
2.2078211501204454
2.2518739982586626
2.2955839548188677
2.338971053957089
2.3820568011948504
2.4248581143237273
2.4673922386187797
2.509675375015482
2.5517230384818417
2.5935555681883153
2.635177088966506
2.676601784330594
2.7178419969962206
2.758908659985211
2.799811821355183
2.840561050062232
2.8811655124179847
2.9216306935809735
2.9619699159396093
3.0021900489911055
3.042296510124568
3.082296189770966
3.1221945264003095
3.1619973732464173
3.201712774217087
3.2413425735663695
3.2808927515499953
3.320367640408009
3.3597721132190843
3.3991098963468502
3.4383851107773706
3.4776011714853907
3.5167616402483977
3.555869702238391
3.5949280614903807
3.6339398734370794
3.672907576048769
3.711834048643842
3.750720921898936
3.789571420406429
3.8283872486837836
3.8671703926662047
3.9059232965862094
3.9446476647808475
3.983344032041078
4.022014633993866
4.060661292208451
4.099285144661253
4.1378874582562295
4.176469659480727
4.215032805867913
4.25357826771461
4.2921065005690595
4.330619132125273
4.369116941863727
4.4076008763723005
4.446071679360783
4.4845300430365524
4.522976973490781
4.561413060428974
4.599839176802508
4.6382558669362455
4.676663082892182
4.715061830423902
4.753452353358219
4.791835277842206
4.830211311491244
4.868579830317374
4.90694266143144
4.945299517299656
4.983649864120428
5.021996684066535
5.060341268663083
5.098676662955498
5.137013418579954
5.175341736101514
5.213668105832116
5.251991520303988
5.290312588974204
5.32863182472199
5.36694999972289
5.405266837559916
5.44358136744123
5.481888527391907
5.520194855028113
5.558499188262883
5.596803075560176
5.6351073190202365
5.673412518048257
5.711723168024238
5.750036518099968
5.788361748650239
5.826695290736894
5.865037322841801
5.90339386916117
5.941758814770518
5.98016920347529
6.018629762576869
6.057094827065292
6.095599927328601
6.134148358469788
6.172740792721722
6.211389193562139
6.2500972049400545
6.288866964373938
6.3277133256699765
6.366648480370651
6.405669376723321
6.444786790555881
6.484010908687658
6.5233399653602255
6.562810086589438
6.602407297671299
6.642159801845207
6.682064003811895
6.72214119548177
6.762399391969552
6.802852903615152
6.8435130729710645
6.8843994673618685
6.9255211888675365
6.9668933429286986
7.008536756388448
7.050469038611498
7.092705412130675
7.135264057303844
7.1781689177145305
7.221449176604987
7.2651060868167745
7.309194635828814
7.35370487210435
7.398697641742807
7.444191244325022
7.490203461994266
7.536777586966229
7.583956755367136
7.631778090859421
7.680283481335824
7.729517362712723
7.779532628220602
7.830377910197036
7.882101207545119
7.9347750582379515
7.988478239006722
8.043264212933417
8.099224228245081
8.156445272438999
8.215026757876853
8.275062139792976
8.33668215602881
8.400006159011257
8.465149360930306
8.532305294083946
8.601623777656835
8.67326516550245
8.747444435470216
8.824413342489958
8.904411843846638
8.987712023871294
9.074624263290097
9.16550088282393
9.260709911994946
9.360704594169702
9.465977864006817
9.577064719815876
9.694611451776174
9.819329450141186
9.95202365093617
10.093603847699983
10.245134097621493
10.407845400597767
10.583145339194294
10.772666765241492
10.978328215892736
11.202352659888492
11.447392047113976
11.71655960295195
12.013560064313294
12.342894594259887
12.709894344617958
13.121177395804523
13.584735992544745
14.11058002784959
14.711107310150739
15.40208679099921
16.203591127321182
17.14170306996445
18.250679969909463
19.576238457221503
21.180673972656695
23.150443748331966
25.60846827664483
28.73448691220014
32.799394267948095
38.22665814987954
45.70605232210068
56.415331274181554
72.47016455536689
97.84539278049697
140.03251581794984
210.64640710633913
310.28238980618187
389.1284772053187
404.49216135371074
384.43941197965273
356.47963184180486
329.6713890040499
305.8875317183373
285.1073726951147
266.9139059792956
250.87686254249235
236.63088117969534
223.88223150195037
212.39641766643823
201.98643206762983
192.5011835078186
183.8175886846876
175.83394658978705
168.46610270543147
161.64296815519654
155.30456287643892
149.39984456683786
143.8850428969711
138.72233073461751
133.8787740061433
129.32558711586336
125.0374087810058
120.99188059471815
117.16881665916229
113.55103113333587
110.12315002821204
106.87139760884322
103.78302888590933
100.84683995596853
98.05242631118762
95.3900733598379
92.85127632463102
90.42813949838549
88.11359644428657
85.90092353214911
83.78409027625892
81.75744202079383
79.81583321627826
77.95454077949957
76.16902518266691
74.45516293248254
72.8091007867973
71.22724327606875
69.7062100507393
68.24294246984181
66.8345555179095
65.47824167636543
64.17161629514791
62.91221380759661
61.697849209693025
60.52645701339152
59.39592189113913
58.304466510706845
57.25044630116135
56.23262877036812
55.249788992563616
54.299719249864005
53.3810841660907
52.49251935866853
51.6329416677349
50.80133165097829
49.99662537517747
49.21782835918316
48.46387257393215
47.733761540278145
47.0267343127222
46.34184571726913
45.67843700654097
45.03563667283466
44.41266165809848
43.8089506888309
43.22368275337454
42.65632977955202
42.10614068979882
41.57265907652737
41.05524877888168
40.55350970291783
40.06636783787348
39.59374118165944
39.13587134063891
38.69181408855182
38.26098087456396
37.84314301355042
37.43771871085838
37.044472677721956
36.66293016170062
36.29286005688896
35.933723906101314
35.58550759799368
35.247698477807276
34.919942078343425
34.60215010528034
34.29393934739378
33.99489825290613
33.704964077026546
33.42394694749533
33.15141303211011
32.88710806154817
32.630951068862686
32.38267529174615
32.14180803418595
31.909033640185676
31.683250678478238
31.46475208745436
31.25246144306706
31.047759174681342
30.849161116306252
30.656872429448047
30.471124096818414
30.2918280120392
30.117791228263933
29.949612064612605
29.7872719700411
29.630735672715442
29.47957922869053
29.33349478972353
29.192356602641333
29.056354057774087
28.92556206254852
28.799759622721307
28.678683672034946
28.561986550969234
28.4494624779627
28.341351795408695
28.237688054379404
28.138399146047707
28.043519163267614
27.952568237558438
27.865579938751452
27.782536646377718
27.702946298430284
27.627050883625774
27.55464098285156
27.48648362426512
27.422279134898258
27.360912223910375
27.30354125416875
27.249740857583372
27.1990559436922
27.151607250083078
27.107248974871467
27.065943977082622
27.02768807801989
26.992426302371822
26.96018991905423
26.93102607952555
26.90482645834408
26.88155867033257
26.8612390731894
26.843850932071092
26.82929744573159
26.81751228651714
26.808547239849858
26.80234724674761
26.798864376027606
26.79815904668547
26.799984025177206
26.804417126171938
26.81147722010274
26.821080570860758
26.833283247974762
26.847950192634272
26.865266567874663
26.885203684176556
26.907533055276158
26.932505770462043
26.959936365581292
26.990242568457536
27.02318247850504
27.058672226696178
27.09677391838129
27.13741442501473
27.18059166074016
27.226291679034034
27.27433353692615
27.324612313490054
27.377152690172473
27.431566435079766
27.488142618462646
27.547021534644642
27.608379306277456
27.672567431721586
27.73980076501536
27.810321558286997
27.883757870159837
27.959772575795004
28.037686949934926
28.11655857695982
28.19561541412288
28.27458682440782
28.353778010241683
28.4341956349768
28.516924572159517
28.602724720860856
28.69145513058752
28.781662880244365
28.871508394374384
28.959409321283257
29.04530216647568
29.13094821467783
29.21892659999436
29.311130240903726
29.407010315601344
29.503616762997204
29.59747513517407
29.687326516853897
29.77557604499944
29.866797569951547
29.963933722415163
30.06523579387586
30.165352556781844
30.259773152784664
30.349801979839402
30.441772150442272
30.54127741707648
30.64668102031644
30.749999638569772
30.84532998095248
30.93608135860929
31.031994870055836
31.137887558911416
31.246970339838676
31.348152562779855
31.440244251094246
31.53482303755206
31.64154073840733
31.754338543445023
31.858376221385576
31.950971354474007
32.046910345822106
32.15761408639149
32.273061815165754
32.37543067537783
32.46719603109867
32.56899538626453
32.686837540398116
32.800532685575405
32.896111362533794
32.99107225670429
33.10579575652016
33.226917435308216
33.328945690534454
33.42101404139565
33.532360384024074
33.65770576843165
33.76467507755091
33.855956038771154
33.96647952208356
34.09487190290544
34.20356530711214
34.29457852247825
34.40815397170992
34.53916296221569
34.64504491026535
34.73673836704302
34.85793638183596
34.98911107518756
35.087707188576346
35.18460180245538
35.31689986045426
35.44114126359108
35.53153366037886
35.643036232758355
35.78278032957953
35.88983794830058
35.98207924759499
36.11593328710343
36.246242872912575
36.33562127038959
36.45105536903547
36.59561128845986
36.6970713417267
36.79478910907937
36.94042249835866
37.06000063399093
37.14791444212038
37.285640026260914
37.42152920282464
37.50789098667511
37.63452890477453
37.78193402037168
37.87177905574861
37.988324907123555
38.1427592203416
38.237619726212834
38.347029970849306
38.50565228319639
38.60445807320414
38.71008586668009
38.87170266943016
38.97189160056907
39.077144300216816
39.24134971820362
39.33965961098607
39.44835953425288
39.61446206242356
39.707567709589455
39.82440783471903
39.990195353174514
40.07594113377956
40.206256501446205
40.36653693075538
40.44590249451842
40.594623960746105
40.7410640530016
40.82034816365438
40.98849644342116
41.11156326761309
41.20367144160348
41.3837920458556
41.478773097677994
41.600000885378186
41.773248089388765
41.848825411829765
42.00871037873114
42.15014919680235
42.23305265690589
42.42002355477931
42.51632624189247
42.64064195792792
42.81680188046039
42.88811263480721
43.06559864816647
43.18934809575634
43.288631046351504
43.48131029902853
43.55454210848197
43.72121386543889
43.86249682765752
43.95061447039685
44.1507122353044
44.22500460143159
44.39117785274536
44.535513145200795
44.624017466355376
44.82815706079968
44.89717567088247
45.076731922082196
45.2074709182131
45.310516854998404
45.51117084305579
45.573602419962526
45.7766882395294
45.87653608573541
46.01542652174682
46.19119140494825
46.26412446355937
46.48251276116856
46.54745083281242
46.74039330964308
46.85968014317762
46.98385575668743
47.17431841441052
47.24111928642568
47.46718140166853
47.52785529037143
47.73263145688594
47.839447500539734
47.98371046031131
48.15791573969932
48.24041482407537
48.46467267615429
48.5172067084809
48.75057659984952
48.817041542164674
49.01827316035649
49.132752430304805
49.278294035976984
49.45241585582182
49.54263077594908
49.76529435381532
49.81979937507889
50.06538149772289
50.1128484536569
50.352225460063586
50.419926479384756
50.62949991193822
50.736227782666035
50.90275809510143
51.05617554566287
51.17736604069485
51.375022135044574
51.457258255049034
51.68967195378193
51.744522139637375
51.99887642559575
52.0396242109595
52.30284215555538
52.34180124889811
52.60265014901383
52.649692773524684
52.89986096206929
52.96170829835727
53.19603582401043
53.27644271210966
53.49251307645296
53.592686233097744
53.79034928915067
53.909608328139754
54.09022049715424
54.226621296465986
54.3925933248897
54.5434107226472
54.697651217524644
54.85975974402157
55.00557706003257
55.17561614892461
55.31639027779038
55.49091762606845
55.63017554206665
55.805639007154255
55.946934794310465
56.11971007067783
56.26680093495471
56.43305711640089
56.58981000043835
56.745622293857174
56.916038864385904
57.05742323813249
57.245402278399936
57.368552236000404
57.57771189405812
57.679373692896164
57.912474207778786
57.990499248097414
58.24886373970552
58.303039790885485
58.5856455185479
58.61846422119381
58.92112926478813
58.938532587664234
59.25327620235802
59.26543970627217
59.58000980950677
59.60106903105128
59.899625025004475
59.946704818609795
60.21139103675687
60.302363762038404
60.51625883263821
60.66619071188914
60.81736737428917
61.03394909520806
61.1200118563625
61.39930873165838
61.431376403176706
61.754726431895904
61.75864733943688
62.09346092211451
62.10714236315702
62.412159635638396
62.47759537944665
62.71340147790127
62.86418982470965
63.00671144870157
63.254322607097244
63.30730081722677
63.63138018085283
63.631486705959176
63.98054666790175
63.99022092560683
64.29612812019832
64.38237210885944
64.58707188396072
64.79184761666845
64.8764097683587
65.1913207708289
65.19283493969915
65.5538973220575
65.55655441137415
65.8687851188348
65.96584072906992
66.15184801639872
66.39264665331744
66.44144967668085
66.79370909710842
66.77858072854907
67.13656354521297
67.1797957687125
67.42462883512106
67.62058257887743
67.70218372106241
68.04479623939643
68.0281255138435
68.40138702033889
68.43269622023183
68.68785660958515
68.88785454870478
68.96086731125865
69.32001351643602
69.29641259581106
69.66712406056207
69.7248956304081
69.93924083360841
70.19575954004087
70.2200077400637
70.61229086549025
70.59463327973768
70.92229169943342
71.06415172623706
71.1803491671602
71.53157724537743
