0.00025699104525422174
0.0002614654816713604
0.00026601961856098443
0.00027065302904224516
0.00027538515500748136
0.00028018100335018347
0.00028506116196632834
0.0002900251379862688
0.00029507710631228404
0.0003001994918345728
0.00030544719585002606
0.0003107688475801
0.00031618189392814636
0.00032169021587042263
0.0003272779256304955
0.0003329800379062389
0.0003387822577315008
0.00034470236720965814
0.0003506912159433686
0.00035680306742796744
0.00036302031294171283
0.0003693467536333977
0.00037578264235172255
0.000382331918541136
0.00038899561582785654
0.0003957759165519202
0.00040267294330119526
0.00040969154238593175
0.0004168321749501733
0.0004240977290307291
0.00043149005708288
0.0004390109032685457
0.0004466633054971789
0.0004544482829540836
0.0004623701179342062
0.0004704311200897598
0.0004786302629757349
0.00048697404377964055
0.0004954637761560706
0.0005041020290333741
0.0005128904033332154
0.0005218315365230922
0.0005309279492051565
0.0005401842576705866
0.0005496017450688648
0.0005591842378894746
0.0005689332621766017
0.0005788505905557753
0.0005889440690267426
0.0005992120222428005
0.0006096590517509717
0.0006202879731651217
0.0006311023064061316
0.0006421060397152646
0.0006532999614231236
0.000664689728150367
0.0006762785691928054
0.0006880697255271817
0.0007000656770355231
0.0007122706923313718
0.0007246882753533351
0.0007373223295232891
0.000750176292549843
0.0007632538588983553
0.0007765606466500317
0.0007900979172193846
0.0008038715900504271
0.0008179028456849442
0.0008321433487825744
0.0008466485615720805
0.0008614069525395627
0.0008764401801423085
0.0008917174598578286
0.0009072398589855225
0.0009230539107125113
0.0009391403742421812
0.0009555074029726507
0.0009721620734376361
0.000989103710954083
0.0010063435315551537
0.0010238776896140044
0.001041724227859548
0.0010598756187123657
0.0010783414459996173
0.0010971310616285802
0.0011162459263258642
0.0011356933380523694
0.0011554793845600724
0.0011756090207500575
0.0011960863518703714
0.0012169212574417165
0.0012381154732350028
0.0012596790026352114
0.001281614509570548
0.0013039315842133937
0.0013266375961179197
0.0013497385127378232
0.0013732355986721438
0.0013971438442740786
0.0014214640656265445
0.0014462069883800456
0.0014713745904659822
0.001496982351139455
0.0015230308065702256
0.0015778926179335587
0.0016050951692957807
0.0016327699108599205
0.0016609197598300403
0.001689557141497187
0.0017186917850390458
0.001748329963259113
0.0017784787233273243
0.0018091517729870784
0.0018403524320847037
0.0018720913605570898
0.0019043796738970776
0.0019372248950388137
0.0019706346665978483
0.0020046211325502523
0.0020391920376999933
0.0020743622004761506
0.0021101337852767765
0.002146520954105119
0.0021835322018829845
0.0022211799616414867
0.0022594775334787774
0.0022984307648434956
0.00233805133666487
0.0023783508883764445
0.0024193421121168216
0.002461031648011428
0.002503440485134204
0.0025465717821555557
0.0025904382775357574
0.002635053641927601
0.002680429811208106
0.0027265806844779432
0.0027735176202931438
0.0028212539316184743
0.0028698014913738873
0.002919172195259937
0.002969382533452374
0.003094231655658381
0.003146744216043438
0.0032001241133920695
0.0032544352511168603
0.003309670597693357
0.0033658394049849785
0.003422959238570019
0.0034810730555523656
0.0035401156553659017
0.0036001827973750062
0.003661262417470108
0.0037233949500302703
0.0037865225906562523
0.0038507381322491394
0.003916027638845834
0.00398241896414072
0.004049914505441522
0.004118544212210872
0.004188317695386944
0.004259258761321487
0.004331378367680653
0.004404700381353462
0.00447923863226733
0.004555042487825625
0.00463204390535433
0.004811066731620845
0.004891416430081764
0.004973101350070965
0.005056174655354061
0.005140566776386602
0.005226390502443824
0.0053136330725801996
0.005402350514835254
0.005492502008346372
0.005584106977317548
0.005677281778748228
0.005771928903429376
0.005868159748684831
0.005965996756836337
0.006065375114885071
0.006166407580871413
0.006269088621062605
0.006373442590449049
0.006582893440597856
0.006691482438477379
0.006801858761149414
0.006914047392872421
0.0070280775526643914
0.007143975459421676
0.007261771450637427
0.007381490616189933
0.00750316412833704
0.007626816772137199
0.007752486649897418
0.00788019828917198
0.008009984059774744
0.00814187199168149
0.008372667322885717
0.008509794211439187
0.008649176212637945
0.008790848321429219
0.008934845617657595
0.00908120591955184
0.009229962422259128
0.009381153013921426
0.009534815354233273
0.009690986869683386
0.00984970977787685
0.010011060553518206
0.010262949246731113
0.010430694683274542
0.010601226851382777
0.010774593396860353
0.01095087034464391
0.011130033504362417
0.011312160665265978
0.011497304605671698
0.011685475572084098
0.011876800315224997
0.0121499751515941
0.012349020858178779
0.012551426659151174
0.012757245641073861
0.01296654330914588
0.013179370335795526
0.01339579471790976
0.013615867126688273
0.013908795196488164
0.014137808606648287
0.014370772220613797
0.014607752282656754
0.014848820808143835
0.015094088758045842
0.015343539274877045
0.015657712117486094
0.0159173643930826
0.016181588405420742
0.0164504685363423
0.016724082305520645
0.017002522930176147
0.017285875054315974
0.01762817330703278
0.01792330263837299
0.018223647234150323
0.018529452494906198
0.01884076494428419
0.01915768483289824
0.019528106822268288
0.01985824151504425
0.02019445322185439
0.02053684803412136
0.0208856003149888
0.021282321814635366
0.021645577921004716
0.022015656768314726
0.022392677172497467
0.022776763905288704
0.023204993555995673
0.02360521528105744
0.02401308785220072
0.02442876080863112
0.0248523628001125
0.025317385476204306
0.02575890398977404
0.026209020619627564
0.0266678861059311
0.02713565022918188
0.027643183476638154
0.028130936437452708
0.028628303172017828
0.02913548123863719
0.029680006831141914
0.03020893267898967
0.03074852234929718
0.03129872672151836
0.031884716321799844
0.03245880442206153
0.033044357579211314
0.033663251116719986
0.034274132444210265
0.03489754481796777
0.03553368990936993
0.03620272072545627
0.03686655746886882
0.03754416354225353
0.03825326046260013
0.03896038008108384
0.039682368803527206
0.04043491619366613
0.04118843862440448
0.0419579185459332
0.042757714370445093
0.04356101471134611
0.04438151902927974
0.045232261918336444
0.04608911029611158
0.04696441678705789
0.04787015192667315
0.04878451635100066
0.04972873385844943
0.05068399299137158
0.05166016857588115
0.05266697662086205
0.05368722367026732
0.054738025011981516
0.05580440973625821
0.05689458287959968
0.058016482902493914
0.05915646297088572
0.06032848172256223
0.06152072964706145
0.06274550516445637
0.06399273886760107
0.06527316326621191
0.06657816619869929
0.06791719717105488
0.06928282215728737
0.07068348890252076
0.07211296999599298
0.07357853039037153
0.07507503964944998
0.07660878179266539
0.07817566609212444
0.07978114745900607
0.08142361739966884
0.08310275917327752
0.08482239491710568
0.08658100297229326
0.08838164013880961
0.09022406507034064
0.09210906457348486
0.09403844658211001
0.09601262992801439
0.09803303410765066
0.10010033041692479
0.1022156480414725
0.10438077806514053
0.10659553080560066
0.10886151505782436
0.11118110695519358
0.1135530045451057
0.11597953203188494
0.11846165522654101
0.1210005980997864
0.12359931063853803
0.12625524748108666
0.1289713283702339
0.13174865610857095
0.13458825460142568
0.1374913532143339
0.14045905758100874
0.1434950330671235
0.1465951994760379
0.14976328640108227
0.1530002734933701
0.15630720299735154
0.15968523395267728
0.16313535733345214
0.1666586200559759
0.17025600781353992
0.17392856504610751
0.17767396452621143
0.18149969396214616
0.1854035110829409
0.18938628785398137
0.19344895714926263
0.19759235213673143
0.20181738435667693
0.2061213338056561
0.21051204045255914
0.21498673248114572
0.21954619345666518
0.22418756331546072
0.22891863419798048
0.2337364782166401
0.23863811165897134
0.24363136578753317
0.24870946655699447
0.25388019595365896
0.25913677553262665
0.26448679247562634
0.26992349943264815
0.275454337763125
0.28107248691353204
0.28678526546815686
0.29258593518678067
0.29847783493288504
0.30446487925745863
0.3105400789729355
0.3167068956854514
0.32296530038816446
0.3293152906831074
0.33575996573837036
0.3422925286032755
0.34891611248328036
0.35563043480990947
0.3624351300871675
