0.0010000000000000002
0.0010174634027476073
0.0010352317759307385
0.0010533104453709374
0.0010717048298967114
0.0010904204429677525
0.0011094628943275223
0.0011288378916846896
0.001148551242423938
0.0011686088553466516
0.0011890167424419903
0.0012097810206889014
0.0012309079138896027
0.0012524037545350738
0.0012742749857031336
0.0012965281629896688
0.0013191699564735725
0.0013422071527160124
0.001365646656794611
0.0013894954943731383
0.0014137608138073605
0.001438449888287663
0.001463570118019081
0.0014891290324394095
0.0015151342924760534
0.0015415936928422733
0.0015685151643735473
0.0015959067764047315
0.0016237767391887226
0.00165213340635737
0.0016809852774253644
0.0017103410003378415
0.001740209374062485
0.0017705993512268992
0.0018015200408020263
0.0018329807108324358
0.0018649907912142976
0.0018975598765218512
0.00193069772888325
0.0019644142809066285
0.0019987196386572516
0.002033624084686673
0.00206913808111479
0.0021052722727657085
0.002142037490358384
0.002179444753752986
0.0022175052752539336
0.002256230462970634
0.0022956319242369103
0.0023357214690901233
0.0023765111138110747
0.0024180130845257216
0.002460239820869778
0.002503203979717325
0.002546918438974541
0.0025913963014396603
0.002636650898730358
0.0026826957952797263
0.002729544792402008
0.0027772119324293576
0.002825711502920829
0.0028750580409448814
0.002925266337436648
0.0029763514416313187
0.0030283286655749474
0.003081213588714006
0.0031350220625651153
0.003189770215466324
0.0032454744574113336
0.003302151484968176
0.0033598182862837837
0.0034184921461759324
0.003478190651314131
0.003538931695490991
0.0036007334849856225
0.0036636145440207177
0.0037275937203149418
0.0037926901907322525
0.003858923467029905
0.00392631340170684
0.003994880193954174
0.00406464439570963
0.0041356269178177115
0.0042078490362974065
0.004281332398719395
0.00435609903069461
0.00443217134247609
0.004509572135676148
0.004588324610100848
0.004668452370703796
0.004749979434661412
0.004832930238571755
0.004917329645779023
0.005003202953826005
0.005090575902036686
0.005179474679231215
0.005269925931575658
0.005361956770568822
0.005455594781168523
0.0055508680300598075
0.005647805074067558
0.005746434968715978
0.005846787276937593
0.0059488920779343386
0.006052779976193355
0.006158482110660265
0.006266030164072658
0.0063754563724565125
0.006486793534788513
0.006600075022827098
0.006715334791115149
0.006832607387157404
0.006951927961775609
0.007073332279644447
0.0071968567300115215
0.007322538337604539
0.007450414773728919
0.0075805243675592625
0.007712906117627999
0.007847599703514618
0.007984645497739088
0.008124084577862973
0.008265958738801817
0.008410310505352608
0.00855718314494001
0.008706620680585133
0.008858667904100828
0.00901337038951744
0.009170774506742939
0.00933092743546167
0.009493877179275833
0.009659672580093842
0.009828363332770028
0.010000000000000004
0.010174634027476075
0.010352317759307388
0.010533104453709377
0.010717048298967117
0.010904204429677527
0.011094628943275226
0.011288378916846899
0.011485512424239381
0.011686088553466518
0.011890167424419906
0.012097810206889017
0.01230907913889603
0.01252403754535074
0.01274274985703134
0.012965281629896689
0.013191699564735726
0.013422071527160127
0.013656466567946113
0.013894954943731387
0.01413760813807361
0.014384498882876635
0.014635701180190813
0.014891290324394098
0.015151342924760537
0.015415936928422736
0.015685151643735476
0.01595906776404732
0.01623776739188723
0.016521334063573704
0.016809852774253647
0.01710341000337842
0.017402093740624854
0.017705993512268994
0.018015200408020265
0.018329807108324363
0.01864990791214298
0.018975598765218506
0.019306977288832503
0.01964414280906629
0.019987196386572512
0.020336240846866735
0.020691380811147905
0.02105272272765708
0.021420374903583846
0.021794447537529866
0.02217505275253933
0.022562304629706348
0.022956319242369107
0.02335721469090123
0.02376511113811075
0.02418013084525722
0.024602398208697772
0.025032039797173253
0.02546918438974542
0.025913963014396597
0.026366508987303586
0.02682695795279727
0.027295447924020076
0.02777211932429356
0.0282571150292083
0.02875058040944881
0.029252663374366474
0.029763514416313194
0.030283286655749465
0.030812135887140053
0.03135022062565116
0.03189770215466323
0.03245474457411333
0.033021514849681764
0.03359818286283783
0.03418492146175932
0.034781906513141315
0.035389316954909905
0.036007334849856215
0.036636145440207185
0.03727593720314941
0.037926901907322515
0.03858923467029906
0.03926313401706839
0.03994880193954173
0.04064644395709631
0.041356269178177106
0.04207849036297406
0.04281332398719396
0.04356099030694609
0.04432171342476089
0.045095721356761494
0.04588324610100847
0.04668452370703795
0.04749979434661414
0.048329302385717546
0.049173296457790214
0.05003202953826006
0.05090575902036684
0.05179474679231214
0.05269925931575659
0.0536195677056882
0.05455594781168522
0.055508680300598086
0.05647805074067559
0.057464349687159744
0.058467872769375935
0.059488920779343396
0.0605277997619335
0.06158482110660266
0.0626603016407266
0.06375456372456509
0.06486793534788514
0.066000750228271
0.06715334791115145
0.06832607387157406
0.06951927961775611
0.07073332279644443
0.07196856730011524
0.07322538337604541
0.07450414773728914
0.07580524367559265
0.07712906117628
0.07847599703514613
0.0798464549773909
0.08124084577862975
0.08265958738801812
0.0841031050535261
0.08557183144940013
0.08706620680585127
0.0885866790410083
0.09013370389517442
0.09170774506742933
0.09330927435461672
0.09493877179275835
0.09659672580093835
0.0982836333277003
0.10000000000000006
0.10174634027476068
0.10352317759307389
0.10533104453709378
0.10717048298967109
0.10904204429677529
0.11094628943275228
0.11288378916846892
0.11485512424239384
0.11686088553466521
0.11890167424419897
0.12097810206889019
0.12309079138896033
0.1252403754535073
0.12742749857031344
0.12965281629896694
0.13191699564735718
0.1342207152716013
0.13656466567946116
0.13894954943731377
0.14137608138073612
0.14384498882876637
0.14635701180190802
0.14891290324394102
0.1515134292476054
0.15415936928422727
0.1568515164373548
0.15959067764047322
0.1623776739188722
0.16521334063573706
0.16809852774253653
0.17103410003378408
0.17402093740624855
0.17705993512269
0.18015200408020254
0.18329807108324367
0.18649907912142985
0.18975598765218504
0.19306977288832508
0.19644142809066292
0.1998719638657251
0.2033624084686674
0.2069138081114791
0.21052722727657075
0.2142037490358385
0.21794447537529868
0.22175052752539326
0.2256230462970635
0.2295631924236911
0.23357214690901223
0.23765111138110756
0.24180130845257225
0.24602398208697765
0.2503203979717326
0.25469184389745425
0.2591396301439659
0.26366508987303594
0.26826957952797276
0.27295447924020066
0.27772119324293565
0.282571150292083
0.287505804094488
0.29252663374366467
0.297635144163132
0.3028328665574946
0.30812135887140046
0.3135022062565117
0.3189770215466322
0.3245474457411332
0.3302151484968177
0.3359818286283782
0.3418492146175931
0.34781906513141325
0.353893169549099
0.36007334849856204
0.3663614544020719
0.372759372031494
0.3792690190732251
0.38589234670299066
0.39263134017068385
0.39948801939541717
0.40646443957096323
0.41356269178177096
0.42078490362974047
0.42813323987193963
0.4356099030694608
0.44321713424760883
0.45095721356761503
0.4588324610100845
0.46684523707037934
0.47499794346614144
0.4832930238571753
0.49173296457790205
0.5003202953826007
0.5090575902036684
0.5179474679231213
0.526992593157566
0.536195677056882
0.5455594781168521
0.555086803005981
0.5647805074067556
0.5746434968715975
0.5846787276937595
0.5948892077934336
0.6052779976193352
0.6158482110660267
0.6266030164072655
0.637545637245651
0.6486793534788515
0.6600075022827095
0.6715334791115146
0.6832607387157408
0.6951927961775606
0.7073332279644444
0.7196856730011525
0.7322538337604535
0.7450414773728916
0.7580524367559266
0.7712906117627996
0.7847599703514615
0.7984645497739092
0.8124084577862977
0.8265958738801814
0.8410310505352612
0.8557183144940015
0.8706620680585129
0.8858667904100832
0.9013370389517444
0.9170774506742935
0.9330927435461673
0.9493877179275837
0.9659672580093838
0.9828363332770033
