-8.685734172401976e-7
-8.239341042692746e-6
-8.004538207316017e-6
-1.0169014193257264e-6
1.1412135764107168e-6
2.4808317312617828e-6
1.8483660210967695e-6
-1.3322223820762688e-6
9.268286968014882e-6
9.339794669015521e-6
2.719750052727378e-6
1.2569402475417846e-5
6.631815411442375e-6
-4.354155090280099e-6
7.916027086854549e-6
-2.8203024677689438e-6
1.9230672983158025e-5
-1.1553517841526093e-6
1.7248821509350267e-5
9.085878649994085e-6
8.251120008512132e-6
4.572538652733293e-6
4.696320114761429e-6
3.8696436151711656e-6
1.4237220358328348e-5
1.9506209255620856e-5
1.5978062016052028e-5
9.665892038764002e-6
5.164576280519714e-6
5.475561920270215e-6
2.649789583509884e-6
9.690845616400841e-6
8.912753300365969e-6
1.733388478174259e-5
1.673030271180758e-6
6.706745091847938e-6
1.4506861397423254e-5
4.319398641999006e-6
2.4896549899266445e-5
2.0110659881299884e-5
1.319909667934501e-6
1.187149990370073e-5
1.0028953169254306e-5
8.892919732804033e-6
1.5035534295119857e-5
1.804066556369226e-5
1.5046696941657061e-5
7.011141492969085e-6
1.4516015976469999e-5
2.1520304385683986e-5
1.9191962553283406e-5
1.710613104090561e-5
5.626452913012518e-6
2.185353044810231e-5
1.9041480376122404e-5
1.6629352469908142e-5
2.08885333173325e-5
2.8091231129097743e-5
2.2064809550459466e-5
2.4621030082230798e-5
2.4486656339936047e-5
2.472274054470441e-5
2.704432685632678e-5
1.7267385038706145e-5
2.213570064547122e-5
2.38820075736371e-5
2.6335927652392193e-5
2.5810996309467956e-5
4.078078713578698e-5
3.587089982055143e-5
4.19408917449527e-5
4.532682429746144e-5
3.32527398764471e-5
3.748281430534773e-5
3.5719002738345136e-5
5.1678951717121936e-5
3.1501591190642714e-5
5.0501011387396204e-5
3.7796330645515154e-5
4.749455638535634e-5
3.903182816410646e-5
3.780064272558087e-5
5.115501395198414e-5
6.019907323370708e-5
6.000509834533217e-5
5.9675496441760287e-5
5.3694113864342317e-5
7.001693406822977e-5
7.267302210693267e-5
6.0435849056925814e-5
6.962012024257344e-5
6.87351892819393e-5
7.381775138419957e-5
8.432725231545596e-5
7.96602284322513e-5
8.565779889710863e-5
8.567588620027215e-5
8.915095581680628e-5
9.975108337801536e-5
9.389824503900248e-5
0.00010238679287378313
0.00010615827538802816
0.00011844868367520852
0.0001161640985386935
0.00012135920430663788
0.00013654374537294594
0.00013225877754208097
0.00014919603434218146
0.00014566614713634998
0.00014925656307612342
0.000165995350927063
0.0001664479200370222
0.00016161152589244906
0.0001666033797894957
0.00018353230355820153
0.00018692093252137382
0.00018847555615111929
0.00019013125235568294
0.0002012979833312319
0.0002159185549850219
0.00020611923507715834
0.00021226129360223187
0.00022700499952477303
0.00022518269379248862
0.0002417725932989801
0.0002431304995909983
0.00024708097897300325
0.0002531734365990151
0.00026292462620774814
0.00027577456082114837
0.0002948830689438285
0.0003039556996907279
0.000307658331787517
0.0003180085510959515
0.00032874925001225117
0.00034951904319734887
0.00035578974777591635
0.00036266307512611295
0.00036521379216748854
0.00038342062224628655
0.0004004498445958449
0.0004161309436165724
0.00047837245023660805
0.0004853824591290304
0.0004952278941464832
0.0005270755461667171
0.00053146044520568
0.0005509713945882369
0.0005580093274374425
0.0005804241637753461
0.0005964035262413509
0.0006251943815803166
0.0006444159172600705
0.0006624553478699312
0.0006778168074834247
0.0007086684313208089
0.0007254873680425417
0.0007532892193618582
0.0007646885517590716
0.0008106538847907187
0.0008164040291107984
0.0008535153982264501
0.0008721894897594349
0.0008993032930184213
0.0009404844657317155
0.0009751629470583388
0.0009894953270878713
0.001113247283628603
0.0011490806338495861
0.0011927028826818373
0.0012179729993721008
0.0012606276302778788
0.001289041379493862
0.0013315376583131356
0.001391437955711053
0.0014082998253898342
0.0014648853955732215
0.0015054942968797604
0.0015415511800854684
0.0015821664132394015
0.001637785765130677
0.0016947883133785148
0.0017460096927765583
0.0018023237157508997
0.0018575680077116284
0.0020325529819793134
0.002094572598137242
0.0021427213679243535
0.0022181217380086945
0.002297699484772933
0.0023557486605186788
0.0024290961524778354
0.0025001586263720295
0.0025722791058827165
0.0026430990861688883
0.0027520836271179012
0.0028138388768142245
0.002903692563168071
0.002987373770017899
0.0032285145714997993
0.003302245348676483
0.0034069066571769005
0.003507835352673673
0.0036223409836649806
0.003730299131510731
0.003823698014586958
0.003957268941304277
0.0040772587629123525
0.0041884319749257316
0.004323308414279227
0.004447110229879523
0.004724965752843593
0.004868510802489944
0.005011976482590843
0.005164567461194314
0.005303736038486585
0.005471106320106137
0.005646340505887797
0.005821761531367075
0.005997225918854982
0.0061741654830277885
0.0064892014856051256
0.006698295540703349
0.006898234545181664
0.007104830843332511
0.007322645422851268
0.00754621664396205
0.007785149593672871
0.008004656126790391
0.008383321897510626
0.008643257093334978
0.008899091942417132
0.0091639135150032
0.009448808619227547
0.009733377277029599
0.010031723186622628
0.010456989025458515
0.010796366610610885
0.011106393603456433
0.011471976142031064
0.011792733204970941
0.012161561752086405
0.0125365134362112
0.01303461721108007
0.013441707285199708
0.013844620393884535
0.014268057957345856
0.014719858264217739
0.015169001228433931
0.015746361706280826
0.01622364820396705
0.016732238681755073
0.017243254195018383
0.01778153914820864
0.018426316638803637
0.01900937705108
0.0195695486779834
0.020177511297892275
0.020810880309821915
0.021566230546789224
0.022215193085928394
0.02291209366806144
0.023636036895672573
0.024346227924817138
0.025192784088686793
0.025966433449590556
0.026797665723213404
0.027631071637734535
0.028476249922590846
0.029465774756630373
0.03038029897614207
0.03131956905310823
0.03230953761079879
0.03339579830078755
0.034431441051739675
0.035524585497032156
0.03664307806138417
0.03785133124246357
0.03904710275789449
0.04026233213420689
0.041614863127630915
0.04292055637038237
0.04426343374441137
0.04564720130427727
0.04716685639539834
0.048653882319600675
0.050182960478120285
0.05183880938397087
0.05346790001363042
0.05516300847700343
0.05696583927391461
0.05877640088762128
0.060633128083757266
0.06261198283978027
0.06460312212262234
0.0666493354519855
0.06881273749090541
0.07101384659970368
0.07325940361275346
0.0756514467344051
0.07806960335308495
0.0806109928729036
0.08316699374848513
0.08582972064810088
0.08861328390617798
0.09146260747764165
0.09441571202088216
0.09742900184593749
0.10055894250348114
0.1038243428234608
0.10716955978068382
0.1106512937352449
0.11418492821608889
0.11791814874575865
0.12171566601566099
0.12567752077322922
0.1297040783240898
0.13395299018880868
0.13826894207893742
0.14277224254528015
0.1473956748124916
0.15219329744638976
0.157117238212569
0.1622396327321003
0.1675130014936432
0.17297699417715423
0.17861850859763234
0.18442006423373905
0.1904518646214905
0.196641609130889
0.20308569998824216
0.20972410082402038
0.21655298242548612
0.22365500448383877
0.2309826279952682
0.23853802964870213
0.2463545842793877
0.2544468899894524
0.2627583108356243
0.27139176218249905
0.2803181266868653
0.28950072546126976
0.2990316398835015
0.3088691363507222
0.31903319187972423
0.3295431978025783
0.34036891834698285
0.35158836664387394
0.36316708245814733
0.37516839068066
0.3875550780922682
0.40034341362654213
0.4135503788967134
0.4271965844824694
0.4413123166279073
0.45589688672128603
0.4709736882984546
0.4865521367597989
0.5026536965321075
0.5192984141944641
0.5364951520229413
0.5542475080756915
0.5726180371941698
0.5916051875261282
0.6112060473893758
0.6314723131738375
0.6524166101767193
0.6740482934133216
0.6964158194463836
0.719532576350513
0.7434219115751953
0.768124504510467
0.793627774674774
0.8199880141528633
0.847243462169906
0.8753997997200563
0.9045185956533618
0.934597426857353
0.9656925960299615
0.9978207305227201
1.0310309988841453
1.065350573085572
1.1008185363812062
1.1374798520045868
1.1753698920856606
1.2145437888316137
1.2550351348465407
1.2968697156866296
1.340130490492905
1.3848294549279352
1.4310463111192044
1.4788105229359771
1.5282040670585206
1.5792500460223027
1.6320167396914345
1.6865527504162496
1.7429598386697398
1.8012539229950686
1.8615498170063187
