0.0007921773963397626
0.004753115656907568
0.008714273758959177
0.012675835023884979
0.016637982964804236
0.020600901422925318
0.02456477461971333
0.028529787272814914
0.032496124716581656
0.03646397291552291
0.04043351869789434
0.04440494972512906
0.04837845466274315
0.05235422330801897
0.056332446608871725
0.06031331684356889
0.06429702769873377
0.06828377443161779
0.07227375386621439
0.07626716471986916
0.08026420746479113
0.08426508466315082
0.08827000100320227
0.0922791634323485
0.09629278133467603
0.10031106664082713
0.10433423402168164
0.10836250091033975
0.11239608788001779
0.11643521857095174
0.12048012004470654
0.12453102286680168
0.12858816132569467
0.13265177364093172
0.13672210215476682
0.14079939348447748
0.14488389887707273
0.14897587434240256
0.153075580879118
0.15718328487638408
0.16129925818579308
0.16542377859098076
0.169557130012885
0.1736996028892396
0.17785149436885891
0.18201310890361302
0.1861847584673304
0.19036676287577006
0.19455945050949786
0.19876315845186138
0.20297823318053237
0.20720503104834478
0.21144391864629736
0.21569527368817715
0.2199594854559496
0.22423695551859035
0.22852809833410503
0.23283334234642789
0.23715313042705574
0.24148792107621384
0.24583818924281373
0.2502044273703526
0.2545871466641295
0.2589868781256299
0.2634041740879462
0.2678396095382743
0.2722937837889012
0.27676732216272437
0.2812608779568263
0.2857751343973755
0.29031080716310126
0.2948686466732674
0.2994494411364608
0.30405401943526333
0.3086832547478835
0.3133380683574567
0.3180194339214093
0.32272838240140067
0.3274660074739961
0.3322334717997384
0.33703201391307275
0.3418629563505663
0.34672771480928094
0.35162780880060057
0.3565648739173928
0.3615406759989809
0.3665571283731202
0.3716163112994273
0.37672049595161294
0.3818721728706469
0.38707408658726433
0.39232927813528434
0.397641137778766
0.4030134716464124
0.40845058677450813
0.4139574021355555
0.4195395963490522
0.4252038096172046
0.4309579279401145
0.43681149894770743
0.44277636976043117
0.44886772902585176
0.4551059642996519
0.46152042867021004
0.4681589838877002
0.4751314937123092
0.483658358559705
0.4973009543289979
0.5176383057546518
0.543853160950026
0.5743143934136132
0.6075506368959103
0.6424641990436271
0.6782719471201325
0.714419786983997
0.750518839374858
0.7863006175719378
0.8215852000459571
0.8562573759942981
0.8902488198307992
0.9235248599194289
0.9560745175091797
0.9879034349064627
1.0190283150663009
1.0494732095716273
1.079266735112489
1.1084400391590385
1.1370253556731975
1.1650551784192058
1.1925614253780037
1.2195751911427648
1.2461262079558835
1.2722428890337405
1.297952251841844
1.3232796563678018
1.3482490768303494
1.3728830413731195
1.3972026118358023
1.421227555392886
1.4449764151793125
1.468466422234893
1.491713909879401
1.5147338337697618
1.5375405398990891
1.5601471818020616
1.582566220686569
1.6048093064104614
1.6268872290004095
1.6488103244540442
1.6705881086904928
1.6922295366769524
1.7137430449850672
1.7351366485414321
1.7564177309482112
1.7775932462491748
1.7986698721459005
1.8196537404790034
1.8405507706526054
1.8613664232364906
1.8821059439397108
1.9027742080365104
1.9233758879291412
1.9439153011696995
1.9643966568734077
1.9848237767456012
2.0052004707055944
2.0255300898104163
2.045816081497806
2.066061581761583
2.0862695547488896
2.106442855678007
2.126584021008169
2.1466957158605244
2.166780462993086
2.1868402974200127
2.206877546859664
2.2268944034406766
2.2468925494759535
2.2668740577757243
2.2868407487226823
2.3067941069969713
2.326735919144777
2.3466676474935597
2.3665909283505697
2.3865068391220294
2.40641693771551
2.4263224156357417
2.446224586782462
2.4661244911144506
2.4860231453770676
2.5059217790969486
2.5258212894907657
2.5457226968060804
2.565626958742709
2.585534764510582
2.605446985111848
2.6253645303223703
2.645288092617517
2.665218392503057
2.6851561700297575
2.705102116890093
2.725056773359401
2.745020728919396
2.7649946002752004
2.7849789159297758
2.804974237884271
2.8249810926861083
2.8449999492958677
2.865031262920889
2.885075466019222
2.905132990567114
2.925204244902598
2.9452896161796662
2.965389484550397
2.9855042019038565
3.0056341092187004
3.025779532861508
3.0459407858900334
3.0661181689817942
3.086311972707403
3.1065224625261
3.1267499027682355
3.1469945398449366
3.167256612200212
3.1875363542598327
3.207834004740024
3.228149778417335
3.24848387468229
3.268836460322277
3.2892077185443482
3.3095978633899934
3.330007026875757
3.3504353151726125
3.370882965167298
3.391350245960177
3.4118372569519626
3.4323440036753
3.4528707134793937
3.473417504868582
3.4939844299043585
3.5145716654795027
3.535179151600751
3.5558072511563172
3.5764561623377995
3.5971257152670972
3.617816153881517
3.638527448067408
3.6592597300652856
3.68001289071102
3.700787528234585
3.7215833882461715
3.7424006212316994
3.763239190470877
3.7840991367949477
3.8049805232415874
3.8258838296874997
3.8468087401466344
3.8677553522146453
3.8887236660217197
3.9097136669532286
3.9307259121643843
3.9517600644795414
3.972816162063849
3.993894067567964
4.01499431800891
4.036116759578371
4.05726138676403
4.07842810590989
4.0996170211855585
4.120828529047944
4.142062365817924
4.163318458041737
4.184596859724443
4.205898039145523
4.227221686489282
4.248567653990786
4.269936302379896
4.2913277104088845
4.312741719099733
4.334178026519838
4.355637518502162
4.377119708748917
4.398624514590444
4.420152011876498
4.441702648091941
4.463276087447707
4.484872003562615
4.506491378927367
4.528133632868474
4.5497985058731745
4.571486770672924
4.593198088128964
4.614932209281209
4.636689592223722
4.658470242439852
4.680273833031004
4.7021006514475605
4.723950903630696
4.745824187411068
4.767720785900681
4.789640915931308
4.811584115510566
4.833550844887938
4.8555411347236035
4.8775544989021205
4.899591715781852
4.9216524823925445
4.94373633941962
4.965844376165088
4.987975954096135
5.010130781813261
5.032309890420709
5.054512498705626
5.076738873842381
5.098989377341525
5.121263352895507
5.143561924227273
5.16588489235211
5.188232608359125
5.210606782679507
5.2330073994017505
5.255436254461286
5.27789423794476
5.300382194060778
5.322902598725667
5.345456059756354
5.368045010888895
5.390671203144845
5.413336178576181
5.436043105076456
5.458793453798108
5.481591078585488
5.504437582229075
5.527336811273699
5.550291895610829
5.573306027354468
5.596383495095096
5.619527653241665
5.64274389696008
5.666035704314222
5.689408325566952
5.71286728324529
5.736417676120899
5.760066249166897
5.7838182623054495
5.807681824041709
5.831663362098908
5.855770933598924
5.8800127089725
5.9043989080693615
5.928937346188673
5.953640134567595
5.978516749676245
6.00358230447628
6.028845804899953
6.054327823628122
6.080039357013792
6.1059977568004795
6.132224965465689
6.158737103337436
6.185562854929697
6.212723489428165
6.240247294800865
6.26816481684347
6.29651234227126
6.325324485475788
6.3546472625038675
6.384524853908604
6.415010213996176
6.4461629305234
6.478054069268058
6.510751833689921
6.544344253377765
6.578927630520762
6.614612124064954
6.651520411456576
6.689795116915877
6.729598201424565
6.771116542907705
6.814568640078161
6.860205667873669
6.908315003747941
6.959239452190178
7.013379087461775
7.071203892072264
7.133272254763055
7.200248919147513
7.272934827467032
7.352289401809416
7.439483390300466
7.5359484566050625
7.643448663261253
7.764183442413621
7.90091389868412
8.057144122722724
8.237375756046038
8.447465653103151
8.695130346812226
8.990717778858677
9.348339192229403
9.787617797379124
10.336493394401517
11.035793182085783
11.947015053807306
13.16617775637454
14.849694102741356
17.265550885978076
20.901654899940738
26.71230239339094
36.71558486805948
55.40979853886817
91.38436290436488
143.61223954396837
171.22471027735824
164.80844730767458
144.51803232621828
119.44580181876987
94.95479134530108
74.49547831807718
58.95393983864732
47.63938267561944
39.472377951525516
33.52300335120181
29.11536276684705
25.786310084216137
23.22309541158959
21.21351708026693
19.611641453070447
18.315421043571924
17.252197315529827
16.369345202044013
15.628133753258673
14.99959729630581
14.46180075626089
13.997932562866257
13.594930628196936
13.242608793996645
12.932887161275671
12.659346371504112
12.416833559976867
12.201145549670002
12.008876973359767
11.837176965292016
11.683694403755231
11.546423526033282
11.423660991841405
11.313948675129284
11.215994742567926
11.128697371878175
11.051061607285163
10.982215974304127
10.921390683009776
10.867886922063692
10.821080599866582
10.780433650289728
10.745423097908288
10.71561786310265
10.690613549238732
10.670033446188922
10.653568656327613
10.640907093887865
10.631789705157338
10.625981803370976
10.62325103876923
10.623410616849684
10.626277767290496
10.631688396354482
10.639494785617856
10.649566514881895
10.661776723654892
10.676006400452055
10.692162845322729
10.71014468875568
10.729862572670616
10.751244798375769
10.77420360573893
10.798676220238727
10.824602400290555
10.85190874253365
10.880546633206151
10.910461751316811
10.941592065432506
10.97391124252144
11.00735875020189
11.041887148673403
11.07746250964698
11.114039899821567
11.15158239431882
11.190055604501703
11.229411540615517
11.269641098411716
11.310685851223994
11.352518606732863
11.395126186436451
11.438438211420435
11.482448914160361
11.527162104600928
11.572501101594186
11.618456884440377
11.665021563231825
11.712124454903492
11.759783792744253
11.807974283702327
11.856660321929784
11.905823990057566
11.955453291610288
12.00550318550607
12.056022923074703
12.106928029545578
12.158226131831189
12.20993397453709
12.261950593677462
12.314343158772301
12.367089348959047
12.420160543840012
12.473548085319525
12.52726050829741
12.58124181608935
12.635573561411277
12.690175009259358
12.745047434962922
12.800227386461062
12.855696973833645
12.911359070174289
12.967338993571301
13.02356082197501
13.080061269457987
13.136858306807948
13.193825815318718
13.251099445051887
13.308621159616235
13.366376755637367
13.424392279808332
13.482657799466804
13.541186469196193
13.600026937726243
13.65909671283344
13.718272994535981
13.777820199461273
13.837619626392918
13.897693209493067
13.958085620639707
14.01855624620636
14.079415955055019
14.140460252503225
14.201637861209182
14.263381158177152
14.325316087544467
14.387454318113525
14.449887946600322
14.512565505725357
14.575499821285588
14.638735430692288
14.702033272932113
14.76607838287001
14.830184239274377
14.894456789636903
14.959234840278205
15.024208970119266
15.089250204256148
15.15477538636572
15.220420058919142
15.286287016600928
15.352803277859406
15.419567745562976
15.486524891050879
15.553776917690291
15.62125834865134
15.689181111268681
15.757253483103925
15.82519482701785
15.894229985629751
15.963465757025658
16.03262546396743
16.102327285521014
16.172508027127247
16.242811771026908
16.313242044737827
16.3838372306654
16.455361189458973
16.526707716135736
16.598047973902727
16.670920198764907
16.74332371819716
16.815984745596424
16.889368266768425
16.96275951606658
17.036238209789563
17.11065379955271
17.185180753244612
17.25937699871299
17.334789390823286
17.40990637173518
17.485422696683674
17.562095882407192
17.638112919736848
17.714973311527228
17.79209105839555
17.868984000372798
17.94705671060089
18.02532399063196
18.102962622178914
18.182141627892463
18.260278420574608
18.34028625387471
18.42007904690487
18.499756580973823
18.58062400055515
18.660837161751243
18.742270998862846
18.82378049280716
18.905104242335863
18.98762260905909
19.06951458207688
19.15297892972392
19.235370914264372
19.319566223541912
19.40218105623095
19.48735008012412
19.57144043330827
19.656521056568696
19.74168081271125
19.827472648658354
19.91382105706715
19.999584480670713
20.086561408006776
20.172642287799068
20.260937376941634
20.346934635750003
20.436586676105797
20.524159536805488
20.613315233280577
20.701637517082972
20.792085369180448
20.882104707215095
20.972521059891292
21.06240530530284
21.15372553696668
21.24545016797373
21.336060054066717
21.428798487127256
21.521747213087693
21.614007823997895
21.705565683766427
21.80014411111663
21.893230010564277
21.98838494066524
22.08018282379802
22.177384522199308
22.27331583103296
22.36689329256032
22.465147157399056
22.560086076677255
22.658367559353568
22.754598605847903
22.85175211562831
22.95102703483745
23.04796314336634
23.14782183410317
23.245750242899874
23.34611748890039
23.446373218827663
23.54458888953678
23.647159404421654
23.747164952903272
23.847825432224145
23.949865006194173
24.051341324745025
24.15462857151079
24.255381244059137
24.359553062038703
24.46465468996008
24.565307874008138
24.671688575787176
24.778061823468544
24.880072391973655
24.98755698861095
25.09483522884371
25.199344653227335
25.306852162032904
25.4149692257202
25.52214341972905
25.629320280181176
25.738579613877693
25.847414593990386
25.955017830829615
26.065786565008214
26.17563924971701
26.28390443291327
26.396779667576244
26.507500303811756
26.616466027485412
26.73151637684957
26.84297229608571
26.95334539526666
27.06893946428969
27.181994739134776
27.29459830974115
27.408085134234657
27.525333396853867
27.639490378880343
27.752189958287634
27.872648255002133
27.987573005345084
28.102853205088895
28.217737814947714
28.338734885567618
28.457116552580292
28.571345302960083
28.691495456105745
28.813104443755407
28.932869598871118
29.04889387886689
29.169704126339685
29.293346106794587
29.41572325297839
29.52931611106892
29.655605765682928
29.779433752678514
29.90483896534051
30.024108560412884
30.147409762245815
30.270042873216198
30.40086225807878
30.523979411167243
30.646286303117407
30.772072525914147
30.90209667091951
31.02967070434404
31.155752520688804
31.27613852675447
31.409019059106935
31.538914350921218
31.670565700325312
31.795528889097962
31.924302421294854
32.051469434981335
32.18872172658916
32.32071394909879
32.45076537420115
32.58032622496036
32.70797637545832
32.846335140338226
32.98079881203962
33.11699939931293
33.246302976132775
33.37983448937211
33.51135330203812
33.65193490873249
33.79079379752924
33.92709430020644
34.063161806842025
34.192394938536395
34.3328575362811
34.47166861263164
34.60981246055381
34.75533956112538
34.89313798549602
35.031572549930154
35.16871069725308
35.30449092792451
35.451571960853805
35.59385834286569
35.73969194128528
35.88207741393764
36.02452845336457
36.1657206760938
36.306197453910194
36.448499792960675
36.5977578122597
36.74345792198473
36.8950197260252
37.03991627476309
37.187228299174194
37.33314263903004
37.476632699616545
37.62132237397219
37.77299167309954
37.920741445313
38.077380166785716
38.22642354187674
38.37836516129687
38.53105300882556
38.682184320142895
38.82965050941372
38.983915252845016
39.13435933688179
39.287751978989554
39.439527205952054
39.59664187103142
39.74853138350908
39.908206686039385
40.066527436846044
40.22041627580669
40.380000751265364
40.5382187176037
40.6944566352059
40.853624366301055
41.012778346760484
41.16854316034269
