0.0006608167318264076
0.003964917029701599
0.007269088684441939
0.01057339117156318
0.013877883982869285
0.017182626634115825
0.02048767867408031
0.023793099691575392
0.027098949322062024
0.0304052872591
0.033712173273363046
0.037019667167208004
0.040327828874528696
0.04363671837917501
0.04694639576933694
0.05025692125985225
0.053568355137230385
0.05688075783878524
0.06019418992040858
0.06350871206269319
0.06682438512134792
0.0701412700665641
0.07345942806916922
0.07677892043337102
0.08009980867379538
0.08342215445486181
0.08674601967606645
0.09007146644285934
0.09339855701058011
0.09672735398261668
0.10005792003609025
0.10339031823100645
0.10672461177281566
0.11006086421190697
0.11339913931450499
0.11673950112598608
0.12008201405958575
0.12342674270815283
0.12677375207455696
0.13012310744164748
0.13347487441940917
0.13682911896470362
0.14018590742003748
0.1435453064283523
0.1469073830900207
0.15027220479831985
0.15363983945994364
0.1570103553097534
0.16038382100397097
0.16376030567138175
0.16713987888711399
0.17052261069894709
0.17390857157090173
0.17729783253296963
0.18069046505482134
0.18408654117348777
0.18748613342343448
0.19088931489049463
0.19429615922702223
0.197706740677236
0.20112113405499818
0.20453941476394957
0.20796165889665866
0.21138794314200124
0.21481834485328755
0.2182529420337635
0.22169181348259803
0.22513503856008105
0.22858269751223034
0.2320348712469574
0.23549164139466436
0.2389530905569358
0.24241930198414055
0.24589035981599008
0.24936634911724276
0.25284735573694006
0.256333466469787
0.25982476903071144
0.26332135213808605
0.26682330539978155
0.2703307195400157
0.2738436862141464
0.27736229828210807
0.28088664949202785
0.2844168349141386
0.2879529506934917
0.29149509409962987
0.2950433637169505
0.2985978593172234
0.30215868200051205
0.3057259342272833
0.3092997197668171
0.31288014371773853
0.3164673127838335
0.32006133501564954
0.3236623200851622
0.32727037914952734
0.3308856250583369
0.3345081722814799
0.33813813702917156
0.34177563721787413
0.34542079267721726
0.349073725032509
0.35273455787570474
0.35640341679434157
0.3600804294450512
0.36376572553583236
0.3674594369665089
0.3711616980013052
0.3748726451566947
0.3785924172793108
0.38232115582285814
0.3860590047183919
0.3898061106401894
0.3935626228693236
0.39732869365350987
0.40110447803745874
0.40489013416788916
0.40868582339951304
0.41249171018300207
0.41630796245868124
0.4201347515562412
0.4239722525008217
0.4278206440419242
0.4316801087997571
0.4355508333752011
0.4394330087271096
0.4433268300165175
0.4472324969591738
0.4511502140311483
0.4550801905312937
0.4590226409147388
0.46297778489756913
0.4669458478125081
0.47092706064694057
0.47492166038895484
0.478929890465295
0.4829520006616983
0.4869882478062417
0.4910388957327547
0.4951042158290409
0.49918448742011345
0.5032799979242196
0.5073910435089704
0.5115179293237239
0.5156609700780843
0.5198204904800149
0.5239968258165775
0.5281903223460706
0.5324013382009866
0.5366302436697099
0.54087742221303
0.5451432710438291
0.5494282019051892
0.5537326421240253
0.5580570353526957
0.5624018427309636
0.5667675439642055
0.5711546384969222
0.5755636468508577
0.5799951121774578
0.5844496017036658
0.5889277084696223
0.5934300533440463
0.5979572871423513
0.6025100927831464
0.6070891880750418
0.6116953285666772
0.6163293106009059
0.6209919751807788
0.625684211720192
0.6304069629618607
0.6351612298285948
0.6399480775949901
0.644768642400501
0.649624139187502
0.6545158706070079
0.6594452374953098
0.6644137510455689
0.6694230473024614
0.6744749043380986
0.6795712628189873
0.6847142511220382
0.6899062159827704
0.6951497604890746
0.7004477922672067
0.7058035850829236
0.711220858939196
0.7167038881347233
0.7222576488513937
0.7278880292499317
0.7336021412950722
0.7394088082382364
0.7453193862453289
0.7513493017414105
0.7575214552901819
0.763876753871952
0.7706286986374633
0.779339113903494
0.7919102255863424
0.8090015140742047
0.8302280052936516
0.8547449890965824
0.8816851575340856
0.9103259351651324
0.9401054727565071
0.9705950850445728
1.0014682790658156
1.032477933671318
1.063438133681786
1.0942111950418207
1.124697026220765
1.1548248696156493
1.184546721466396
1.2138320420251822
1.2426636425897166
1.271034363408594
1.2989445924676941
1.326400169653218
1.3534109725793484
1.3799895507831992
1.4061504461892267
1.4319092855400657
1.4572824064707772
1.4822864261328765
1.5069379232086586
1.5312532428458219
1.5552483774211319
1.578938856571684
1.6023395799801214
1.6254649762960756
1.6483287786853362
1.6709441017910596
1.6933235062123626
1.7154788511491321
1.7374215043128876
1.7591621801021822
1.7807110942510238
1.8020779228889574
1.8232718866290032
1.8443016128318854
1.8651754351164946
1.8859011795021106
1.906486259477404
1.9269377523424074
1.9472623563893205
1.9674664410338412
1.9875560555070846
2.0075369534108365
2.027414604308353
2.0471942251774644
2.0668807755102914
2.086478969985006
2.105993315835795
2.125428108744453
2.144787444419194
2.1640752361426756
2.1832952129857235
2.202450973913467
2.2215459367768
2.240583276641681
2.2595662320437158
2.278497767270192
2.297380712562759
2.3162178393575075
2.3350118532341653
2.3537651222948828
2.372480262192151
2.3911594717706297
2.409805075378937
2.428419133235174
2.447003854444687
2.4655610935170067
2.4840929013357127
2.5026009703280576
2.5210871986134364
2.539553305577813
2.5580008240988716
2.5764314635477494
2.5948467670196864
2.6132481102105563
2.6316369844382983
2.650014776752902
2.6683828666577227
2.6867425182231286
2.705094881299075
2.7234412819465676
2.7417827984809593
2.7601206232381488
2.7784558036787335
2.7967894442741894
2.815122512646692
2.833456059674571
2.8517909795134515
2.8701282660597967
2.8884687573927574
2.9068133889075534
2.925162908854617
2.94351827897904
2.961880107899304
2.9802493139639785
2.99862665891153
3.0170128066895185
3.0354085259740637
3.053814340860585
3.0722310608394348
3.0906594216771315
3.1090998162255397
3.1275530060970462
3.146019632093674
3.164500106678537
3.182995099444749
3.2015052511060236
3.2200308519162855
3.238572584228893
3.2571310441490597
3.275706433859696
3.2942994587734593
3.312910513606036
3.331540190818928
3.350188629211918
3.368856492083489
3.387544128984812
3.406252098025166
3.4249805154329085
3.4437299105191266
3.4625006860144376
3.481293194457614
3.500107920426654
3.518944975864809
3.5378047639018257
3.5566877262749803
3.5755941205894537
3.5945242984653203
3.6134786493203452
3.6324573470866377
3.651460672581141
3.670488938667028
3.689542495026745
3.708621593235408
3.72772648341961
3.7468574571245084
3.7660147841973783
3.7851987354296153
3.804409544358253
3.8236474058875194
3.8429125568704383
3.862205251234151
3.8815257236413365
3.900874197632265
3.9202508896263564
3.9396560141523334
3.9590897847543376
3.9785524090529347
3.99804408704258
4.017565016997373
4.037115395136523
4.056695408280897
4.0763052433143265
4.095945080813
4.11561509565382
4.135315467487804
4.155046371484097
4.174807980627001
4.194600453643867
4.214423933083993
4.2342785622850245
4.254164523828212
4.2740820331327845
4.294031270349112
4.314012349656582
4.334025344075977
4.354070435898553
4.374147808641875
4.394257537745464
4.414399781914534
4.4345746524727865
4.454782176849442
4.475022745030976
4.495296516955499
4.515603394732057
4.535943631437666
4.556317257708553
4.576724438623469
4.597165084489666
4.617639727332023
4.638148388049614
4.6586910590114865
4.6792678535693835
4.699878879995508
4.720524031270027
4.741204045879003
4.76191858981232
4.782667857517973
4.80345188724206
4.824270544957559
4.845124653513297
4.86601381889502
4.886938192546022
4.907897707579754
4.928892746578458
4.949923479150323
4.970989825059723
4.992091755372812
5.0132294298112505
5.03440330945393
5.055613167766462
5.076858923523654
5.098140985606578
5.119459504022192
5.140814371605083
5.162205336911022
5.183633371358795
5.205098013808789
5.226599227849455
5.24813727208259
5.269712490139695
5.291324651754387
5.312973560463124
5.334660178160816
5.3563839835922
5.378144719088983
5.399943478059798
5.421779680880268
5.443653052637863
5.465564715094968
5.487514070643115
5.509500847495108
5.531526181164407
5.553589429844794
5.575690421469788
5.597830149960083
5.620007928081742
5.642224008898023
5.6644788159138475
5.686771733279443
5.709103748332427
5.731474445820634
5.753883488347517
5.776331973294894
5.798819012567426
5.821345270863286
5.84391077714051
5.866515009355677
5.889159131863467
5.911842121983773
5.9345648837051765
5.957327216462491
5.9801287779368435
6.002970458475524
6.025851348888162
6.048772788951875
6.071733667502318
6.094734801283505
6.117776089987572
6.140857245373134
6.163979024922528
6.187140671574847
6.210343293865454
6.233585784466136
6.256869592126806
6.280193354861215
6.30355854971488
6.326963995594503
6.3504108227543785
6.373898342616186
6.397427083392786
6.4209969822554855
6.444608014151137
6.468260545837878
6.491954271054165
6.515689728345339
6.539466515883313
6.563285211268804
6.587145419379095
6.6110476719288584
6.6349916523883214
6.658977784884258
6.683005896350441
6.7070762217765845
6.731188838927964
6.755343640556467
6.779541177881586
6.803780733357188
6.828063582893447
6.8523883711871
6.876756716187559
6.901167224325385
6.925621314360513
6.950117913101997
6.974658003546551
6.9992410727998955
7.023867397286977
7.048537495278808
7.073250463199774
7.09800781246483
7.122808149129127
7.147652758917764
7.172540836825282
7.197472844137968
7.2224492983142925
7.247469247864639
7.272534189549738
7.297642844890767
7.322796128643852
7.347994008717632
7.373235995150257
7.39852348171455
7.423855122719557
7.449231838223691
7.474653712032476
7.500120134858663
7.525632481742698
7.551189557428614
7.576791914413553
7.602440361333227
7.628133736311275
7.653873159112087
7.679658311187565
7.705488887665896
7.731366163986032
7.7572890288981
7.783257825022749
7.8092736960325455
7.835335308762106
7.861443323955167
7.887598590129306
7.9137999209620125
7.940048089751255
7.966343672277286
7.992685679771747
8.019074899096857
8.045511793019994
8.071995454159076
8.09852661589051
8.125105839572369
8.151732144427884
8.178406175125705
8.20512874011062
8.23189869775374
8.258716591613734
8.285583454663705
8.312498112811834
8.339460949512178
8.366472960107833
8.393533414645765
8.420642282498957
8.447800266950694
8.475007639040674
8.50226362940552
8.52956871488903
8.55692388628034
8.584328143828722
8.611781697227123
8.63928520654106
8.666838944948996
8.694442159513239
8.722095278055297
8.749799176816639
8.77755330782871
8.805357525065121
8.833212230574903
8.86111831250834
8.889074923644579
8.917082182396946
8.945140503048469
8.973250684791777
9.00141188798603
9.029624271541275
9.05788822274387
9.086204538162793
9.114572480884497
9.142992121033974
9.17146380911633
9.199988281984302
9.228565177403096
9.25719428087327
9.285875914280275
9.314610592531537
9.343398657354513
9.372239526672722
9.401133399651973
9.430080624404308
9.459081847600066
9.488136850207209
9.517245406563816
9.546407766836783
9.575624301635482
9.604895628003643
9.634221435949813
9.663601672875023
9.693037005892814
9.722528778860502
9.752078682894025
9.78168778558366
9.811357207192266
9.841088505796268
9.870883469321214
9.900744083257536
9.9306722715412
9.960669560402165
9.990738081781075
10.020879659730365
10.051097214692941
10.081392836695093
10.1117695727069
10.14222987789735
10.172776377259774
10.20341249097697
10.234140887371531
10.264965846650426
10.295890564306589
10.32691967596854
10.35805598196605
10.389304614000668
10.42066988737584
10.452156770717206
10.483771013337352
10.51551823431015
10.54740445277775
10.579435938155934
10.611618525791982
10.643960915933032
10.676471849198942
10.70915793150511
10.742031096805137
10.775100643951074
10.80837494616295
10.841870006711211
10.875598016401856
10.909571555636129
10.943807274966582
10.97832630891356
11.013143263643185
11.048283562085233
11.083767804135528
11.119624788332587
11.1558835445116
11.192576190200873
11.229741975150363
11.267421048433402
11.305660177993667
11.344515475438039
11.384043754757716
11.42431556761431
11.465407380892847
11.507410783566241
11.550427925181888
11.594577478892736
11.639994232696957
11.6868405333072
11.735302835925902
11.785600041878267
11.837989096491006
11.892778236794127
11.950338364995721
12.011109173829615
12.0756306419699
12.144563853251311
12.218721489016641
12.299127967799057
12.38707384918381
12.484219484956638
12.592735208950236
12.715499628781052
12.856435614566667
13.021020102888125
13.217158520380409
13.456745676217722
13.75864834872566
14.154961936879515
14.705764923233877
15.538265408531057
16.9450442621445
19.39710722203635
23.028498802869773
27.56419075503761
32.712068595582586
38.25398912248412
44.028471532978834
49.909089486106566
55.7882305082989
61.56420738708531
67.12934371190448
72.3569245617114
77.0853115957793
81.09818553052972
84.10256559864519
85.71407744092473
85.47637514543335
82.96521098831985
78.01794053402978
71.00480029564197
62.86581520033222
54.73809102999337
47.46622452553579
41.41134063805118
36.56973446548078
32.76786975876951
29.794482272767887
27.459554004536315
25.610684684057613
24.131601667666327
22.93538694351974
21.95741846075852
21.149522017853307
20.475550069667978
19.908147276856102
19.426401809898866
19.014202870844567
18.659007144945306
18.35099228210019
18.082388107798263
17.84704497769144
17.64002024266332
17.457366735767046
17.295861202087277
17.152898440531498
17.02632379224815
16.91434952934461
16.815474003445093
16.728410206186364
16.652062438957316
16.585455076284354
16.527748718449264
16.478185455941336
16.436086073062533
16.40084600431461
16.371913314994472
16.34879093987034
16.331029144562393
16.318216278946633
16.309978968018907
16.305986985519073
16.305928165280587
16.309528582854465
16.31653807451914
16.326722683340066
16.339887098345322
16.35583443337048
16.37439466350511
16.395424668746923
16.418773118412275
16.444314857108235
16.471941866795074
16.501541096057167
16.533019242984697
16.5662902848186
16.60127036376044
16.637890507714857
16.676078145951774
16.715770354397304
16.756916639328686
16.79945293327471
16.843332307282175
16.888516982319825
16.934946793802823
16.98258698443976
17.03140851229818
17.081352564193292
17.132393539948872
17.184509361701046
17.237641804989423
17.291772761591233
17.34687851637545
17.402907098205226
17.459849941319458
17.517664356207128
17.576320871491163
17.635814281781453
17.69608560910499
17.757119644261213
17.8189150459616
17.881411645401503
17.94460567808066
18.00846813646046
18.072972741393507
18.138100797803503
18.203839234402906
18.270160058416707
18.337021557735245
18.40445644249177
18.472388327301278
18.54085207876417
18.609821502699262
18.679225441203286
18.749126635258648
18.819465654216803
18.890248465192084
18.961459757038767
19.03309263272841
19.10512805477646
19.177568361826232
19.250396842774958
19.32361626197556
19.397216806880174
19.471194936491408
19.545537874337118
19.6202575702894
19.695322958212667
