0.0010388298072148752
0.006233221602066875
0.011428654400086618
0.016625998062797787
0.021826126680473373
0.02702992044777888
0.03223826773908794
0.03745206705182471
0.04267222920289818
0.047899679536176396
0.053135360184002056
0.05838023244264833
0.06363527948872258
0.06890150905443651
0.07417995630290691
0.07947168713161917
0.08477780131194819
0.0900994365422385
0.09543777221478879
0.1007940339609907
0.1061694985684297
0.1115654991917253
0.11698343154406253
0.12242476032495228
0.12789102697654559
0.133383857689397
0.13890497324436785
0.14445619960721992
0.15003948023284686
0.15565689010805794
0.16131065214492857
0.16700315590489778
0.17273697973819258
0.1785149166287873
0.1843400049162779
0.19021556485728605
0.19614524284251247
0.2021330649622875
0.20818350295921317
0.21430155621967983
0.22049285507019606
0.22676379307032674
0.23312169919609693
0.23957506658947106
0.2461338638074222
0.2528099703100778
0.2596178070515093
0.26657528960868826
0.2737053490677707
0.2810385438415417
0.28861803328221214
0.29651070846296523
0.30484101944763126
0.31418738602481106
0.3298544679162688
0.3567510219792504
0.3928754776586629
0.43457683645450185
0.4791509564311682
0.524875694791562
0.5706761797015087
0.6158953260424032
0.6601497030936259
0.703235285177147
0.7450632911975568
0.7856181211218751
0.8249285905973235
0.8630495219113808
0.9000492855257037
0.9360025277892006
0.970985038965434
1.005071047867687
1.038331337624906
1.0708322908580954
1.102635721813525
1.13379886746302
1.1643739144681322
1.1944089795896853
1.2239479762244558
1.2530307817406128
1.281693937593583
1.3099707193374932
1.3378916028388643
1.3654841586050677
1.3927735577196243
1.419783145899416
1.4465338335177949
1.4730450611577834
1.4993345469600352
1.5254184017480643
1.55131159202622
1.577027706875842
1.602579395448119
1.6279782806363052
1.65323500342158
1.6783594171564222
1.7033605818591655
1.7282468979281078
1.7530261375790213
1.7777054933057868
1.802291627542598
1.826790715560095
1.8512084883366702
1.875550275277249
1.8998210633365091
1.9240254481937769
1.9481677149051668
1.972251817056228
1.996281480397746
2.0202602544679307
2.0441912473548025
2.06807755386518
2.0919222306945096
2.1157277405052963
2.1394965673493336
2.163231116440638
2.1869334057062413
2.2106055711002606
2.234249387471889
2.2578671256528335
2.2814600814439463
2.305030006260811
2.3285782525608902
2.352106080491981
2.375615319595934
2.3991069390229964
2.422582166165522
2.44604198864407
2.4694872748319434
2.492919678402321
2.5163397185802867
2.5397482132990024
2.5631457671503077
2.5865339205631086
2.6099129722395804
2.6332835610155976
2.6566461281679015
2.68000208689065
2.7033515636271797
2.72669495454494
2.7500330253809158
2.7733664997276497
2.7966955936655435
2.8200204653369516
2.8433424416324398
2.8666614020187606
2.889977456700076
2.9132917007603294
2.9366041976120787
2.9599149893767867
2.9832248598703686
3.006534137748315
3.0298427416760365
3.0531512926604836
3.076460239688978
3.0997693894490044
3.123079391145813
3.146390615629848
3.1697027971748764
3.19301680500951
3.216332747806334
3.2396503442639077
3.2629707975584163
3.2862939781743017
3.3096199629908685
3.3329505076113217
3.3562857317451624
3.379626715865256
3.4029755207648917
3.4263330159431677
3.4497019045207127
3.473084225858561
3.496482027871305
3.5198993701496644
3.543338659779275
3.5668035643943488
3.5902986208011693
3.6138273981381523
3.637395710413285
3.6610078311044365
3.684669573662347
3.708387151196537
3.7321662567969156
3.756015178907122
3.7799406409488547
3.8039500926909664
3.828052449369725
3.852256358299529
3.8765722845563872
3.9010094737848515
3.925579443761119
3.950293525203325
3.975163996358381
4.000204505010496
4.025429125371146
4.050853368821707
4.076492885440161
4.102366668496012
4.128492006538528
4.154891970244191
4.181586944471563
4.208602187099203
4.2359655078120815
4.263703721318499
4.291850750896574
4.320440930749311
4.349514991366373
4.379113599537743
4.409287051717402
4.440087134732124
4.471572664476302
4.503809941094402
4.536873236569223
4.570842856893259
4.605817714406256
4.641897017499835
4.679200910197341
4.717860633664377
4.758029661573654
4.799882436304577
4.84361368134094
4.889449574575085
4.937651908591281
4.988514903780745
5.04239041436858
5.099680301271416
5.1608541838481115
5.2264664766778335
5.297170001006522
5.373736645423043
5.457090918325707
5.5483405091731814
5.648819250021215
5.760151979065592
5.884343792371819
6.02385614264216
6.181768941877172
6.361973564772349
6.569416328278526
6.810492152072033
7.09357385383378
7.429769368808544
7.834095270281752
8.327248107742019
8.938342896047539
9.70941602321069
10.702890641539542
12.014573864376532
13.797280957446022
16.305825370282072
19.98713096498856
25.668891082070576
34.95637625447416
50.93059200858288
77.9759734975304
113.00016776891742
132.96490454094655
130.0202665678502
118.31260096704305
105.96838411778975
95.04585408670516
85.7454192284729
77.85630426417327
71.1230396996999
65.32559251543987
60.28871942462781
55.875497269359116
51.97891864023489
48.51476679580918
45.41608519529687
42.62913751826501
40.11033511450487
37.8239854909335
35.74058781580676
33.83559630054519
32.08833601323595
30.481360516449104
28.999762614194772
27.630755604421548
26.363275825075597
25.187705050371203
24.095630133745892
23.07964868127563
22.133241380612763
21.250594547645527
20.426547414319668
19.656499730798515
18.936296357042682
18.262232633044047
17.63097068185748
17.039465126220737
16.48499560380138
15.96508571131835
15.477469227329852
15.020115324802383
14.591148660779723
14.188865470692768
13.811731344756032
13.458304138174597
13.12729571127352
12.81753188625527
12.527898840511073
12.257418047016344
12.005188937373905
11.770346650423436
11.552160763036953
11.349937198265247
11.16301322622416
10.990864100575928
10.832957726461503
10.688808424032983
10.55806370470101
10.440327803632876
10.335274634942998
10.242680639470546
10.162237848709214
10.0937152180214
10.036831987179509
9.991107782192753
9.955970197027996
9.930486164472825
9.913477807509988
9.903781416513684
9.900217845374943
9.901797354689421
9.907769864781717
9.917478198090608
9.930446298481513
9.946275823587188
9.96461735051322
9.98525108716232
10.007924730874421
10.032459732291553
10.058663667685783
10.08645257355426
10.115628299770231
10.146167737679555
10.177947140739557
10.210804270476626
10.244791083947364
10.279750477855846
10.31564034476934
10.352427865045433
10.389983222035912
10.428388993397517
10.467498854969515
10.507329812885452
10.547757298616371
10.588882733540984
10.630490049673222
10.67277171323433
10.715569472998972
10.758857284539381
10.80268200343536
10.846941343776528
10.891673223417103
10.936867154318774
10.982450885902596
11.028408944811048
11.07487350000319
11.12158995511963
11.168783703408485
11.216270161493787
11.264144274762598
11.31234177561274
11.36101853305322
11.40972357153197
11.45902675544086
11.5084320001565
11.558271472367949
11.608351539409675
11.658825225184682
11.709512338773964
11.760682176965851
11.811831330907763
11.863489437165814
11.915279066785104
11.96737642347757
12.019718052901457
12.072469995080786
12.125238805617023
12.178659851520292
12.232139592306032
12.285707740067163
12.34000123045294
12.394240475953023
12.448857187573122
12.503665575593471
12.558871394355915
12.61410540056869
12.669833470938187
12.725592578507692
12.781821209619022
12.838024007623533
12.894720131686325
12.951733607378532
13.008752748799237
13.06613536418665
13.123794058351171
13.181742693983724
13.239839061144705
13.29847995201561
13.356858689157797
13.41582296818853
13.475101804882474
13.534367022376726
13.594108991316437
13.653940042241388
13.714145413088563
13.774613832179496
13.835253753551182
13.896127485644252
13.957319020948237
14.018943368362276
14.080378635188639
14.142480974389969
14.20440778847769
14.266965419495985
14.3300568037615
14.392333762134742
14.455937172470732
14.518886675794924
14.582623071145765
14.646719471702596
14.710800095112894
14.775715090711255
14.840015123269483
14.905030708115245
14.970311203987507
15.035858089718904
15.101668130421384
15.167443761441744
15.233673184171595
15.299792432628998
15.366362826917165
15.434069209303557
15.5004726527062
15.568501938956011
15.63597264396445
15.703927060877863
15.772770646299882
15.840777561309123
15.909211002859747
15.97851819991297
16.047104990003707
16.11660386698984
16.186040240840835
16.255378795358723
16.326335525411622
16.396145463930377
16.46822648391861
16.539697651976713
16.610735101353335
16.68222144582294
16.754034604588675
16.82501127554913
16.898316500361428
16.970250920239398
17.043263982688867
17.116586303608557
17.189411368624658
17.2616807224607
17.336000501819008
17.408993641080006
17.484375614472228
17.559601936927642
17.634801705965614
17.710214185383588
17.785316972670245
17.859665746209096
17.936326462510593
18.011527681074075
18.08837575685614
18.165596876602635
18.24193399951099
18.317259595473423
18.395155446284114
18.47126592746191
18.55115173467674
18.630407858891008
18.70907022619204
18.787591031353543
18.86672333499696
18.944006226910318
19.02522865198553
19.104872161912745
19.184754377932194
19.264094341393136
19.343200953985864
19.422912808042618
19.505679778951734
19.58645033799073
19.669163263497303
19.750735894659392
19.83136832446558
19.91384174866309
19.998176756070652
20.080619820056437
20.161709555202997
20.244787305131265
20.327981294399716
20.41301979767658
20.498501238129382
20.58213238692733
20.6649435379818
20.749565798951956
20.836231053763246
20.92277774148783
21.007773195709667
21.093661488232268
21.178356618936863
21.266246691157644
21.354004087069153
21.439264654648184
21.52305253173589
21.61258612535746
21.69981510229743
21.791045082739732
21.879090423549997
21.965668493788524
22.055258590131004
22.146649138564115
22.23499150533717
22.321152142672084
22.412546735882728
22.504649035746134
22.59586750450376
22.684968789638244
22.7744249230449
22.86700702748782
22.96066347257231
23.05225793455256
23.143566838876644
23.234004855901773
23.329653037907754
23.422117167585334
23.511162472870858
23.604331396335123
23.701011785885655
23.795873293559474
23.88759042666931
23.98234135302786
24.07750875582131
24.174388609090197
24.267294623889157
24.36370550190948
24.45991331128426
24.557794587178662
24.651697420073734
24.74620438678411
24.845156913971227
24.945833453411577
25.043621039767523
25.136442951802515
25.23822520886472
25.33654967532682
25.43207868624657
25.529173575943993
25.631328786828643
25.732328923027616
25.827975731484756
25.925900116210602
26.03191893220349
26.13404202465368
26.230592939171995
26.33507403334066
26.437582642081622
26.53731004774484
26.635558196600847
26.739372853183
26.84515082083345
26.94391773561603
27.04395315892492
27.152863360815488
27.258698205078563
27.358371678773146
27.466321644800768
27.57207674217767
27.674780982799895
27.77542682533343
27.88342043363471
27.991911675067968
28.092743045410817
28.19803320555545
28.310398610782904
28.418263860524792
28.519948689786073
28.63314498873626
28.74136576664997
28.843349541879867
28.949738140318214
29.06394123985898
29.171540525937615
29.276283069608734
29.389961605119794
29.50334761399627
29.611220757828008
29.718505761445538
29.833595929131334
29.9413616765207
30.0443500940455
30.16321911689551
30.278119106582153
30.384963534193517
30.500764378993537
30.6171958854468
30.725456141639604
30.840599407158255
30.955354963022575
31.061064887018944
31.176575073489484
31.294123456447522
31.412799286510356
31.522564670131874
31.641849005288297
31.760249677228117
31.86927005248405
31.987764318079464
32.10935773439131
32.21936220305286
32.33690045566824
32.461359587005724
32.57428492833148
32.689022553965636
32.81276955555163
32.930843345106794
33.051043591667
33.172629718631086
33.29171740305062
33.403834383629
33.52946711492319
33.65137147518155
33.7650453327579
33.892790489562124
34.0184358727146
34.13810513902849
34.258026636060876
34.37872092381858
34.49724305712461
34.623231173837965
34.75332973710106
34.86919755930873
34.99548349457722
35.126131019678304
35.24332905949728
35.36860716609627
35.50143916397913
35.61939743928501
35.746041158539015
35.87774346349671
35.99116557131175
36.12558006621138
36.2597542326477
36.380044698114666
36.51544362622863
36.642442588206194
36.762599381491874
36.895607781487456
37.03018916206418
37.150888361752024
37.28512570231523
37.42069076730192
37.54230992941035
37.67859928329296
37.812149226511096
37.93415245623044
38.07307585680247
38.202023191927104
38.32821868414963
38.461121301078705
38.604436229786806
38.734639746099205
38.87485538973122
39.004166110246274
39.1341793586818
39.279684058511506
39.4050293833494
39.54187714490874
39.68434436802648
39.809277540879116
39.952234223721604
40.09563548368392
40.22775245649006
40.36584670368688
40.49806008268091
40.632354392289386
40.777222494312035
40.921368351430495
41.049740923316975
41.200170666364905
41.33983281393551
41.47212011090889
41.62426531668878
41.757879417406684
41.89579077413511
42.04691268188847
42.17634305551471
42.32532892401055
42.47693877489383
42.61654109751594
42.75842254729916
42.89477637266176
43.040529322869396
43.193408776200656
43.32601683246581
43.46455668665094
43.627371000461366
43.76867410660573
43.92270082907454
44.06263376317178
44.20690582365362
44.36542530535672
44.49793401082233
44.65511470694101
44.8017253417005
44.94439514935342
45.10808432938857
45.2473833102685
45.403362117853504
45.55170504776378
45.68818089336423
45.857826585517074
45.99420905589301
46.147894311658185
46.3126866047333
46.453894908714894
46.6193038176562
46.76339547450936
46.91663879539675
47.081795813852516
47.21643973877623
47.3789829006507
47.54159602290852
47.686948427772094
47.85620495263425
48.00126667594415
48.15804015011636
48.32402962301569
48.46695698543568
48.63912622903278
48.7887360713535
48.942489234932495
49.118560015861355
49.27312761146569
49.42993014785232
49.58044019055735
49.74105698491662
49.91834953732852
50.065472187678125
50.218581149291005
50.398462416833766
50.55842172792167
50.728720281265986
50.8791459443357
51.04107451310811
51.218636880656234
51.36553353102766
51.54360431365376
51.70338909022131
51.86422119653631
52.045590133769004
52.1972935962393
52.374193240938055
52.53527928664512
52.691594829861785
52.88131962003772
53.03121784388703
53.2079492756138
53.38849096806303
53.54175988302771
53.72403906533005
53.87835935551436
54.06295648886055
54.23535073056791
54.37955056661352
54.579392480104794
54.746341783883935
54.9263835640888
55.09348736472477
55.259172056983715
55.45126546700351
55.60400498957116
55.79517580539314
55.95996169284061
56.140642288043004
56.32443128653261
56.48449132446328
56.68049195213929
56.839705851382845
57.02985638912578
57.199344982361254
57.37164085635446
57.575813387972
57.748101528661664
57.926978735243665
58.095447145109965
58.28335437417128
58.45970563238233
58.63101741863345
58.82870962385249
