1.304503916571567e-5
1.3349667540271808e-5
1.366140963699547e-5
1.3980431541246592e-5
1.430690327012213e-5
1.4640998796943377e-5
1.4982896123702414e-5
1.5332777475516728e-5
1.569082927982888e-5
1.6057242329324768e-5
1.643221187804974e-5
1.6815937758371468e-5
1.7208624412719852e-5
1.7610481125064044e-5
1.8021722041038324e-5
1.844256629603202e-5
1.887323807498756e-5
1.9313966948039816e-5
1.976498779049273e-5
2.022654088255458e-5
2.0698872214288154e-5
2.118223346721475e-5
2.1676882256910148e-5
2.2183082055174048e-5
2.270110271191285e-5
2.3231220246799028e-5
2.3773717112599416e-5
2.432888243171979e-5
2.4897011991330857e-5
2.5478408599518755e-5
2.607338205417898e-5
2.6682249431499943e-5
2.7305335035498646e-5
2.7942971046597994e-5
2.8595497217227934e-5
2.9263261269373765e-5
2.994661899896644e-5
3.0645934610213584e-5
3.136158070957884e-5
3.209393870699861e-5
3.2843398798907726e-5
3.361036038893012e-5
3.439523219261891e-5
3.519843244363293e-5
3.602038917241533e-5
3.686154029646086e-5
3.7722334168719255e-5
3.860322942290191e-5
3.950469548235634e-5
4.0427212777286924e-5
4.1371272842560205e-5
4.233737882335109e-5
4.332604552118097e-5
4.4337799709509076e-5
4.5373180620611506e-5
4.6432740006127094e-5
4.75170424459319e-5
4.862666579582809e-5
4.976220134462005e-5
5.0924254228384196e-5
5.211344360449249e-5
5.333040336399348e-5
5.4575782023760004e-5
5.5850242887220525e-5
5.715446541862622e-5
5.8489144688348734e-5
5.985499186541111e-5
6.125273471623624e-5
6.268311824337995e-5
6.414690461213289e-5
6.564487384652495e-5
6.717782443588466e-5
6.874657303432094e-5
7.035195589354865e-5
7.199482838756528e-5
7.367606595485168e-5
7.539656460061968e-5
7.715724149404935e-5
7.895903454019948e-5
8.08029041423731e-5
8.268983282110069e-5
8.462082642529273e-5
8.659691380233826e-5
8.861914825770905e-5
9.068860723015586e-5
9.28063940764089e-5
9.497363678624637e-5
9.719149102845761e-5
9.946113828962684e-5
0.0001017837886131462
0.00010416067956407138
0.00010659307811060712
0.00010908228040764616
0.00011162961343488858
0.000114236434532394
0.00011690413311198029
0.00011963413104425363
0.00012242788361483106
0.0001252868795504573
0.00012821264273534002
0.00013120673287755335
0.0001342707454265692
0.00013740631372373226
0.00014061510906692636
0.00014389884202680402
0.00014725926267610925
0.00015069816240752092
0.00015421737418388692
0.00015781877436693415
0.0001615042816779229
0.00016527586184260194
0.00016913552493032073
0.000173085329020059
0.0001771273790209813
0.00018126383025291457
0.00018549688800578167
0.00018982880868576214
0.00019426190238284064
0.00019879853255312365
0.00020344111750725098
0.000208192133094683
0.00021305411257531597
0.00021802964839078937
0.00022312139367179854
0.0002283320633230817
0.00023366443656395696
0.00023912135725054007
0.0002447057348168703
0.00025042054809632956
0.0002562688452044407
0.00026225374520705557
0.0002683784406521785
0.0002746461984403103
0.00028106036252501047
0.000287624354197677
0.00029434167604662926
0.00030121591067421065
0.0003082507275654439
0.00031544987969379305
0.00032281720863875133
0.00033035664679360345
0.0003380722179260822
0.00034596803945909364
0.0003540483267670899
0.0003623173926417299
0.000370779653026386
0.00037943962510731576
0.0003883019340387623
0.0003973713113114652
0.00040665260176670284
0.0004161507618411396
0.00042587086699222016
0.00043581810911911574
0.00044599780342187304
0.00045641539059695924
0.0004670764379631216
0.0004779866438221222
0.0004891518422572785
0.0005005780026155394
0.0005122712358333254
0.0005242377959437517
0.0005364840855309648
0.0005490166572933724
0.0005618422179949245
0.0005749676321682467
0.0005883999285731043
0.0006021463006860545
0.0006162141113378241
0.0006306108979791447
0.0006453443763095643
0.0006604224431970695
0.0006758531850749386
0.0006916448781412379
0.0007078059954697473
0.0007243452111604291
0.0007412714048504836
0.0007585936676147952
0.0007763213059641855
0.0007944638492076578
0.0008130310514317057
0.0008320329025212674
0.0008514796270430548
0.0008713816978074346
0.0008917498352231429
0.0009125950160967898
0.0009339284851014999
0.0009557617494694349
0.0009781065976572738
0.0010009751019380275
0.0010243796218185517
0.0010483328198567692
0.0010728476626557955
0.001097937430780529
0.0011236157226348113
0.0011498964748246736
0.001176793958576758
0.001204322789246414
0.0012324979484269031
0.0012613347772354748
0.0012908489944766287
0.0013210567069876008
0.0013519744184033974
0.001383619037857525
0.0014160078938913478
0.0014491587496770705
0.0014830898067327428
0.0015178197194307681
0.001553367612861435
0.0015897530940111868
0.0016269962565859343
0.0016651177169287417
0.0017041385967245374
0.0017440805713026144
0.0017849658637575508
0.00182681727151095
0.001869658171750279
0.0019135125605944394
0.001958405047776052
0.0020043608904480588
0.0020514060163942267
0.00209956702683872
0.002148871242474831
0.002199346704928059
0.0022510222073237433
0.0023039273340322796
0.00235809246184218
0.0024135488100806173
0.0024703284493909567
0.0025284643434773987
0.0025879903857361814
0.0026489414124687143
0.002711353266764827
0.002775262797137588
0.0028407079358217418
0.002907727702922651
0.0029763622818658993
0.0030466530390743027
0.003118642583651323
0.003192374808806264
0.0032678949594272923
0.0033452496616656266
0.003424487019854384
0.0035056566300633502
0.003588809691868857
0.003673999061351864
0.0037612793135727877
0.0038507068306263327
0.0039423398869373105
0.004036238751777715
0.004132465737023686
0.004231085361429282
0.004332164405325441
0.0044357720666094004
0.004541980029778561
0.004650862662893267
0.004762497087759003
0.004876963383868728
0.004994344721521665
0.005114727502640444
0.005238201605854398
0.0053648605114656345
0.005494801537751701
0.00562812606912874
0.005764939762138465
0.005905352797198452
0.00604948013922418
0.006197441858359488
0.006349363332541321
0.006505375663589747
0.006665615947227942
0.006830227579562418
0.006999360711071884
0.007173172619018361
0.007351827949748572
0.007535499269068177
0.0077243674605233376
0.007918622043151387
0.008118461686162738
0.00832409451737271
0.008535738531117517
0.008753621969166094
0.008977983554923928
0.009209072827423878
0.009447150199703996
0.00969248712437496
0.009945365964177805
0.01020607993324618
0.010474932589723525
0.010752237496770343
0.011038317260753647
0.011333502945534615
0.011638132697846495
0.011952550560959502
0.012277104973757506
0.012612147294086058
0.012958030014254197
0.013315105296291057
0.013683723232622125
0.0140642306448997
0.014456969729153127
0.014870717355961748
0.015289090497977402
0.01572071988038918
0.01619917988900895
0.01665901190616856
0.01713321296730594
0.01763927642392169
0.018143641820671297
0.018707834093368392
0.01924458454259909
0.0197979637939924
0.020332024600464675
0.020919185376225224
0.021524194308645484
0.022261123949308903
0.022906930817496583
0.02357306120091686
0.024259869875174735
0.024967661207543686
0.025696754173615333
0.02644756264191246
0.027220660617806487
0.02801679297966325
0.028836805044921546
0.029770893077847808
0.03064438709619776
0.031545339005322824
0.03247382656705998
0.03342992115439761
0.03441404907971226
0.035427252486160896
0.03647113013684725
0.037610814363881945
0.03872261336767408
0.039870540079105884
0.04105377306483662
0.04227158090232161
0.043524584328866016
0.04481527048853063
0.04614701863588848
0.047567693492654224
0.048989726509960536
0.050454897835521755
0.05196121080444516
0.053510587772829146
0.05510844394773059
0.05678897751459021
0.05849503236734463
0.06025066614779196
0.062052617069453454
0.06390627620775538
0.06583928063404353
0.06782083625095116
0.0698634549854342
0.07196004759000575
0.07411767350117755
0.07635887731021457
0.07866605552950694
0.08103008741387906
0.08344173675977769
0.0859211371484139
0.08849391603436102
0.09115363830438078
0.09389332009037864
0.09672931273107281
0.09967068054610302
0.1026994218199435
0.10579534868997273
0.10896951870552198
0.11222778436744127
0.11553574973041626
0.11893155853566036
0.12246837515186403
0.12615593773727068
0.12997176246933792
0.13390898718821725
0.13795116492230722
0.14206949934517088
0.1462433802104188
0.15049045412824918
0.15488437796496354
0.1595040666760278
0.16430545595326973
0.16926172994520733
0.1743317189259531
0.17942997980332095
0.184579725365833
0.1898853728284424
0.19548653068340516
0.20131958964342953
0.2073247371179322
0.2134092834275592
0.21948329768095806
0.22563571018699763
0.23216122183480872
0.23900341923145707
0.24602472057105854
0.25305065618379663
0.2600140857922841
0.26723538155748583
