0.0006285839769107589
0.0037715144463279227
0.006914490332309746
0.010057549484658646
0.013200729759951096
0.016344069018920403
0.019487605136587028
0.022631375995717563
0.025775419497641956
0.028919773559762645
0.03206447611873088
0.03520956513011346
0.038355078580361406
0.041501054475121424
0.04464753085375742
0.04779454578608145
0.050942137373186876
0.05409034375852868
0.057239203117339
0.06038875367250666
0.06353903368616944
0.06669008146220416
0.06984193536755233
0.0729946338040592
0.07614821523612043
0.0793027181826978
0.08245818122223565
0.08561464298803761
0.0887721421803328
0.09193071757658831
0.09509040799943627
0.0982512523749035
0.101413289663954
0.10457655894008282
0.10774109934327644
0.11090695007318034
0.11407415045011882
0.11724273986169047
0.1204127577895911
0.12358424380592874
0.12675723758331348
0.12993177888185037
0.13310790757706598
0.13628566363779462
0.13946508714790762
0.1426462182983254
0.14582909738040342
0.14901376481490508
0.1522002611420859
0.1553886270169213
0.1585789032245114
0.16177113066103263
0.16496535037947063
0.16816160355518858
0.17135993148831807
0.17456037561748297
0.17776297757600992
0.18096777907094924
0.18417482199732377
0.18738414841521844
0.19059580050184666
0.19380982064272234
0.1970262513303236
0.20024513528359852
0.2034665153506895
0.20669043455842973
0.20991693615154117
0.2131460634795595
0.21637786015922686
0.2196123699476414
0.22284963680765502
0.2260897048791893
0.22933261855608877
0.23257842235642653
0.2358271610939371
0.23907887973022662
0.2423336234727137
0.24559143775952424
0.24885236820623396
0.2521164607173335
0.25538376140762836
0.25865431661175203
0.2619281729303321
0.2652053772069791
0.2684859765339579
0.27177001828111635
0.27505755005379334
0.27834861971681185
0.28164327546355117
0.2849415656936367
0.28824353912874046
0.291549244793587
0.2948587319819346
0.2981720502526471
0.3014892495486758
0.3048103800710355
0.3081354923171707
0.31146463718100265
0.31479786582820557
0.3181352297490889
0.3214767808068101
0.3248225711955367
0.32817265346945224
0.3315270805285745
0.33488590568062654
0.3382491825254031
0.34161696513713635
0.34498930790954685
0.34836626566044454
0.351747893599306
0.35513424734963844
0.35852538297442543
0.36192135688750626
0.3653222260303101
0.3687280477268737
0.37213887976053334
0.3755547803879026
0.378975808347463
0.3824020227723916
0.38583348338936724
0.3892702503278904
0.39271238428244915
0.3961599464523376
0.39961299851978205
0.40307160274424414
0.40653582187791754
0.4100057193499378
0.4134813589755398
0.41696280526852364
0.42045012334843024
0.4239433788309746
0.4274426380392756
0.43094796785238926
0.4344594358481583
0.43797711018229757
0.44150105978872256
0.44503135415244766
0.44856806346282574
0.452111258723483
0.45566101152520905
0.45921739434940817
0.46278048023285456
0.4663503431185616
0.46992705766721604
0.47351069938293244
0.4771013445433704
0.48069907028629405
0.4843039546101694
0.48791607635180034
0.4915355152222636
0.4951623518875015
0.4987966679512224
0.5024385458752219
0.5060880692202382
0.5097453224381547
0.5134103910292593
0.5170833615065303
0.5207643215151901
0.5244533597360795
0.5281505659218514
0.531856031090154
0.5355698472341812
0.5392921077587148
0.5430229070873077
0.5467623410752607
0.5505105066723675
0.5542675023375685
0.558033427701938
0.5618083838964424
0.5655924734097693
0.5693858001700141
0.5731884696571427
0.5770005888067056
0.5808222661338608
0.5846536118146194
0.5884947375585355
0.5923457569075301
0.5962067850394974
0.6000779389367097
0.6039593374660609
0.607851101369413
0.6117533532188179
0.6156662177166621
0.6195898215489976
0.6235242934811197
0.6274697645533516
0.6314263679143601
0.635394239072649
0.6393735159056378
0.6433643387352115
0.6473668503584947
0.6513811961912886
0.6554075243011084
0.6594459855556912
0.6634967335953542
0.6675599250718448
0.6716357196013539
0.6757242799522126
0.6798257721601495
0.6839403655536308
0.6880682329598987
0.6922095507311913
0.6963644990170565
0.7005332616827439
0.7047160265849111
0.7089129858071308
0.7131243355495009
0.717350276503122
0.7215910140229266
0.7258467580831699
0.7301177237162798
0.73440413104244
0.7387062055583195
0.743024178379729
0.7473582863304796
0.7517087722469248
0.7560758854379547
0.7604598816120152
0.7648610233129246
0.7692795803880096
0.7737158299819951
0.7781700572705147
0.782642555401056
0.7871336261683902
0.7916435803698036
0.7961727381960512
0.8007214298348541
0.8052899956787113
0.8098787871935251
0.814488167325411
0.8191185111387609
0.823770206527346
0.8284436548256874
0.8331392718099501
0.8378574882103205
0.8425987508789782
0.8473635236880023
0.852152288462648
0.856965546510317
0.8618038193274487
0.8666676504993047
0.8715576068640744
0.8764742803874884
0.8814182897616066
0.8863902826915806
0.8913909377397663
0.8964209673034165
0.9014811197195747
0.9065721829216835
0.9116949874036724
0.9168504103235456
0.9220393798595137
0.9272628798564696
0.9325219557958828
0.9378177209152324
0.9431513637974599
0.9485241566944452
0.953937465758325
0.9593927625628478
0.9648916378482334
0.9704358181605431
0.9760271855219196
0.9816678017803171
0.9873599380728224
0.9931061120795445
0.9989091352809639
1.0047721734052828
1.0106988270079478
1.0166932398268755
1.0227602505233526
1.0289056124695652
1.035136328161686
1.041461193126882
1.0478917619052632
1.054444318629695
1.061145011120016
1.0680601441319173
1.0759125139973817
1.086408407331978
1.1006262399001572
1.1187194225613435
1.1402180208382005
1.164424666792665
1.1906655417535985
1.2183786758245563
1.2471185784488483
1.2765373323431506
1.306363561635944
1.3363863744540188
1.3664429815862524
1.3964088791308815
1.4261902995366558
1.455717963697895
1.4849420631038301
1.5138281441172448
1.542353838264799
1.570506071057151
1.5982790637643343
1.625672439981808
1.6526900266666587
1.6793386895476667
1.7056275053657548
1.7315671051946784
1.7571691659941433
1.7824460042127728
1.8074102846799969
1.832074756024381
1.8564521322179357
1.8805549234152126
1.9043953609883193
1.927985295616089
1.9513362063214128
1.9744591414592532
1.9973646879231792
2.020063029221562
2.0425638495528116
2.0648764205826455
2.08700959379986
2.1089717819929277
2.130770998734881
2.152414896644419
2.1739107391229475
2.195265433704203
2.2164855718059155
2.2375773905945198
2.2585468917971183
2.2793997344428116
2.300141317939457
2.320776835576323
2.3413111629227505
2.3617490053311934
2.3820948333016294
2.4023529094568508
2.422527307903598
2.442621981261287
2.4626405675272833
2.4825866842849016
2.502463759740869
2.5222750421516773
2.5420236668765304
2.5617126371800953
2.5813448425549654
2.6009230497537135
2.620449917831536
2.639928001984465
2.65935976087733
2.678747559357664
2.698093668446442
2.7174002858836923
2.7366695246248374
2.7559034473333064
2.775103994166937
2.7942730059893175
2.8134124096765714
2.8325239523209134
2.8516093094599984
2.8706701408618898
2.889708092528955
2.9087246631090373
2.9277213594343525
2.9466996740255333
2.9656609508839753
2.9846066532875017
3.003537952112
3.0224563102302997
3.0413628301316082
3.060258848245567
3.0791454121297144
3.0980237448405705
3.116894994120009
3.135760108217486
3.154620259073011
3.1734764810083314
3.192329647658691
3.2111808126899675
3.2300309274973684
3.248880925630819
3.267731703000705
3.28658403962833
3.305438883371962
3.3242970256197597
3.343159342512785
3.3620265509045133
3.3808995028751103
3.3997788815573697
3.418665472144768
3.437559966179625
3.45646310275949
3.4753755209573995
3.49429798278015
3.513231054107108
3.5321754862267163
3.551131800494936
3.570100716586229
3.589082682714764
3.608078453805938
3.627088574107904
3.6461135927126422
3.6651541213841163
3.6842105331397064
3.703283524719679
3.722373701682816
3.741481317478231
3.7606070489844337
3.779751498947465
3.798914865531294
3.818097828412469
3.837300919746098
3.85652433355147
3.8757687428031806
3.8950345273296385
3.91432223403671
3.93363203112271
3.9529645488105363
3.972320146637444
3.9916993508244487
4.011102278990026
4.030529537731241
4.049981471964924
4.0694585172138815
4.088961013988713
4.108489195766247
4.128043569302551
4.147624458636958
4.167232232650449
4.186867303088341
4.206529940761018
4.226220399811541
4.245939055880287
4.265686299230562
4.285462428030172
4.305267742322274
4.325102580737605
4.3449672644056685
4.364862116675149
4.384787401836085
4.404743372099112
4.424730337181419
4.444748605568097
4.464798463087803
4.484880189494781
4.504994061716557
4.5251403600606075
4.545319354659473
4.565531313997175
4.585776505722446
4.606055188377507
4.626367621221857
4.646714059880655
4.66709475255154
4.687509946148525
4.707959887388848
4.72844482695733
4.748965006891437
4.769520656201208
4.790111984362955
4.810739209954827
4.831402615545144
4.852102497141078
4.872839087829952
4.893612523081956
4.914423005361598
4.935270828684432
4.956156157102625
4.9770792032501125
4.998040168264257
5.019039139364
5.04007665256882
5.061152864967398
5.08226779946897
5.10342176877518
5.124614893150234
5.145847303731448
5.167119248621135
5.188431301434982
5.20978326925818
5.231175439008672
5.2526079590010735
5.274080778619367
5.295594788674218
5.317149694706557
5.338745743474565
5.3603830059224
5.382061725926064
5.403782449050047
5.425545038384398
5.447349617644109
5.469196209318531
5.491085672311363
5.5130177036629116
5.534992385572453
5.557009973725375
5.5790710116129265
5.601175332905625
5.623322785683022
5.645514402480779
5.6677498341896655
5.690029096432823
5.712352609245876
5.7347207078883695
5.75713323095541
5.7795902568351245
5.802092575112809
5.824639810891846
5.847232009268732
5.869870036954554
5.892553432524982
5.915282415767897
5.938057614723365
5.96087854740091
5.9837459194350595
6.00665978057634
6.0296197136159915
6.05262699235873
6.075680987013077
6.098781716190284
6.121930064506133
6.145125278338563
6.168368570884321
6.19165945314042
6.214997874935183
6.238384699300507
6.261819155306479
6.285302654347218
6.308834179226977
6.33241455256611
6.356043845951185
6.379721770675959
6.403449223537486
6.42722546719982
6.451051788771925
6.4749270382461654
6.498852819739284
6.522827810483948
6.546853575744718
6.5709289892145994
6.595055327993854
6.619231820042904
6.643459349872713
6.667737543217527
6.692066915920562
6.716447399727907
6.740879294868777
6.765362655390048
6.789897753673384
6.814484569664326
6.839123568970591
6.86381438374296
6.888558014560348
6.913353449428768
6.938202312408009
6.963103179759331
6.988057744798847
7.01306477189608
7.038125589461191
7.06323940340306
7.088406973783278
7.113628360758271
7.138903214438609
7.164232918652557
7.189616109903471
7.215054325842157
7.240546605986435
7.266093645578918
7.291695909767819
7.317352589408932
7.343065249147519
7.368832681828913
7.394655706282844
7.420534784644859
7.446469104392783
7.472460125378633
7.498506873908301
7.524609737573497
7.550769892873278
7.576986050670762
7.603259195763002
7.629589668547814
7.655976751794127
7.68242164800993
7.708923960830506
7.735483506408637
7.762101542614102
7.788777300436409
7.815510863802573
7.842303458849847
7.869154258191406
7.896063381569152
7.923031983842163
7.950059418937188
7.977145663177872
8.0042916993221
8.031497390856526
8.058762342398207
8.08608725447992
8.113472822371596
8.140918077253268
8.168423552693536
8.195990359132292
8.223617599404259
8.251305448812833
8.279054617691983
8.306865566173373
8.3347375041422
8.36267089263886
8.390666658749252
8.41872446535536
8.446844077409853
8.47502593741556
8.503270996696617
8.531578675186072
8.559948936295381
8.588382197056504
8.616879334223212
8.645439929624045
8.674063852897152
8.702751484070193
8.73150351061261
8.760320083945778
8.789200752213333
8.818145796547782
8.847155675864366
8.876231113415463
8.905371642700095
8.934577276336832
8.963848324481804
8.993185267436187
9.022588672957218
9.052058116300593
9.08159367789913
9.111195637474353
9.1408644117885
9.170600574431507
9.200403955158468
9.230274497430498
9.260212395568985
9.290217999856903
9.320291734165098
9.350434004835483
9.380644633382703
9.410923690287188
9.441271357070093
9.471687958493778
9.502173860423238
9.532729469733567
9.563354846666648
9.594049983101156
9.624815046051685
9.655650231662703
9.686555858092818
9.717532261249149
9.748579775218243
9.77969859512082
9.810888767371765
9.842150451127853
9.873483825573905
9.904889097590095
9.936366569521864
9.96791654365953
9.999539303673775
10.031235120754824
10.06300415931666
10.094846577261402
10.126762566480574
10.158752336647487
10.190816089320673
10.222954049917822
10.255166497587869
10.28745371077599
10.319815964408354
10.352253501951036
10.384766571702626
10.417355399592273
10.450020195355988
10.482761188716527
10.515578610424416
10.548472694872608
10.58144368183716
10.614491803238169
10.64761730380208
10.680820424574858
10.714101417255701
10.747460544573753
10.780898067436691
10.814414247394598
10.848009342202321
10.881683611975696
10.915437312064666
10.949270703006157
10.983184040617981
11.01717757988687
11.051251581158182
11.085406305637374
11.119642014297742
11.15395897210695
11.188357442764138
11.222837693876706
11.257399992028823
11.292044608881863
11.326771813893558
11.361581881299568
11.396475081163473
11.431451695494642
11.466511997578422
11.501656268775335
11.536884783772518
11.572197833704285
11.607595696284877
11.643078660107903
11.678647011793904
11.71430104304922
11.750041042501017
11.785867301569363
11.821780105401663
11.857779744635657
11.89386650538903
11.930040659906075
11.966302486037035
12.00265227137567
12.039090324496781
12.075616959556701
12.112232503299303
12.148937268800562
12.185731590579438
12.222615789366513
12.259590146478207
12.296654944218922
12.333810519013774
12.371057226645446
12.408395420924348
12.445825418394993
12.48334747601719
12.520961803362164
12.558668633892038
12.596468354556352
12.63436139869177
12.672348178271719
12.710429032476373
12.748604175134124
12.786873978715128
12.825238908995077
12.863699334582712
12.902255430756256
12.940907252734814
12.979655198739206
13.018499851441817
13.05744170625321
13.096480960841644
13.135617914742902
13.174853162593491
13.214187072133486
13.253619581872115
13.293150829162506
13.33278156200573
13.37251240486294
13.4123434510838
13.45227512806224
13.492308124218743
13.532442476558623
13.572677972967956
13.613015445289063
13.653455685312675
13.693998672813644
13.73464501899841
13.775395376882427
13.816249315061922
13.85720713415269
13.898270013494479
13.93943807311123
13.980711720303233
14.022091811719399
14.063577726708356
14.105169905083853
14.14686964673142
14.188676781872976
14.23059221075098
14.272616235230169
14.31474811478009
14.356989377416017
14.39934035790678
14.441801442161893
14.484373483769843
14.527055388229632
14.569848692873538
14.612753864171204
14.65577131585081
14.698901777811134
14.742144133993595
14.785500376680808
14.828970368255584
14.872555293303938
14.916254623103491
14.96006851113523
15.003998589678616
15.048044730681621
15.092208042074121
15.136487030421224
15.180884172722587
15.225399559920133
15.270033020415825
