1.93452189067238e-8
1.9896235798732353e-8
2.0621144337501518e-8
2.1673155528423898e-8
2.4077542998823493e-8
2.3320905956126407e-8
2.493621989355606e-8
2.7741143776641484e-8
2.8817810067496495e-8
2.989532756390471e-8
3.0178648079603656e-8
3.203505753605068e-8
3.302498682374812e-8
3.606456330383355e-8
3.6565285626099125e-8
3.828754823322656e-8
4.026427212943971e-8
4.2804986534582644e-8
4.6001790865863346e-8
4.720117467330798e-8
4.856299836806664e-8
5.133579708334662e-8
5.221786084858632e-8
5.6599425103933056e-8
5.930190254117637e-8
6.002505921243619e-8
6.512829386759329e-8
6.743296922743412e-8
7.239931257389949e-8
7.401867459537234e-8
7.789282335291554e-8
8.235927446152842e-8
8.625052822109544e-8
8.998916159892462e-8
9.401077679996551e-8
9.848111797414654e-8
1.0412155092383208e-7
1.0878562920236101e-7
1.1329695995805304e-7
1.1815790808633499e-7
1.2331779081663844e-7
1.3088271209553966e-7
1.3513751228048745e-7
1.4401970392234717e-7
1.5045238778510145e-7
1.5664699935193958e-7
1.633270341138883e-7
1.7329741521464174e-7
1.8051315903734843e-7
1.8748017160952284e-7
1.9761545057970308e-7
2.072658814174975e-7
2.1509006402056776e-7
2.2762887423619005e-7
2.3829593881485604e-7
2.4799217325924585e-7
2.6061306213222517e-7
2.725395476621276e-7
2.850953616110039e-7
3.0000560031568926e-7
3.145662941756047e-7
3.303687299910167e-7
3.4309969630058865e-7
3.597164804935937e-7
3.7687489717082954e-7
3.941129535751734e-7
4.140220895774624e-7
4.317798490815023e-7
4.544514015863421e-7
4.7390673628269196e-7
4.973973527138163e-7
5.209314839733883e-7
5.462668583791196e-7
5.720728235773859e-7
5.992499265559941e-7
6.271884477336283e-7
6.549813112492571e-7
6.877958042805091e-7
7.197405003659045e-7
7.541232326445576e-7
7.886295308684217e-7
8.25606239852331e-7
8.647932793835086e-7
9.048674178426137e-7
9.48971287713332e-7
9.945343353147254e-7
1.0407920309837523e-6
1.0878483218918088e-6
1.1415019128154966e-6
1.1961361087001153e-6
1.2500955155946648e-6
1.3107269682932115e-6
1.373580327166089e-6
1.4399386645377243e-6
1.5065064992713e-6
1.5777746639853158e-6
1.6520321450274518e-6
1.7298848365209668e-6
1.8113392093440107e-6
1.898024951481006e-6
1.9882031583548425e-6
2.0819434434778867e-6
2.1795979712734737e-6
2.282202975337117e-6
2.3890305552506585e-6
2.503483251909599e-6
2.6208883890371126e-6
2.7454397285285584e-6
2.8758450021565377e-6
3.010487834526684e-6
3.1525023613647013e-6
3.3019367842811532e-6
3.4583433011361765e-6
3.6205995619054123e-6
3.7937259740616337e-6
3.97252135111254e-6
4.161761030674226e-6
4.357684244634792e-6
4.563755898946015e-6
4.779807138453526e-6
5.005145623009097e-6
5.2418939232861614e-6
5.4869836851643805e-6
5.74801103260208e-6
6.019179173778382e-6
6.305472811578549e-6
6.600399763716782e-6
6.913050915798293e-6
7.241733302941405e-6
7.5818038209484e-6
7.941535457050555e-6
8.317962766071514e-6
8.708727699595979e-6
9.12122971291231e-6
9.552009744063579e-6
1.0002511988438469e-5
1.0477482135100666e-5
1.0971385936998595e-5
1.148919677497738e-5
1.2033231816495243e-5
1.2601204614315024e-5
1.3197579012066303e-5
1.382034708734801e-5
1.4474171857520569e-5
1.5158090670155452e-5
1.587243966584639e-5
1.6623522972539403e-5
1.7408555326796128e-5
1.8230584159015536e-5
1.9093894154800154e-5
1.9996392756302717e-5
2.0939682149102484e-5
2.193007105458934e-5
2.296531417838159e-5
2.4050128728798544e-5
2.5187111727815128e-5
2.63779895542065e-5
2.7621816486369064e-5
2.8928894425706756e-5
3.029463484002422e-5
3.172874774513892e-5
3.322856622335466e-5
3.4796128969378156e-5
3.644075723005178e-5
3.816274479929645e-5
3.996657434802159e-5
4.1853309812243874e-5
4.383139157796982e-5
4.590465286220953e-5
4.8073798509093976e-5
5.034489239971473e-5
5.272351240523015e-5
5.521355968245259e-5
5.782408818011407e-5
6.0556051291880785e-5
6.341787103885391e-5
6.641208610114965e-5
6.955237435285308e-5
7.283885374741545e-5
7.627959520569873e-5
7.988513137684121e-5
8.365931763962977e-5
8.761101964477226e-5
9.175274331175283e-5
9.608783969432775e-5
0.00010062783906386947
0.00010538426986226806
0.00011036595996021554
0.00011557886531236734
0.00012103923840150007
0.00012675932761424828
0.00013274961412868347
0.00013902215399288844
0.00014559278283944588
0.00015247204126002696
0.00015967786364974557
0.0001672231915631683
0.0001751270960764147
0.000183401865779905
0.00019206885436205825
0.0002011464921392042
0.0002106520169628475
0.00022060727689051922
0.00023103081351361895
0.00024195079433500456
0.00025338546598334887
0.0002653612214672036
0.00027790078940015335
0.0002910328969026955
0.0003047893090722785
0.0003191941915693384
0.00033427932295748453
0.00035008035353995253
0.00036662509513319026
0.00038395470788085386
0.0004020998508247121
0.00042110768233882644
0.000441012064083138
0.00046185863290271423
0.00048369038842838565
0.0005065534114599618
0.0005304994891274053
0.0005555754362478192
0.0005818406172514207
0.0006093443907960907
0.0006381520568170918
0.0006683220088532949
0.0006999190660693306
0.0007330101810635511
0.0007676662164762593
0.0008039623752453532
0.0008419780400827116
0.0008817903970071329
0.0009234896509476818
0.0009671597300125248
0.00101289748186287
0.0010608011198431709
0.0011109720941339155
0.001163518846972191
0.001218552943165327
0.0012761942796344732
0.0013365662096170728
0.001399794758867176
0.0014660221764118664
0.001535385579302597
0.0016080369337706179
0.0016841334420713452
0.001763833608581077
0.001847316898118428
0.0019347561404234415
0.002026342987800401
0.0021222757795484014
0.0022227611383682107
0.0023280152535871484
0.002438267821716968
0.002553754617498593
0.0026747289631208603
0.002801450049884543
0.0029341955192581015
0.003073253724411253
0.003218924764021867
0.003371530349572082
0.003531400093109391
0.003698884096347287
0.003874350599757781
0.0040581801855489865
0.004250781231535
0.004452575833495003
0.004664005019488704
0.004885539922247142
0.00511766980372946
0.005360909877984685
0.005615802388399048
0.005882913440399446
0.00616284540527991
0.006456217671274041
0.006763699176783134
0.007085978185237834
0.007423789413085587
0.007777898165444833
0.00814911104623162
0.008538281870936847
0.008946302935829351
0.00937411318218904
0.009822704908003355
0.010293122836017271
0.010786457870823779
0.011303865861888127
0.011846557864550519
0.012415804628641688
0.013012944489375036
0.013639379080855114
0.014296578928212351
0.014986082178173704
0.015709495342004356
0.016468502438415775
0.017264854314515667
0.01810037704151971
0.018976971570226604
0.019896609353796585
0.020870287643470323
0.02188203995014413
0.022943210061046517
0.024093879244284924
0.02525999698227223
0.026482600524774358
0.027784966277480127
0.02912775380754086
0.03059385736499113
0.03206694140357656
0.033610132666148436
0.03517566593133508
0.03686962536244201
0.03864372312967714
0.04066701636487927
0.04261023020747938
0.04464594256214837
0.046778569545036196
0.049012572853172925
0.05135236106363677
0.05380228024811385
0.056366692756281526
0.05905015880265525
0.06185767833433378
0.06496703992648374
0.06803788741099345
0.07125220035526134
0.07461721701964598
0.07814003338156535
0.0818273697332217
0.08568567211768552
0.08972163172969223
0.09410529166400002
0.09851889387178381
0.10313829260625614
0.10797445383372085
0.11303773296687902
0.11833735759185163
0.12388206684093123
0.12968170782192961
0.1358983483822474
0.14224699246765224
0.14889488750598795
0.15585596182580697
0.16314217877163376
0.17076568200894401
0.17887863365370366
0.18722521246887558
0.1959631184541068
0.20510749457157149
0.21467156221061573
0.22479686963554996
0.23525319676598355
0.24619274050037138
0.2576350740335248
0.26959950158069484
0.28222622816183296
0.295321241217193
0.30902847182922394
0.32335946597048887
0.33831993327692605
0.3540265382587489
0.37029991125232
0.38727931829840423
0.40502195361009397
0.42369199889252135
0.443159009811559
0.46355514503852424
0.48501560072108857
0.5073999451177771
0.5307669226110163
0.5550846778821611
0.5804630649511054
0.606821899953135
0.6343569142219145
0.6632956046293913
0.6935919089147023
0.7253757533603377
0.7587530350816061
0.7934879952603842
0.8296331161509075
0.8671663416965574
0.9063284377854891
0.9474721476187705
0.9906534028834145
1.0360511360054296
1.0834795593002007
1.1327820338641663
1.1839149663492865
1.2373111330664268
1.2933429483294192
1.3523205028829601
1.4141793960351587
1.4785880589014548
1.5453005383828071
1.614880423734578
1.687955448639742
1.7649556116261855
1.8455379457916943
1.9291183804451792
