-9664.44630424031
-9664.071854942733
-9663.162477800455
-9661.718171466935
-9659.738934718935
-9657.2247649972
-9654.175660007419
-9650.591616124533
-9646.472629203066
-9641.818695148284
-9636.629808316295
-9630.905963280138
-9624.647153794394
-9617.85337256846
-9610.524612444335
-9602.660865140817
-9594.262121983742
-9585.328373586623
-9575.859610141939
-9565.855821147028
-9555.31699535148
-9544.243121145008
-9532.634186195557
-9520.490177379841
-9507.811081484826
-9494.596884204184
-9480.847570603295
-9466.563125608302
-9451.743532951752
-9436.388776198886
-9420.498837940468
-9404.073700438013
-9387.11334520003
-9369.617753075043
-9351.586904354714
-9333.020778632212
-9313.91935477394
-9294.282611224478
-9274.110525708656
-9253.403075169706
-9232.160236131505
-9210.3819842325
-9188.068294634899
-9165.21914177084
-9141.834499448067
-9117.914340618756
-9093.458637773381
-9068.467362723353
-9042.940486538399
-9016.877979472778
-8990.279811532388
-8963.145951400467
-8935.47636755583
-8907.27102763164
-8878.529898417046
-8849.252946276272
-8819.440136503756
-8789.09143399648
-8758.206802656441
-8726.786205946279
-8694.829606140867
-8662.336965393875
-8629.308244543641
-8595.743403878374
-8561.642403143622
-8527.00520084337
-8491.831755079764
-8456.122023020223
-8419.875961187789
-8383.093525077471
-8345.774669623543
-8307.91934868209
-8269.527515458527
-8230.59912233506
-8191.134120625819
-8151.132461415396
-8110.594093914362
-8069.518967567235
-8027.907030140642
-7985.758228822593
-7943.0725099800775
-7899.849819086403
-7856.090100310245
-7811.793297369797
-7766.959352826869
-7721.58820826768
-7675.679804517722
-7629.2340811151535
-7582.250977034002
-7534.730429838226
-7486.6723761524445
-7438.076751739123
-7388.943491467687
-7339.272528617317
-7289.063796082636
-7238.317225168715
-7187.032746216598
-7135.2102885786935
-7082.849780171819
-7029.951148219361
-6976.514318545775
-6922.539215667519
-6868.025763059871
-6812.973883051338
-6757.383496584623
-6701.2545233232895
-6644.586881837124
-6587.380489376167
-6529.6352616534805
-6471.35111311787
-6412.5279569647155
-6353.165705043269
-6293.264267606237
-6232.823553435332
-6171.843470101783
-6110.323923316357
-6048.26481782239
-5985.666056304225
-5922.527539802267
-5858.849168218236
-5794.6308394035
-5729.872449793379
-5664.573893956162
-5598.735064501935
-5532.355852717969
-5465.436147839933
-5397.9758369431
-5329.974805558356
-5261.432937354513
-5192.350113366578
-5122.72621335416
-5052.561114392763
-4981.854691744572
-4910.606818149978
-4838.817364358898
-4766.486198910767
-4693.613187432783
-4620.198193735796
-4546.241078383636
-4471.7417001157755
-4396.6999146169
-4321.115574735259
-4244.988530922938
-4168.318630096065
-4091.1057168707866
-4013.3496323690124
-3935.0502146246063
-3856.2072982743744
-3776.820714985453
-3696.890292358894
-3616.415854773288
-3535.3972227243785
-3453.834212735859
-3371.7266376864477
-3289.0743057381615
-3205.8770212150944
-3122.1345835552415
-3037.846787669798
-2953.0134238922547
-2867.6342769922976
-2781.7091266942516
-2695.2377472020853
-2608.21990692331
-2520.655368378702
-2432.5438873817807
-2343.885213453041
-2254.6790891821042
-2164.9252493997215
-2074.6234217635542
-1983.773325339283
-1892.3746710464081
-1800.4271600191735
-1707.9304845650893
-1614.8843257983
-1521.2883546964813
-1427.142230037954
-1332.445598313691
-1237.1980923404171
-1141.3993306279144
-1045.0489159013066
-948.1464340670575
-850.6914524557131
-752.6835181179408
-654.1221557069005
-555.0068655851921
-455.33712048298906
-355.11236206814044
-254.33199828731856
-152.9953964824163
-51.10187815975299
51.349288546911524
154.35890008695657
257.9278315603949
362.0570571091523
466.7476812422998
572.0009921375529
677.8185677993808
784.2025508186871
891.1563217144887
998.6852181767091
1106.7962067543099
1215.496826212158
1324.7944169018526
1434.6958215988525
1545.2073093889217
1656.3345475896704
1768.0825949966793
1880.4559131191445
1993.4583988722597
2107.093429745701
2221.3639161023975
2336.272354066779
2451.8208758100504
2568.0112964055133
2684.8451554535163
2802.3237529520084
2920.4481815949825
3039.219354314063
3158.638027124278
3278.7048203837317
3399.4202353501482
3520.784669752451
3642.7984304627817
3765.4617445443278
3888.7747686770085
4012.7375982027784
4137.350273204385
4262.612786120449
4388.525085433951
4515.087082968459
4642.298655967724
4770.159651787736
4898.669891153693
5027.829170921753
5157.637266673579
5288.093935380866
5419.198916731647
5550.95193615884
5683.352705132699
5816.400923759521
5950.0962814433515
6084.4384585614935
6219.42712723284
6355.061952485579
6491.3425931789725
6628.268702458705
6765.839929331918
6904.055918143776
7042.916310381819
7182.4207443502255
7322.568856223314
7463.360280474652
7604.794649767073
7746.871595908622
7889.590750088581
8032.951743044948
8176.954205698427
8321.597768691456
8466.882063831088
8612.806722876276
8759.371379074842
8906.575666261218
9054.41922018953
9202.90167737013
9352.022676399281
9501.781857485104
9652.178862078821
9803.213334387232
9954.884920416154
10107.19326791087
10260.138027670782
10413.718851805823
10567.93539516283
10722.78731552386
10878.274272307519
11034.395928103206
11191.15194760045
11348.541998674504
11506.565751036185
11665.222877828348
11824.513054544788
11984.435959403338
12144.991273477188
12306.178680345
12467.997866542742
12630.448521297852
12793.530337003413
12957.243008392748
13121.586232825151
13286.559711018668
13452.16314619012
13618.39624426666
13785.258714112819
13952.750267445743
14120.870618534209
14289.619484574032
14458.996585395653
14629.00164377826
14799.634384541423
14970.894536727135
15142.78183039275
15315.295999144173
15488.436779752363
15662.203910285642
15836.597132926203
16011.616191321955
16187.260832672877
16363.53080614502
16540.42586350828
16717.9457597415
16896.0902515483
17074.859098515215
17254.25206294242
17434.2689094965
17614.90940499517
17796.1733190964
17978.060423988736
18160.570493981282
18343.70330547043
18527.458638085896
18711.836273383487
18896.835995129357
19082.457588991976
19268.70084440776
19455.565551504824
19643.051503595372
19831.158495859927
20019.886325729618
20209.234792747342
20399.203699260834
20589.792849188663
20781.00204847376
20972.831105644138
21165.2798310007
21358.348037101383
21552.035538497927
21746.342152043446
21941.2676961689
22136.811991511604
22332.97486114909
22529.756129094483
22727.155622746577
22925.173169880956
23123.808601518045
23323.061749923123
23522.93244902086
23723.420535240206
23924.52584695981
24126.248223589773
24328.58750661937
24531.54353997626
24735.11616860707
24939.30523954153
25144.110601621942
25349.532105477352
25555.569602774354
25762.222948691582
25969.491997637026
26177.37660740017
26385.87663703301
26594.991947121118
26804.722399845592
27015.06785889828
27226.028190058638
27437.60326074827
27649.792939029492
27862.597095035107
28076.01560083697
28290.048329584068
28504.69515607681
28719.955956715647
28935.830608935095
29152.31899240634
29369.420987708803
29587.136477210337
29805.46534378197
30024.40747385462
30243.962752729065
30464.131068521372
30684.912311013868
30906.306369794544
31128.313138107762
31350.932508113292
31574.164375459943
31798.008636035716
32022.465186811478
32247.533926348446
32473.2147550587
32699.507573944822
32926.41228553622
33153.92879369782
33382.05700322741
33610.79682078592
33840.14815367952
34070.110910436735
34300.68500133049
34531.87033764774
34763.66683103227
34996.0743957365
35229.09294606013
35462.7223981939
35696.962668516695
35931.81367606991
36167.27533951646
36403.34757960482
36640.030317705656
36877.32347651677
37115.22697986825
37353.74075243376
37592.8647201985
37832.59881024172
38072.94295111289
38313.89707106415
38555.46110079797
38797.634971522726
39040.41861549822
39283.81196567664
39527.81495664691
39772.427523853585
40017.64960355752
40263.48113245795
40509.92204979853
40756.97229445678
41004.63180643688
41252.900527286256
41501.77839902681
41751.26536500008
42001.36136920411
42252.066356436386
42503.38027286672
42755.303065591754
43007.83468185454
43260.97507063567
43514.724181792306
43769.08196564963
44024.04837337732
44279.62335743285
44535.80687100544
44792.59886870077
45049.99930446601
45308.008134507436
45566.62531576028
45825.85080532853
46085.6845616546
46346.12654400696
46607.176712356195
46868.83502720636
47131.10145063182
47393.975945166894
47657.45847370116
47921.54900083587
48186.24749102317
48451.55391005556
48717.468224519485
48983.9904017014
49251.12040963843
49518.85821707524
49787.20379371271
50056.157110124404
50325.71813684414
50595.886846185094
50866.663210915234
51138.04720417543
51410.03880028874
51682.63797368684
51955.84470049683
52229.65895671823
52504.080719826336
52779.10996715353
53054.746677422445
53330.99082971453
53607.84240427034
53885.30138145909
54163.36774270888
54442.04147000007
54721.32254601351
55001.21095435748
55281.70667882752
55562.80970452732
55844.52001644338
56126.8376011343
56409.76244538877
56693.294536524016
56977.433862535996
57262.18041246372
57547.534175636894
57833.49514227151
58120.063302928145
58407.23864897607
58695.02117274116
58983.41086667165
59272.40772413479
59562.01173891508
59852.22290586722
60143.0412200845
60434.466677166434
60726.49927351549
61019.13900653111
61312.38587399545
61606.239873798666
61900.70100487694
62195.769266509706
62491.44465943942
62787.727183445895
63084.61684087932
63382.11363293103
63680.21756193624
63978.928631235765
64278.24684450622
64578.1722060766
64878.70472050257
65179.84439300498
65481.59122986913
65783.9452375409
66086.90642313748
66390.47479404157
66694.65035860172
66999.43312605657
67304.82310517255
67610.8203057661
67917.42473878906
68224.63641505818
68532.45534618659
68840.881544071
69149.91502147229
69459.55579170134
69769.8038683754
70080.65926548526
70392.1219982294
70704.1920820907
71016.86953220672
71330.15436593704
71644.04659986011
71958.54625054348
72273.65333724316
72589.36787812668
72905.68989182368
73222.61939835602
73540.15641740945
73858.3009698259
74177.05307661288
74496.4127591435
74816.3800402413
75136.95494147601
75458.13748669466
75779.9276996828
76102.32560370589
76425.33122447247
76748.94458677627
77073.16571571595
77397.99463799626
77723.43137992773
78049.47596909308
78376.12843247314
78703.3887985503
79031.25709600994
79359.73335388757
79688.81760150056
80018.50986906713
80348.81018755937
80679.71858716969
81011.23510016291
81343.35975807358
81676.09259387704
82009.43363949393
82343.38292976198
82677.9404972765
83013.10637770903
83348.88060468585
83685.26321451899
84022.25424238581
84359.85372543788
84698.06169919777
85036.87820201082
85376.30327071164
85716.33694456903
86056.97926136048
86398.23026021387
86740.08998158707
87082.55846462504
87425.63575077412
87769.32188008017
88113.6168951758
88458.52083720248
88804.03374949262
89150.15567465535
89496.88665582976
89844.22673785857
90192.17596474067
90540.73438227267
90889.90203594747
91239.67897197552
91590.06523918327
91941.06088630213
92292.66596446735
92644.8805264189
92997.70462599344
93351.13831970532
93705.1816661549
94059.8347246047
94415.09755890052
94770.97023282795
95127.45281299553
95484.5453703635
95842.24797631288
96200.56070580646
96559.48363717664
96919.01685099558
97279.16043126686
97639.9144667728
98001.27904808463
98363.25427106215
98725.84023355247
99089.03704158195
99452.8448024376
99817.26362784341
100182.29363991789
100547.9349594583
100914.18771856507
101281.05205410144
101648.52810952601
102016.6160350441
102385.31599095165
102754.6281453338
103124.55267408495
103495.08976585127
103866.23961760162
104238.0024386854
104610.37845297385
104983.3678967625
105356.97102046604
105731.18809331399
106106.01939992317
106481.46524988742
106857.52596580613
107234.20190111153
107611.49343485525
107989.40096946429
108367.92494696255
108747.06584025656
109126.82415922184
109507.20046269914
109888.19535965465
110269.80950723847
110652.04362769739
111034.89851700641
111418.37504563693
111802.47417486201
112187.19697011153
112572.54461160241
112958.51841578013
113345.1198562427
113732.35058389741
114120.21246653628
114508.7076167903
114897.83843946068
115287.6076923044
115678.01854950823
116069.0746888286
116460.78040716633
116853.14075884371
117246.16174059558
117639.85054134039
118034.21586867324
118429.26840538005
118825.0214435677
119221.49180540338
119618.70119003713
120016.67824414371
120415.46181374717
120815.10614122043
121215.68878938816
121617.31702131777
122020.08042972848
122423.76532941707
122827.77323262922
123231.6996761166
123635.40138423715
124038.83917597786
124442.00663074074
124844.90354603468
125247.52507823224
125649.85691822015
126051.87347601903
126453.53868224657
126854.81096498638
127255.65633549588
127656.07706173335
128056.16709090116
128456.20266371474
128856.74892223581
129258.69078644503
129663.03418891362
130070.46726876975
130481.01973002535
130894.1589283875
131309.16965325616
131725.44882036853
132142.5948487087
132560.3774303962
132978.6794867558
133397.4498692683
133816.67290098112
134236.35075140206
134656.49380473103
135077.11560840698
135498.23030425818
135919.85143810642
136341.99141481047
136764.66134117995
137187.87104938718
137611.6291664256
138035.9432371863
138460.81985058865
138886.26474033005
139312.28290050343
139738.8786783597
140166.0558504794
140593.8176999604
141022.16709394165
141451.10653151682
141880.6382037308
142310.7640415361
142741.48573566452
143172.80481151005
143604.72261726263
144037.24038134713
144470.35920625404
144904.08009900677
145338.40398835353
145773.33172430776
146208.8640915692
146645.0018242151
147081.74559957173
147519.09605032208
147957.05378143865
148395.61933575253
148834.79324128976
149274.57599400304
149714.96804912397
150155.96985043242
150597.58180611857
151039.80430676875
151482.6377271298
151926.0824084584
152370.1386897154
152814.80689170465
153260.087302164
153705.98021715463
154152.4859155295
154599.6046444247
155047.33666380786
155495.68221801554
155944.6415240919
156394.21481434215
156844.4023033009
157295.20418482105
157746.6206695672
158198.65194872857
158651.29819751036
159104.55960980197
159558.43635986678
160012.92860917535
160468.03653628106
160923.76030380538
161380.10006353733
161837.05598252537
162294.62821008847
162752.8168983137
163211.62220770537
163671.04426369944
164131.08322866986
164591.7392607327
165053.01246670523
165514.9030201229
165977.41105792488
166440.5366979889
166904.28012884932
167368.64142236035
167833.62074820825
168299.21828370044
168765.4341026998
169232.26838063073
169699.72123494293
170167.79280927175
170636.48322904136
171105.79265460512
171575.72118626203
172046.26897863447
172517.4361720611
172989.222863388
173461.62922518695
173934.6553704995
174408.3014246614
174882.5675361033
175357.45381426095
175832.96041833478
176309.08745077273
176785.83503282955
177263.2033433143
