-2765.2424192668122
-2764.862918631033
-2763.941272880586
-2762.4774788720424
-2760.4715319207157
-2757.923424982598
-2754.8331498408093
-2751.20069592239
-2747.0260509178315
-2742.3092010096366
-2737.0501300126316
-2731.2488203989624
-2724.905252396464
-2718.019404575304
-2710.5912534751374
-2702.620773852905
-2694.107938360853
-2685.0527179892115
-2675.4550817509876
-2665.314996310419
-2654.6324268447006
-2643.407336258139
-2631.6396854898717
-2619.3294335769106
-2606.4765372846305
-2593.0809513143026
-2579.142628382704
-2564.6615188772103
-2549.6375712492304
-2534.0707315926115
-2517.9609437187905
-2501.3081495490696
-2484.1122879335167
-2466.3732962389226
-2448.0911087660547
-2429.2656577866064
-2409.8968731559257
-2389.984681843098
-2369.5290084295384
-2348.529775014537
-2326.9869010833927
-2304.900302924989
-2282.269894516006
-2259.0955868751576
-2235.3772879817416
-2211.1149029233356
-2186.308333638279
-2160.957479125663
-2135.0622349955665
-2108.6224934979205
-2081.638143821412
-2054.1090712320383
-2026.0351578470552
-1997.4162815844354
-1968.252317165965
-1938.5431346694265
-1908.2886010207856
-1877.4885779604522
-1846.1429238858902
-1814.2514918378215
-1781.8141308500028
-1748.8306847200088
-1715.3009928075198
-1681.2248887050393
-1646.6022009675132
-1611.432752530314
-1575.7163603639933
-1539.452835621849
-1502.641982745642
-1465.2835997260993
-1427.377477718702
-1388.9234004876932
-1349.9211440341066
-1310.370476526684
-1270.2711576632078
-1229.6229382094814
-1188.4255592836064
-1146.6787524095078
-1104.3822384480263
-1061.5357267421432
-1018.1389152636551
-974.1914887554282
-929.6931187887762
-884.6434618203639
-839.0421589718507
-792.888834860639
-746.1830948876102
-698.9245253676256
-651.1126905113529
-602.7471315160393
-553.8273626704819
-504.3528702199575
-454.32310833431234
-403.7374954217547
-352.59540940385733
-300.8961825305974
-248.6390946795289
-195.823364492765
-142.44813889080555
-88.51247832617447
-34.015337882403635
21.044459625243242
76.66826625040564
132.85767267285914
189.61463194344
246.94173765897696
304.84301371539175
363.3254125022941
422.3988603902179
482.07402938701233
542.3607352004
603.267587303972
664.8020151098009
726.9703099241316
789.7776860463916
853.2283786308104
917.3257635959914
982.0724830975649
1047.4705630317117
1113.5215173296115
1180.2264374691558
1247.5860683151536
1315.6008692372222
1384.2710661940794
1453.59669363919
1523.5776281884152
1594.2136183343541
1665.5043062682555
1737.4492477511792
1810.0479277101063
1883.2997732699637
1957.204164694931
2031.7604449510638
2106.96792578797
2182.8258958908254
2259.3336255826825
2336.4903701785024
2414.2953756314605
2492.747880455157
2571.847118921869
2651.592323223842
2731.982725594276
2813.01755993373
2894.6960625274005
2977.0174746349185
3059.9810416401865
3143.586016041575
3227.8316561822544
3312.7172278940784
3398.2420047448823
3484.4052687092335
3571.206309755747
3658.6444272456833
3746.718928658478
3835.429131410717
3924.774361392271
4014.753954425253
4105.367255296136
4196.6136182768405
4288.492407008206
4381.002994401022
4474.144762806353
4567.917103707418
4662.319417701354
4757.351114934879
4853.011613828648
4949.300342516763
5046.2167371346195
5143.76024315824
5241.930314552955
5340.726413513664
5440.1480107564075
5540.194585477043
5640.865624393198
5742.160622742061
5844.079083394173
5946.620516997059
6049.784441998108
6153.570384068881
6257.977875962298
6363.00645866872
6468.655679397928
6574.925092365119
6681.814259324294
6789.322748332765
6897.450133905506
7006.1959976053195
7115.559926629059
7225.541515548933
7336.140364118339
7447.356078596911
7559.188271165715
7671.636559834664
7784.700568284196
7898.379926234149
8012.67426834634
8127.583235114179
8243.106472446469
8359.243631242292
8475.99436753075
8593.358342782194
8711.335223307391
8829.924680063463
8949.12638925213
9068.940031198867
9189.365291420781
9310.401859619253
9432.04943054685
9554.30770260467
9677.17637880705
9800.655166673601
9924.743777709056
10049.441927317606
10174.749335383427
10300.665725493347
10427.190825194333
10554.324365769404
10682.066082302117
10810.415713798558
10939.373002574092
11068.937694899963
11199.109540216425
11329.888291404515
11461.273705359992
11593.265541651399
11725.863563579835
11859.067537417694
11992.877232849743
12127.292422337125
12262.312881904476
12397.938390497773
12534.168729865794
12671.003684895937
12808.443043230352
12946.486595375123
13085.134134706926
13224.385457504202
13364.24036280125
13504.698651835173
13645.760129056445
13787.424601285828
13929.69187800055
14072.561770980006
14216.03409469408
14360.108665831021
14504.785303977673
14650.063830493233
14795.944069942207
14942.425848172095
15089.50899397536
15237.193337971792
15385.47871362539
15534.364955887837
15683.851902606473
15833.939392804044
15984.627268396996
16135.915373211757
16287.803552497304
16440.2916545453
16593.379528815443
16747.06702702464
16901.354002800195
17056.24031145285
17211.72581087975
17367.810359771185
17524.493819330084
17681.776052537156
17839.656924060713
17998.13630027705
18157.214049196133
18316.89004065431
18477.164146544714
18638.036239616806
18799.506194711812
18961.573888695526
19124.23919953055
19287.50200689423
19451.362191638975
19615.81963684187
19780.874227041088
19946.525847592035
20112.774386160818
20279.61973133354
20447.061773600926
20615.100404329954
20783.73551676044
20952.967005648232
21122.7947665104
21293.218696666667
21464.238695200747
21635.85466152827
21808.066497437758
21980.874105334304
22154.277389022594
22328.276254030367
22502.870606584154
22678.060354653364
22853.84540705474
23030.225674105342
23207.20106723329
23384.77149926451
23562.936883685175
23741.697135882783
23921.052172195996
24101.00190972655
24281.546267030673
24462.685163909602
24644.418521267296
24826.746260873308
25009.668305858257
25193.18458062525
25377.29501031146
25561.999521133792
25747.298041038954
25933.19049835523
26119.676823202233
26306.756945991565
26494.430799381385
26682.698317191247
26871.559434792434
27061.014089320863
27251.06221981345
27441.703767653795
27632.9386762663
27824.766890693136
28017.188358760886
28210.20303109538
28403.810860271216
28598.011802100627
28792.805814798317
28988.192860033883
29184.172902266535
29380.745909631183
29577.911853211095
29775.67070862072
29974.022454394406
30172.967074188527
30372.50455489689
30572.634888158096
30773.35807167508
30974.674106199207
31176.58300017749
31379.084765478765
31582.179421465808
31785.86699269645
31990.147512188927
32195.02102071888
32400.487562900973
32606.547195647483
32813.19998468983
33020.446001019474
33228.28533211847
33436.71807021907
33645.74432324289
33855.36421035814
34065.57786603012
34276.38543738414
34487.78708732103
34699.78299833156
34912.37337103266
35125.55842406617
35339.338400612796
35553.71357016181
35768.68422398044
35984.25068315809
36200.41330631312
36417.17248251099
36634.52864005039
36852.48224891054
37071.03382882996
37290.18395662344
37509.933255186785
37730.28242637225
37951.23223631491
38172.783539423
38394.93728015415
38617.69450760026
38841.05639003184
39065.02423190433
39289.59948851265
39514.78379301649
39740.578984431035
39966.98713217565
40194.0105780279
40421.651981030205
40649.91436900698
40878.80120262427
41108.31646750337
41338.46475586059
41569.25139460341
41800.68260192223
42032.76567401727
42265.50922577802
42498.923504735874
42733.02079236563
42967.81593498819
43203.32703944265
43439.5764193454
43676.59188085959
43914.408509637324
44153.071169539195
44392.638141855976
44633.18639114357
44874.8194791395
45117.6795428002
45361.965704253766
45607.96195356802
45856.07615651723
46106.8749525845
46360.99543705762
46618.221613598
46872.22923042678
47098.31253438559
47289.725409694925
47486.112228026315
47698.39249174873
47924.63456284144
48162.68149406883
48409.026095406414
48660.003455985665
48913.115057976225
49167.066149585786
49421.305586616356
49675.64971364145
49930.074823856805
50184.61888866847
50439.33854276958
50694.29147722668
50949.529957141036
51205.09908102379
51461.03691423725
51717.375295511585
51974.14078855986
52231.35554278994
52489.03812596611
52747.204094984576
53005.866592238606
53265.03671232894
53524.72387342489
53784.93610202755
54045.68023169395
54306.96214443467
54568.786861911525
54831.15875211004
55094.08155848998
55357.55858116015
55621.59266726649
55886.186344236325
56151.341834909996
56417.061110814604
56683.34593537565
56950.19789058038
57217.61838720331
57485.60872775002
57754.17006453789
58023.30345539802
58293.00988582031
58563.290218555885
58834.145281673555
59105.57581594205
59377.58250020527
59650.16597973771
59923.32682554123
60197.065585384866
60471.3827601594
60746.278804408175
61021.75415450545
61297.80920782933
61574.444339116024
61851.659887875365
62129.45618086864
62407.83351875098
62686.79217844659
62966.33242991627
63246.45451067824
63527.15864897053
63808.44508326665
64090.31399531665
64372.765578364866
64655.800024409305
64939.41749152023
65223.61814650981
65508.402148807305
65793.76963094983
66079.72073579121
66366.25559692718
66653.3743354444
66941.0770739993
67229.36392495497
67518.23500160605
67807.69040706543
68097.73023920604
68388.35460700796
68679.56359718781
68971.35730283294
69263.73582470187
69556.69924958474
69850.24763332047
70144.38110128292
70439.09970833933
70734.40351039871
71030.29267679338
71326.76720742825
71623.82718581831
71921.47271049824
72219.70382545845
72518.52063897903
72817.92318417545
73117.91154932643
73418.48581601135
73719.64603515444
74021.39223457657
74323.7246120717
74626.6431198421
74930.14783607767
75234.23885731837
75538.9162050459
75844.17995963487
76150.03023772166
76456.46701156556
76763.49041812425
77071.10047815926
77379.29720447937
77688.08072947018
77997.45109112638
78307.40834813516
78617.95264028273
78929.08377257724
79240.80201626307
79553.10739318673
79865.99992627719
80179.47969961082
80493.5467431136
80808.20110579641
81123.44285673847
81439.27204201909
81755.68861696492
82072.69284958298
82390.28461900985
82708.46404991615
83027.23132305781
83346.58608040835
83666.52867419957
83987.05918342243
84308.17751256391
84629.8837852173
84952.1781170011
85275.06038781143
85598.53089462589
85922.58942098013
86247.23608063004
86572.47108716874
86898.29419608644
87224.70567698608
87551.70581751165
87879.29429065665
88207.47113426469
88536.23654388337
88865.59040387992
89195.53298793462
89526.06432079805
89857.18430999284
90188.89291855166
90521.19051740988
90854.07700133578
91187.55241912395
91521.61663462842
91856.26989798978
92191.51230778781
92527.34397815884
92863.76463527343
93200.77450884874
93538.37369888123
93876.5624340704
94215.34000537274
94554.7071632123
94894.66401865245
95235.21032365481
95576.34583202148
95918.07147026037
96260.38672626208
96603.29145673507
96946.78602388024
97290.87078390134
97635.54503333628
97980.8092276993
98326.66346079082
98673.10774815652
99020.14176692675
99367.76630001486
99715.98134326696
100064.78621197857
100414.18207821216
100764.16709105892
101114.74324425016
101465.91004621967
101817.66686866472
102170.01444536178
102522.9528664546
102876.48122733776
103230.60093555086
103585.31177847134
103940.61330950845
104296.50613688312
104652.98841172685
105010.06343644157
105367.72837328116
105725.9852348701
106084.83252644504
106444.2711650766
106804.30184553689
107164.9228397527
107526.13650120555
107887.94037754509
108250.33611490465
108613.32488654062
108976.90403314767
109341.07611286968
109705.83767678801
110071.19318261986
110437.1392007497
110803.67852805989
111170.80799021146
111538.53157721172
111906.84595457629
112275.75337569513
112645.25241201758
113015.3443693837
113386.02747468128
113757.30483216493
114129.17339530867
114501.63701070435
114874.68994561066
115248.33729453474
115622.57638655191
115997.41021336663
116372.83422240596
116748.85373255528
117125.46464741258
117502.66990194935
117880.46629810655
118258.85773216649
118637.84219754873
119017.4200686039
119397.58906281335
119778.35535070991
120159.71462139567
120541.66464765568
120924.21170523252
121307.3495987818
121691.08499574215
122075.41004762819
122460.33061812041
122845.8474351154
123231.9543203493
123618.65901086472
124005.95539195041
124393.84752622261
124782.33424860101
125171.41347970288
125561.08943520956
125951.35836315756
126342.22340271181
126733.68094582504
127125.73481585656
127518.38565751909
127911.62550667206
128305.46608804971
128699.90170729076
129094.92641033628
129490.55352480228
129886.77382554441
130283.58524003957
130680.99864202595
131079.0041269403
131477.60314717476
131876.80329097336
132276.59466576402
132676.98182646523
133077.96936009516
133479.54763629398
133881.72351925756
134284.4986409214
134687.86502952327
135091.82990669963
135496.39315623045
135901.54885286
136307.30293838913
136713.6550809044
137120.6012912092
137528.14505065756
137936.2864060074
138345.024567225
138754.35819516776
139164.28941819
139574.8210286704
139985.9437064205
140397.66690744174
140809.99078007592
141222.9039042186
141636.4212386977
142050.5345888648
142465.2453698753
142880.5543152216
143296.4586688148
143712.96649054572
144130.06823375824
144547.76641795313
144966.0627543642
145384.96447052574
145804.4581774145
146224.54887294435
146645.24062347546
147066.5349627433
147488.42273485512
147910.90785059895
148333.99377167382
148757.68183787924
149181.96687653675
149606.84635065988
150032.32898041382
150458.41114815703
150885.09654412663
151312.37278994208
151740.25036616632
152168.72872513914
152597.8125628403
153027.4920657529
153457.76674373768
153888.643095734
154320.12382285003
154752.20448821067
155184.8822514452
155618.16111860823
156052.0351069667
156486.5154085382
156921.597707219
157357.28010482845
157793.5577030737
158230.43658941658
158667.91898590612
159106.00856429714
159544.69284232883
159983.97726163396
160423.86401560897
160864.34697720772
161305.43719720838
161747.12958554094
162189.42611018813
162632.3184258634
163075.8105344898
163519.90638530982
163964.60532311737
164409.91127982034
164855.814272964
165302.32462048705
165749.42619549797
166197.13393934208
166645.44434213097
167094.36028615752
167543.88475830562
167994.0042476348
168444.72768267282
168896.0549663116
169347.97763262346
169800.50859825293
170253.64143711393
170707.38300062896
171161.73034924766
171616.67459843605
172072.2247143959
172528.37469850172
172985.1287752337
173442.48751194635
173900.44805476133
174359.01698903597
174818.19219776566
175277.9688613345
175738.35111575678
176199.33672559774
176660.9264501203
177123.11918613888
177585.91656953754
178049.31616984692
178513.322354712
178977.93760241018
179443.1538887694
179908.98154732512
180375.41100292592
180842.4445731254
181310.08567873688
181778.33373172113
182247.17939310014
182716.63878217898
183186.69860268343
183657.36580384124
184128.63739523562
184600.52151579232
185073.00172445923
185546.0933772412
