-696.2295331949056
-695.8406847326883
-694.896332583972
-693.3964621379612
-691.3410500106754
-688.7300644565865
-685.5634645505718
-681.8412005970202
-677.5632143430746
-672.7294378773465
-667.3397941293341
-661.3941971084851
-654.892550464187
-647.8347486340953
-640.2206754012349
-632.0502042161804
-623.3231981445224
-614.0395088752169
-604.1989767361999
-593.8014298936216
-582.846684453167
-571.3345433177799
-559.2647958926608
-546.6372177061758
-533.4515688728345
-519.707594158878
-505.40502176501525
-490.54356204613134
-475.12290697762734
-459.1427281759516
-442.6026766166102
-425.5023798098767
-407.8414408355632
-389.61943627192
-370.83591355199405
-351.4903887679124
-331.58234350582853
-311.11122100212344
-290.0764229400434
-268.4773034506918
-246.3131645727552
-223.58324839222684
-200.28672909490015
-176.42270276193082
-151.9901744194815
-126.98804014026355
-101.41506739074252
-75.26986390512172
-48.55083728916711
-21.25613357523359
6.6164573504991475
35.069668247914024
64.10709198179292
93.73407854684854
123.96032009316221
154.80173879088957
186.2750950497574
218.3939855978953
251.1690030697788
284.608239479248
318.7175872810523
353.5010757250308
388.9612371894635
425.09944432791264
461.9161939949034
499.4113304642735
537.5842187398035
576.4338745699035
615.9590633749992
656.1583731587907
697.0302711985987
738.5731436699406
780.7853278473211
823.6651357572414
867.2108701537906
911.4208389646228
956.2933648965042
1001.8267919142204
1048.0194908810242
1094.8698633131787
1142.3763445762088
1190.537403939779
1239.3515476652601
1288.8173184920747
1338.9332951577849
1389.6980945764099
1441.1103682508055
1493.168804101297
1545.872125349381
1599.2190890295485
1653.2084856074168
1707.8391379504403
1763.1099008307733
1819.019659461325
1875.5673289095132
1932.751853030873
1990.5722033498187
2049.0273787059664
2108.1164039635937
2167.838329248259
2228.1922290907214
2289.1772015982515
2350.792368096469
2413.0368714194674
2475.909876236089
2539.4105678014275
2603.5381510281254
2668.291850388513
2733.670908919046
2799.6745880544086
2866.3021664463695
2933.5529395143008
3001.426219347613
3069.9213336217204
3139.0376257277944
3208.7744538526113
3279.131190169055
3350.1072216060015
3421.701947834596
3493.914781911421
3566.745149698382
3640.1924897325503
3714.2562518203613
3788.9358983876164
3864.230901779504
3940.1407463421665
4016.664926786424
4093.8029480552877
4171.5543256014125
4249.918583662219
4328.895257075547
4408.483888972708
4488.684032486554
4569.495248076972
4650.91710610158
4732.949184249306
4815.591069094604
4898.842353587612
4982.702640118097
5067.171537418552
5152.248661647318
5237.933636107574
5324.226090829705
5411.125663101542
5498.631995861323
5586.744739273649
5675.463549433099
5764.788087848608
5854.718023405014
5945.253029462239
6036.39278565596
6128.136977024165
6220.485294033077
6313.43743244364
6406.993093198785
6501.151982009414
6595.913809915809
6691.278292800107
6787.2451509310395
6883.814109440806
6980.984897898712
7078.757250424292
7177.13090533385
7276.105605597958
7375.68109830967
7475.857134826621
7576.633471150363
7678.009868129027
7779.986090844612
7882.56190958903
7985.737099207882
8089.511440578165
8193.8847191227
8298.856725966501
8404.427258178515
8510.596118409305
8617.363115338969
8724.728064582534
8832.690787000907
8941.251111463771
9050.408873052378
9160.163914149114
9270.516084879207
9381.465242124224
9493.01125106428
9605.153986577578
9717.893331366424
9831.229176323197
9945.161421936418
10059.689979056277
10174.814769590539
10290.535724197103
10406.85278891636
10523.765914833006
10641.275074250741
10759.38024673982
10878.081428152807
10997.378630942349
11117.271880598279
11237.761223367077
11358.84672085588
11480.52845647416
11602.80653462409
11725.681080071237
11849.152247425714
11973.220214163313
12097.885185388446
12223.147405041851
12349.007139810814
12475.464704605474
12602.520447638786
12730.174765558382
12858.428107265521
12987.28096721474
13116.733911311961
13246.787559941935
13377.442620279904
13508.699871940267
13640.560192269842
13773.024564041776
13906.094084275035
14039.769981648282
14174.053643053092
14308.946614848192
14444.450650764678
14580.567723949325
14717.300066906053
14854.65021360263
14992.621047098075
15131.215861228964
15270.438431800405
15410.293102328691
15550.784886102476
15691.91962113075
15833.704118323289
15976.146376499662
16119.255850512129
16263.043800083584
16407.52372686377
16552.71196481016
16698.628447075927
16845.297760409943
16992.750545495237
17141.025458049564
17290.17189900595
17440.25387855228
17591.35548904005
17743.58872673804
17897.104197277924
18052.10433056412
18208.853004126897
18367.651013163464
18528.64323808523
18690.905613590643
18849.116106166046
18989.294053394595
19108.524316657393
19230.38429150797
19364.661116134674
19508.001616452904
19656.80302960599
19808.997028341484
19963.4652984884
20119.582435657987
20276.981008105708
20435.434816672114
20594.798867284342
20754.977012870244
20915.903665283273
21077.53304871778
21239.832505695256
21402.77839703523
21566.35329451183
21730.544234841538
21895.34140529218
22060.737354382163
22226.726320322105
22393.303823862476
22560.466371929786
22728.211202122406
22896.536144882415
23065.439465264564
23234.919805711375
23404.976095289192
23575.607482265907
23746.81332935302
23918.59312839855
24090.94650495067
24263.873200809256
24437.37301526143
24611.445836020943
24786.09160641928
24961.310283119386
25137.10189855665
25313.466496300454
25490.404116535923
25667.91485659646
25845.998804106897
26024.65604106792
26203.886684778718
26383.69083308654
26564.068583715238
26745.02004746739
26926.54531134076
27108.644471047697
27291.31761043998
27474.56479180042
27658.386090287757
27842.781541858254
28027.751165472746
28213.29498628516
28399.412961690876
28586.105027044792
28773.37108976008
28961.210962001027
29149.624390263594
29338.611023613717
29528.170370924756
29718.301821726116
29909.00470972011
30100.278385571793
30292.12243075269
30484.53677961458
30677.521585318893
30871.07723158831
31065.204227647802
31259.903026712735
31455.17414028013
31651.018032198386
31847.435065372374
32044.425739056536
32241.990306560972
32440.129099540853
32638.84250631683
32838.130670478306
33037.99393175544
33238.43246291704
33439.44648194215
33641.03619092909
33843.2018022306
34045.943440318624
34249.26125731124
34453.15544810907
34657.62602624439
34862.673344102244
35068.297307493114
35274.49812205602
35481.27591219756
35688.63068640046
35896.56260206518
36105.071783086925
36314.15825717756
36523.822073434865
36734.06342129803
36944.882122541545
37156.27867493671
37368.252731752975
37580.804601198986
37793.93422002056
38007.64168589568
38221.9269674437
38436.79029770598
38652.23151866923
38868.250835481726
39084.8482064405
39302.02370832381
39519.77737951815
39738.10930105826
39957.01931929355
40176.507754409125
40396.5744493413
40617.219424646995
40838.44284956563
41060.24464657282
41282.62476742762
41505.583624594794
41729.120564579556
41953.23629782024
42177.93047533417
42403.2032676543
42629.05467668082
42855.484791343704
43082.493248606705
43310.080699238584
43538.24659423222
43766.99126768252
43996.314567751055
44226.216741374796
44456.69744209148
44687.75727407956
44919.39570872342
45151.612977109326
45384.409189723
45617.783867424434
45851.738148668504
46086.270819626545
46321.38260032754
46557.0732921506
46793.343114035015
47030.19155419078
47267.61918073164
47505.62588362685
47744.211337748144
47983.37644066077
48223.11972634516
48463.44271649954
48704.34452581966
48945.825534088704
49187.88607751625
49430.524957101596
49673.74346468886
49917.54110823326
50161.918148214696
50406.87372760353
50652.40950517698
50898.524068630606
51145.217963928575
51392.49138987649
51640.34321200874
51888.77550827691
52137.786665872554
52387.37704854329
52637.547241947745
52888.29636094874
53139.62501729116
53391.533560519056
53644.020836318305
53897.088157991624
54150.73479694734
54404.961326033816
54659.76696782494
54915.15244233278
55171.11743083259
55427.661988449705
55684.786366632456
55942.489728131906
56200.77339505618
56459.63662076879
56719.07902395008
56979.101953233294
57239.70472927287
57500.88676588031
57762.649899047196
58024.99119811806
58287.91345965074
58551.414547841814
58815.49520918818
59080.156135855665
59345.39749214262
59611.21814193768
59877.620394729034
60144.60168603914
60412.163503946496
60680.30541523995
60949.02625514914
61218.32803933703
61488.20987072336
61758.671036014304
62029.71376496001
62301.336495635864
62573.53944622779
62846.32338542273
63119.68588190078
63393.62905435225
63668.15217316178
63943.255805552595
64218.940678176594
64495.2066880727
64772.05201316886
65049.47897631019
65327.48518422671
65606.07158753286
65885.23980246608
66164.98869623893
66445.3182216915
66726.22918982875
67007.71866119101
67289.78912606555
67572.44031699494
67855.67269470698
68139.48708020314
68423.88261394229
68708.85675558988
68994.41315225384
69280.55085432228
69567.26806564152
69854.56894953284
70142.4498198984
70430.90988490642
70719.9508351409
71009.57429810116
71299.77749486585
71590.56683521652
71881.93434281317
72173.88224981936
72466.41177691211
72759.5237236451
73053.21665655407
73347.49256276703
73642.34665651445
73937.78252911862
74233.80086921828
74530.4018604014
74827.58489686555
75125.34796934335
75423.69184886412
75722.6181811282
76022.12737542344
76322.21989193364
76622.89131633568
76924.14423348881
77225.98049750071
77528.39998868616
77831.40067799948
78134.98201396273
78439.14433496694
78743.88803500481
79049.22036637347
79355.13145220462
79661.62328566186
79968.69770853403
80276.356606666
80584.59720098875
80893.41955310846
81202.82174220485
81512.80848249083
81823.37962635593
82134.53373230502
82446.26672441178
82758.58180135259
83071.48302358716
83384.96879076665
83699.03331213948
84013.68053068314
84328.91514826621
84644.72916043116
84961.12864683807
85278.10510058874
85595.66615064951
85913.81504630532
86232.5461881299
86551.85699995463
86871.75112018407
87192.23293202085
87513.29654766263
87834.94015079571
88157.16756615962
88479.98382851838
88803.38169609907
89127.35809025321
89451.9184956427
89777.06908001662
90102.79894244348
90429.11539787607
90756.01412918346
91083.49766279628
91411.5648235823
91740.2125119097
92069.44471373556
92399.2656250812
92729.6685182604
93060.65020553822
93392.22085728143
93724.37510419646
94057.11937529256
94390.441599841
94724.34917907046
95058.84608104678
95393.92152225456
95729.57833971376
96065.8264137164
96402.65979390842
96740.07085874355
97078.06966936434
97416.65501463412
97755.82973662665
98095.5829138431
98435.92198500561
98776.85289221257
99118.3605362454
99460.45042464354
99803.13412313542
100146.40129326188
100490.24710305005
100834.68357493573
101179.70719153038
101525.31617670668
101871.50914771188
102218.28808118028
102565.65733100707
102913.60078384624
103262.13385045226
103611.25993277229
103960.96370981139
104311.2533310685
104662.1376314912
105013.60325409178
105365.65181772994
105718.29651844485
106071.51992733138
106425.32726445622
106779.71869900692
107134.70579577383
107490.27411036445
107846.42508892498
108203.17266779991
108560.50524250894
108918.4165695532
109276.91978411622
109636.01492331925
109995.6836606943
110355.94170920648
110716.80069407083
111078.23761261544
111440.25777406571
111802.87321645748
112166.07379406934
112529.8555841805
112894.23490749915
113259.19545208284
113624.73609545098
113990.87892626328
114357.6065548402
114724.91253640434
115092.8084275325
115461.30414999077
115830.37546844408
116200.0357114684
116570.29726482577
116941.1333067534
117312.55369506199
117684.57624156083
118057.17651154716
118430.36317471176
118804.15329620545
119178.52095206262
119553.4756962521
119929.03360121582
120305.16198006978
120681.87853064973
121059.19790328438
121437.10389738227
121815.5866318028
122194.66903428812
122574.3425714598
122954.59465532858
123335.44766284336
123716.88536154252
124098.90252546023
124481.52682142593
124864.732536086
125248.51737893008
125632.89926072297
126017.88464548935
126403.44718480631
126789.60533114933
127176.3466111936
127563.6730928193
127951.60614490547
128340.11989170343
128729.21471325497
129118.91732624958
129509.20574150856
129900.07511671733
130291.54456109436
130683.60194468
131076.24334118408
131469.49730083413
131863.31661219653
132257.7221567557
132652.74830134845
133048.34623982693
133444.53951087533
133841.32831927697
134238.69554869592
134636.66878247834
135035.23298762448
135434.3698807572
135834.1191119335
136234.45242694742
136635.36817944288
137036.8943964337
137439.00201746364
137841.69775357618
138245.0058294202
138648.87827945992
139053.34517809044
139458.42840401648
139864.08644066748
140270.3363751716
140677.18841517717
141084.62085193887
141492.65542921732
141901.29011608468
142310.49452774067
142720.30966576815
143130.71379930803
143541.69613007
143953.30093887815
144365.4807641705
144778.25219288343
145191.633098843
145605.5822911424
146020.15436432016
146435.30053821034
146851.02482206826
147267.376746012
147684.30426937927
148101.82924653203
148519.9534260877
148938.6553571189
149357.97577776352
149777.87805756845
150198.36122054316
150619.46391885803
151041.13669567768
151463.42021317544
151886.3052461416
152309.76546079697
152733.83529730354
153158.484305484
153583.74114360462
154009.60202078914
154436.028117063
154863.0623041436
155290.71219210987
155718.94379812767
156147.77443091295
156577.18238329
157007.20422439848
157437.83028957073
157869.01976885175
158300.83257898016
158733.22635726343
159166.22494060162
159599.82905145717
160034.0052471823
160468.80305625603
160904.17730285093
161340.1487469443
161776.74086852316
162213.89627068283
162651.67161664917
163090.0406041872
163528.99711407773
163968.57628068238
164408.71298858742
164849.47355275
165290.83393682342
165732.76166876443
166175.32413869715
166618.46364768688
167062.20518749993
167506.5554380853
167951.47627844688
168397.0264211369
168843.15832958114
169289.87700261682
169737.2223103141
170185.1358749172
170633.67150096147
171082.80352731448
171532.51800659852
171982.85024430943
172433.75232625607
172885.2856840097
173337.4107103342
173790.110918709
174243.4335918078
174697.35322761326
175151.88560354494
175606.99296060883
176062.69450418736
176519.02722422773
176975.93048438945
177433.4431317433
177891.5605319256
178350.2667441116
178809.59563350806
179269.4930508251
179730.02318784667
180191.13734446454
180652.83852078122
181115.16807579863
181578.0659320127
182041.60306630202
182505.71394722155
182970.43683293587
183435.75708727213
183901.6634264638
184368.2049839612
184835.30137571873
185303.04511518136
185771.37180574017
186240.2926076144
186709.83713237842
187179.95076954702
187650.71491542744
188122.02506136976
188593.94209252528
