-19043.717950360508
-19043.344801557058
-19042.438582841485
-19040.99929359777
-19039.02693268037
-19036.521498910966
-19033.482990302466
-19029.9114048977
-19025.806740092787
-19021.168992940744
-19015.998160203853
-19010.294238323655
-19004.057223111424
-18997.287110303485
-18989.98389506265
-18982.147572262274
-18973.778136367593
-18964.875581418986
-18955.4399012094
-18945.47108893951
-18934.969137603395
-18923.934039879718
-18912.3657878072
-18900.264373315615
-18887.629787737427
-18874.46202217254
-18860.761067185274
-18846.526913203856
-18831.759550105202
-18816.458967247716
-18800.625153943885
-18784.25809871538
-18767.357790177855
-18749.924216069
-18731.957364008907
-18713.45722131446
-18694.42377469973
-18674.85701054179
-18654.756914835772
-18634.123473325493
-18612.95667111805
-18591.25649315035
-18569.02292381595
-18546.255947127273
-18522.9555467763
-18499.12170597566
-18474.75440764518
-18449.85363419152
-18424.419367636026
-18398.45158963251
-18371.95028141106
-18344.915423888007
-18317.34699736957
-18289.244981957872
-18260.609357221514
-18231.440102485896
-18201.737196323294
-18171.500617294
-18140.730343264746
-18109.42635175178
-18077.588620002934
-18045.217124565148
-18012.31184187277
-17978.87274766315
-17944.899817467558
-17910.393026289963
-17875.352348595145
-17839.77775870866
-17803.669230198742
-17767.026736437932
-17729.85025022438
-17692.139744094762
-17653.895189779607
-17615.1165591476
-17575.803823019716
-17535.956952201475
-17495.575916780555
-17454.660686492793
-17413.211230793284
-17371.227518390166
-17328.7095176894
-17285.657196652395
-17242.070522664104
-17197.949462891436
-17153.293983755804
-17108.104051262384
-17062.379631091022
-17016.12068845505
-16969.32718781435
-16921.99909348079
-16874.13636905461
-16825.73897778345
-16776.8068822985
-16727.340044976325
-16677.3384273996
-16626.801990885204
-16575.730696168706
-16524.124503398958
-16471.983372312436
-16419.30726218803
-16366.096131692562
-16312.349938993211
-16258.068641798234
-16203.252197259135
-16147.900561873279
-16092.013691884273
-16035.59154273403
-15978.634069432446
-15921.141226501159
-15863.11296790461
-15804.54924690253
-15745.450016300027
-15685.815228569716
-15625.644835223664
-15564.938787421113
-15503.697035742256
-15441.91953019477
-15379.606220101934
-15316.757054408181
-15253.371981208278
-15189.450948303767
-15124.993902611723
-15060.000790557771
-14994.471558025438
-14928.406150192477
-14861.804511756594
-14794.66658641613
-14726.992317743805
-14658.781648363945
-14590.034520273764
-14520.75087495526
-14450.930653056768
-14380.573794792766
-14309.680239439913
-14238.249925955228
-14166.28279207561
-14093.778775455025
-14020.737812797093
-13947.159839885811
-13873.044792203633
-13798.392604063001
-13723.203209513154
-13647.476541625703
-13571.212532795813
-13494.411114587389
-13417.072217896271
-13339.195772930774
-13260.781708870949
-13181.829954315148
-13102.340437214336
-13022.313084439396
-12941.747822068051
-12860.644575679918
-12779.00326961554
-12696.823827677488
-12614.10617271054
-12530.850226829078
-12447.05591111276
-12362.723145693813
-12277.85185025437
-12192.441942882751
-12106.49334167374
-12020.00596281397
-11932.979722336166
-11845.414534825106
-11757.310314335657
-11668.666973482284
-11579.484424344095
-11489.76257763301
-11399.501343333299
-11308.700630299309
-11217.360346235322
-11125.480397974241
-11033.060691190907
-10940.101130364392
-10846.601619259725
-10752.562059990736
-10657.982353932592
-10562.862401197335
-10467.202100606897
-10371.00134981542
-10274.260045579065
-10176.978083055665
-10079.155356243877
-9980.791758116895
-9881.887179911279
-9782.441511994499
-9682.454643136165
-9581.926460821844
-9480.856851128145
-9379.245698795901
-9277.09288707394
-9174.398297837468
-9071.161811289254
-8967.383306389427
-8863.06266027889
-8758.199748686851
-8652.794445832864
-8546.846624038792
-8440.356154177998
-8333.322905305946
-8225.746744846887
-8117.627538268609
-8008.965149504935
-7899.759440537581
-7790.010271249271
-7679.717499911776
-7568.880982691724
-7457.500573544979
-7345.576124695141
-7233.10748608246
-7120.094505550595
-7006.5370286286425
-6892.434898543579
-6777.787956362821
-6662.596040859108
-6546.858987912064
-6430.576631295389
-6313.74880220131
-6196.375328861633
-6078.4560372183205
-5959.990749853309
-5840.979287009903
-5721.4214657960165
-5601.3171002602685
-5480.666001262893
-5359.467976273773
-5237.722829934418
-5115.430362924648
-4992.590372682036
-4869.202652861968
-4745.2669932757035
-4620.783180059713
-4495.750994773938
-4370.170215319383
-4244.040614961106
-4117.361962389628
-3990.134021935483
-3862.356552335881
-3734.0293080619354
-3605.1520376992676
-3475.724484600439
-3345.746386195625
-3215.2174740224746
-3084.1374731174924
-2952.5061023431585
-2820.323072854951
-2687.588089492383
-2554.3008486880913
-2420.461039219776
-2286.0683413358
-2151.1224259689666
-2015.6229550174257
-1879.5695798518514
-1742.9619413926987
-1605.7996688833005
-1468.0823795923513
-1329.8096773909667
-1190.9811519174477
-1051.5963779180915
-911.6549133629811
-771.1562984631888
-630.1000535280198
-488.48567754498293
-346.3126457734963
-203.5804064393149
-60.288378630301196
83.56405257861724
227.97754031081993
372.95278244252455
518.4905294387144
664.5915942609851
811.2568682699772
958.4873424049139
1106.2841420522996
1254.648591691683
1403.58236478386
1553.0878825223558
1703.1689724802236
1853.831077167975
2005.08064820338
2156.924391408982
2309.368818012571
2462.420068634109
2616.0838525713
2770.365417430618
2925.269534538571
3080.8005020416185
3236.9621628510704
3393.757934329959
3551.190843198471
3709.2635642442515
3867.9784569996145
4027.3376010655907
4187.342828840324
4347.995753493101
4509.2977959309965
4671.25020667156
4833.854085838787
4997.110400556449
5161.020000364308
5325.583629417589
5490.801939107962
5656.6754968747355
5823.204796645262
5990.390264252861
6158.232265965249
6326.731113863961
6495.887070808126
6665.700355433615
6836.171145896858
7007.299583959684
7179.085778069094
7351.529806240488
7524.631718762337
7698.39154044876
7872.809273276265
8047.8848971359575
8223.61837309279
8400.009643858395
8577.05863576448
8754.76525994351
8933.12941357769
9112.150981054025
9291.829834887953
9472.165836293942
9653.158837086019
9834.808679597723
10017.115197392757
10200.078216439424
10383.697555217504
10567.973026210711
10752.904435190836
10938.49158266661
11124.73426407049
11311.632269716421
11499.185386445537
11687.393396382835
11876.256078352913
12065.773208626886
12255.944559587897
12446.769901544729
12638.249002574214
12830.381628503786
13023.167543097883
13216.606508651565
13410.698286481173
13605.442636047514
13800.839315746332
13996.888083693928
14193.588696899438
14390.940912094782
14588.944485153386
14787.599172038706
14986.90472839602
15186.860910025496
15387.467472419019
15588.724171802322
15790.630764426876
15993.187006455391
16196.392655426622
16400.24746878074
16604.751204349042
16809.90362186219
17015.70448023854
17222.153540551873
17429.25056388399
17636.995312442283
17845.387549794632
18054.427040271585
18264.1135492244
18474.446843221802
18685.42669032107
18897.052859132033
19109.325120007717
19322.243244480178
19535.807005354567
19750.016176634417
19964.870533835463
20180.369853906584
20396.51391530292
20613.30249741591
20830.735381868613
21048.812350917608
21267.5331890707
21486.897681736533
21706.905616159067
21927.55678118428
22148.85096688093
22370.787965177096
22593.367569527913
22816.589574585396
23040.45377718486
23264.959975180645
23490.107968654214
23715.897558544155
23942.32854779911
24169.400741298432
24397.113944705794
24625.467966095395
24854.462614603923
25084.0977012883
25314.373038861315
25545.288441404464
25776.843724666138
26009.038706235937
26241.873205228665
26475.347041934674
26709.46003908863
26944.21202038895
27179.602810910375
27415.63223855004
27652.300131455657
27889.606319880768
28127.550636040396
28366.132913171543
28605.352986561524
28845.210692511562
29085.70586924721
29326.83835690974
29568.6079964036
29811.014630784506
30054.058104527245
30297.73826377026
30542.05495555205
30787.008029393714
31032.597335857095
31278.822726675913
31525.684056200764
31773.18117888327
32021.31395183483
32270.082232630968
32519.485881359367
32769.524759117514
33020.1987282303
33271.507652761204
33523.451398870544
33776.02983247238
34029.242822860026
34283.09023939833
34537.571953779145
34792.68783806211
35048.437767027965
35304.82161596795
35561.839261723864
35819.49058288495
36077.775458958604
36336.693771244674
36596.24540190961
36856.43023515795
37117.24815591051
37378.69905099778
37640.78280836105
37903.499316802765
38166.84846722636
38430.83015183914
38695.44426349697
38960.690696409765
39226.56934690109
39493.08011192637
39760.22289025422
40027.99758084314
40296.404085043134
40565.44230525238
40835.11214460264
41105.41350808794
41376.3463015748
41647.91043278433
41920.105809241315
42192.932341250584
42466.389939562105
42740.478516183655
43015.19798451901
43290.54825928103
43566.52925579087
43843.14089103456
44120.38308320126
44398.25575136265
44676.75881595499
44955.89219859074
45235.65582192203
45516.04960978817
45797.07348715859
46078.727380180695
46361.0112159874
46643.92492289639
46927.468430649235
47211.64166953764
47496.44457106598
47781.877068493115
48067.9390957369
48354.63058706863
48641.951478761
48929.901708140016
49218.48121331855
49507.68993326935
49797.527808715284
50087.99478059976
50379.09079102187
50670.81578390001
50963.16970299336
51256.152494909125
51549.7641047351
51844.00448054546
52138.87357145921
52434.37132589101
52730.497694836246
53027.25262983011
53324.636083071964
53622.648008207274
53921.288359683866
54220.55709282025
54520.45416422181
54820.97953061538
55122.13315084915
55423.91498408234
55726.32499028984
56029.36313066742
56333.02936734452
56637.32366308683
56942.245982161774
57247.79628945463
57553.9745507323
57860.78073198215
58168.214801413094
58476.27672734596
58784.96647945991
59094.28402782447
59404.22934343777
59714.80239903712
60026.0031668593
60337.83162085359
60650.287736160244
60963.37148781919
61277.08285275656
61591.42180790746
61906.38833216571
62221.982403294256
62538.20400202511
62855.05310900732
63172.52970603669
63490.63377501188
63809.36529929119
64128.724263067204
64448.71065133537
64769.32444957538
65090.5656445912
65412.43422331247
65734.93017433729
66058.05348642521
66381.80414964475
66706.1821543308
67031.18749166005
67356.82015421378
67683.0801346775
68009.96742709752
68337.4820256998
68665.62392624441
68994.39312454675
69323.78961715737
69653.81340225831
69984.4644778779
70315.74284363852
70647.64849914242
70980.18144532041
71313.34168345224
71647.12921543182
71981.54404509743
72316.58617555954
72652.25561119485
72988.55235713974
73325.47641969427
73663.02780578582
74001.20652203183
74340.01257665535
74679.44597890989
75019.50673844264
75360.19486531737
75701.51037046361
76043.45326571999
76386.0235637312
76729.22127731192
77073.04641998686
77417.49900760154
77762.57905422043
78108.28657591347
78454.62159009956
78801.58411375489
79149.1741642978
79497.3917614343
79846.2369239179
80195.70967244626
80545.81002716125
80896.538009756
81247.89364297363
81599.87694876775
81952.48795118126
82305.72667433004
82659.59314260514
83014.08738237628
83369.20941877953
83724.95927964646
84081.33699175087
84438.34258385048
84795.9760839
85154.2375219464
85513.12692822868
85872.64433330184
86232.78976885961
86593.56326606566
86954.96485872597
87316.99457939017
87679.65246278155
88042.93854250666
88406.85285494495
88771.39543507776
89136.5663198943
89502.36554622411
89868.793152157
90235.84917646687
90603.53365702454
90971.84663457543
91340.7881487942
91710.35824104171
92080.55695240079
92451.38432464337
92822.84040188715
93194.92522592026
93567.6388420622
93940.98129393057
94314.95262658007
94689.55288675491
95064.7821202452
95440.64037397495
95817.12769609557
96194.24413367042
96571.98973657351
96950.36455409863
97329.36863541776
97709.0020319453
98089.26479486271
98470.15697494001
98851.67862552257
99233.8297994485
99616.61054985266
100000.02093092795
100384.06099791723
100768.73080535735
101154.03040911508
101539.95986620466
101926.51923348197
102313.7085684825
102701.52792872193
103089.97737397518
103479.05696342928
103868.7667563637
104259.10681305619
104650.07719508787
105041.6779641974
105433.9091824871
105826.77091240755
106220.2632169511
106614.3861606261
107009.13980786804
107404.52422323673
107800.53947242218
108197.18562119114
108594.46273648345
108992.37088542996
109390.91013629583
109790.08055711264
110189.88221653219
110590.31518392313
110991.37952930309
111393.07532336989
111795.40263737005
112198.3615427924
112601.9521115883
113006.17441685463
113411.0285313089
113816.514529102
114222.63248443123
114629.38247216294
115036.76456785106
115444.77884761065
115853.42538755345
116262.7042652112
116672.61555795146
117083.15934383469
117494.33570162953
117906.1447104035
118318.58645004655
118731.66100052463
119145.3684429606
119559.70885841332
119974.68232885221
120390.28893665853
120806.52876467242
121223.40189648424
121640.9084159521
122059.0484075221
122477.82195629006
122897.2291476027
123317.27006785029
123737.9448033533
124159.25344138099
124581.19606952059
125003.7727758687
125426.98364910831
125850.8287786224
126275.30825388072
126700.42216512002
127126.17060343169
127552.55365973515
127979.57142593381
128407.22399422502
128835.51145743612
129264.43390884831
129693.99144211077
130124.18415188754
130555.01213284179
130986.47548044822
131418.57429068894
131851.30866001346
132284.67868520814
132718.68446358969
133153.32609295953
133588.6036717857
134024.51729905087
134461.06707431932
134898.25309767507
135336.07546941092
135774.5342902263
136213.629661513
136653.3616851653
137093.73046403384
137534.7361011244
137976.37870001927
138418.65836410085
138861.57519790492
139305.12930660558
139749.32079619044
140194.14977212573
140639.61634020845
141085.7206077115
141532.46268264
141979.84267298444
142427.86068678106
142876.5168325442
143325.81122057562
143775.7439608286
144226.3151631706
144677.52493796512
145129.3733973751
145581.8606538641
146034.98681891934
146488.75200534877
146943.15632751232
147398.19989875297
147853.88283247064
148310.20524428404
148767.1672501727
149224.7689650963
149683.01050548986
150141.89198899898
150601.41353172326
151061.5752511706
151522.3772670945
151983.81969734287
152445.90266097314
152908.62627883194
153371.99066966146
153835.99595415237
154300.6422549985
154765.92969243624
155231.8583893251
155698.42846860705
156165.64005161118
156633.49326372013
157101.98822851272
157571.1250702159
158040.90391492148
158511.32488604786
158982.38811124698
159454.09371679477
159926.4418292302
160399.4325770409
160873.06608582803
161347.34248629978
161822.2619060437
162297.82447550722
162774.03032356224
163250.87958003808
163728.37237734997
164206.5088453789
164685.28911736843
165164.71332295766
165644.78159731466
166125.49407299882
166606.8508829179
