-6069.233947123169
-6068.965376197175
-6068.159712671578
-6066.816961063045
-6064.937063162793
-6062.5200602167615
-6059.565940980308
-6056.074692602269
-6052.046342292854
-6047.480820792051
-6042.378188819249
-6036.738387515904
-6030.561413154469
-6023.847291023637
-6016.5959393537005
-6008.807465218644
-6000.481751888293
-5991.618818465584
-5982.218657940162
-5972.281249885679
-5961.8065860507295
-5950.794632551575
-5939.245369301264
-5927.158821297915
-5914.53491437973
-5901.373609654205
-5887.674959450527
-5873.438922515242
-5858.665422620488
-5843.354498543799
-5827.506090879056
-5811.1201796112955
-5794.196729203291
-5776.735750929854
-5758.73715301779
-5740.200966706677
-5721.127115940919
-5701.5155892040375
-5681.36635221207
-5660.679372060022
-5639.4545923800915
-5617.69200316048
-5595.391547818563
-5572.553226845721
-5549.176966620772
-5525.262713850958
-5500.810458395206
-5475.8201451112645
-5450.291718668965
-5424.225162413827
-5397.620431501315
-5370.477439619453
-5342.796176168433
-5314.576578567739
-5285.818571633432
-5256.522144574274
-5226.687254580218
-5196.313788145197
-5165.40172377124
-5133.951026857899
-5101.96160899825
-5069.433410723716
-5036.366391398674
-5002.760472257912
-4968.615602807682
-4933.931710267047
-4898.708758156153
-4862.946538573363
-4826.645272277943
-4789.8046959473495
-4752.424706368069
-4714.505323198689
-4676.046388899594
-4637.047892607712
-4597.509728101834
-4557.431829546708
-4516.814073336206
-4475.656488935361
-4433.958962424962
-4391.721404740228
-4348.943635828672
-4305.625595633105
-4261.767300446941
-4217.368503274349
-4172.429193513193
-4126.949235862705
-4080.9286172049083
-4034.367154472711
-3987.2648041606035
-3939.6213242181443
-3891.4367253280666
-3842.71093499659
-3793.4438176472363
-3743.635181481931
-3693.284989585114
-3642.393074661825
-3590.959341222888
-3538.983639008822
-3486.4658851567924
-3433.4059232973686
-3379.803627167249
-3325.6588288865473
-3270.9714135948725
-3215.741384250213
-3159.968283103159
-3103.652156587836
-3046.7928992134675
-2989.3902988660925
-2931.4441737448556
-2872.9543641659548
-2813.9207382912255
-2754.3431095175592
-2694.2212386405363
-2633.5551248705215
-2572.3443866485545
-2510.5890012941063
-2448.288569322246
-2385.4431018917294
-2322.052366377746
-2258.1160461014033
-2193.6340481137677
-2128.606064362527
-2063.031886436688
-1996.911259825231
-1930.24404144321
-1863.029909473044
-1795.2685663214943
-1726.9599075943318
-1658.1034956330545
-1588.6991259154254
-1518.7465046201155
-1448.2453073006136
-1377.1951815820896
-1305.5959831148969
-1233.447169859091
-1160.7484785803936
-1087.4995799033275
-1013.700082407383
-939.349554960078
-864.4475508182966
-788.9938739598716
-712.9876658956235
-636.4287787624271
-559.3166662031333
-481.65069440761596
-403.43032470489646
-324.6550192775128
-245.32411046276016
-165.4368074080724
-84.99247567544556
-3.990190272403865
77.57076959090735
159.69158655332373
242.37338479129218
325.6173726358469
409.42529964620877
493.7992216877767
578.7433223846926
664.2663035528939
750.3794758930637
837.0942091936325
924.4207310749041
1012.3676986182646
1100.9420183139305
1190.1491386607931
1279.9932770852674
1370.4779179720601
1461.6054993428004
1553.3782721000418
1645.797830032894
1738.8654715258733
1832.5821884930706
1926.9487656302397
2021.9657692968315
2117.6336314548703
2213.952780451031
2310.9232185878104
2408.545120554957
2506.818490824233
2605.7432130570355
2705.3192145271987
2805.5463296764374
2906.4242720310754
3007.9528622609523
3110.1318090303894
3212.9607186210415
3316.439255267552
3420.5671412140064
3525.3438667190626
3630.7690168023546
3736.8422603235063
3843.5630897048322
3950.9311313698936
4058.9458148648537
4167.606711636314
4276.91335645457
4386.865275050916
4497.461915121954
4608.702901415291
4720.587685472084
4833.115797125693
4946.2867563890795
5060.100036253505
5174.555157331333
5289.651684368767
5405.388997221122
5521.766713576534
5638.784332150652
5756.441305522721
5874.73725342739
5993.671529810781
6113.2438165115445
6233.453555976523
6354.300313383921
6475.783629100372
6597.902931086076
6720.6578794214865
6844.047978383325
6968.072740242226
7092.731760226564
7218.024529575663
7343.950669546427
7470.509679650574
7597.7012081206785
7725.524759511494
7853.979910215654
7983.066282544891
8112.783414547989
8243.130902903085
8374.108449141686
8505.715442179036
8637.951608724827
8770.816566474725
8904.309890636074
9038.431145421777
9173.180060893308
9308.556203402277
9444.5591110354
9581.188524550795
9718.444072202723
9856.325382841695
9994.831982797023
10133.963747225718
10273.720074315936
10414.100813232038
10555.10558996967
10696.733996823015
10838.985701896752
10981.860452854591
11125.357816566238
11269.477554933654
11414.219296905694
11559.58274236009
11705.56768614696
11852.173702954688
11999.400488696223
12147.247726082016
12295.715248097547
12444.802602227737
12594.509644129716
12744.835903684307
12895.781338928848
13047.345487607807
13199.528125799223
13352.329022883892
13505.747836328752
13659.78437327785
13814.438265570167
13969.709396391028
14125.597340269676
14282.102006200646
14439.223039292961
14596.960271434078
14755.313383204873
14914.282120963559
15073.8663454155
15234.065666706323
15394.880029011692
15556.309139560166
15718.352688266394
15881.010536970134
16044.282456392346
16208.168200063148
16372.6675350899
16537.780262651177
16703.50619510259
16869.845089857954
17036.796787627416
17204.361052201642
17372.537659632297
17541.326364635574
17710.727092749934
17880.73959421872
18051.36364906088
18222.599074523652
18394.44572310609
18566.903450830614
18739.97188003647
18913.651068261996
19087.940622111244
19262.840501365794
19438.350509280444
19614.47043211287
19791.200168043168
19968.539481372787
20146.48826269361
20325.04624029011
20504.213344228792
20683.989425954096
20864.374259156466
21045.367675242986
21226.96963973016
21409.17988923327
21591.998367248667
21775.424783140126
21959.459016417906
22144.10110659681
22329.350706000037
22515.207761178375
22701.672091744917
22888.743632598722
23076.42216624692
23264.70765196445
23453.599805968202
23643.098636205075
23833.203906984992
24023.915613188175
24215.233463368528
24407.157450109982
24599.68756624134
24792.82331408227
24986.564864890493
25180.912114685183
25375.864800660405
25571.422848516315
25767.586186875444
25964.35469251317
26161.72820067639
26359.706678954324
26558.29001771744
26757.477938940752
26957.270556862783
27157.66769249685
27358.669048873464
27560.274780337462
27762.484752717533
27965.298722545776
28168.716737337316
28372.73872052443
28577.36434274633
28782.593697465185
28988.426746766345
29194.86328852918
29401.903227647985
29609.54646822575
29817.792974837965
30026.642656904547
30236.09541865919
30446.151051218563
30656.80964558441
30868.071049129532
31079.935145514464
31292.402062348305
31505.4713276366
31719.1432111127
31933.417384217104
32148.293973767228
32363.772844448227
32579.853801434143
32796.53698853061
33013.82210657481
33231.70929071971
33450.19832015915
33669.28921451259
33888.981836458544
34109.27612180225
34330.1720864273
34551.66958760566
34773.76860986743
34996.469053461224
35219.77083281332
35443.674029319074
35668.17833759988
35893.28387335929
36118.990625339386
36345.298351281825
36572.20711350105
36799.71685794676
37027.8275772259
37256.53905380194
37485.851288670514
37715.764244026825
37946.27794132654
38177.39224519376
38409.10720075458
38641.42267438112
38874.33859503802
39107.85492173517
39341.97175027314
39576.688967545815
39812.006461052835
40047.924187282806
40284.44208606273
40521.56026801957
40759.278467081036
40997.59683996606
41236.51528844193
41476.03373210959
41716.152185897896
41956.87054251786
42198.18882912758
42440.1070098669
42682.62498326106
42925.74282068057
43169.46038042479
43413.77763624462
43658.69463653874
43904.211374604376
44150.32766291071
44397.04353231035
44644.359105090705
44892.27417570402
45140.78874230306
45389.90275695729
45639.61629014349
45889.929362708186
46140.8417461945
46392.353512607675
46644.46462948871
46897.17520789541
47150.484961922935
47404.39409023268
47658.90256234258
47914.01010801406
48169.71706232141
48426.02320594868
48682.92852324769
48940.433023915175
49198.53672985985
49457.239577817694
49716.541407393874
49976.44247157797
50236.94272266439
50498.042023305665
50759.74028236189
51022.037674575826
51284.93413838855
51548.42960333818
51812.524104480624
52077.217548279405
52342.510093494246
52608.401617411444
52874.89214900084
53141.98168903078
53409.67012938537
53677.95755128818
53946.843960705795
54216.32932444768
54486.41368927697
54757.09681493528
55028.37897722662
55300.2600921466
55572.74012139239
55845.819118154985
56119.49694309727
56393.77386251268
56668.649618285985
56944.12434157254
57220.19795747868
57496.87070177099
57774.14213951467
58052.01270240605
58330.482104962975
58609.550567884966
58889.218091267896
59169.484612142915
59450.35025936341
59731.81503275505
60013.878869719774
60296.54206249958
60579.80446075262
60863.66630553958
61148.12758614958
61433.188537627175
61718.849132592964
62005.1095595467
62291.97001588071
62579.430538502405
62867.4915533045
63156.153145601165
63445.41561604948
63735.27923238221
64025.74437650806
64316.81142641566
64608.48090683582
64900.75333450005
65193.62939833594
65487.10976809486
65781.19544603134
66075.88738121104
66371.18697831077
66667.09578526326
66963.61572421214
67260.7492728662
67558.4995382003
67856.87056841629
68155.86760187658
68455.49797316485
68755.77185176745
69056.70434694126
69358.31950149235
69660.65931021413
69963.80892510629
70267.81758359891
70572.33873829861
70877.18444598957
71182.31288014032
71487.70164667576
71793.3269451228
72099.15628317905
72405.14315792502
72711.22162444048
73017.30569858878
73323.31635079983
73629.28449458655
73935.6666548342
74243.59040812275
74553.9461571599
74866.2935640683
75179.74779901461
75493.8302560336
75808.39260120885
76123.41485576144
76438.91345743199
76754.91026093038
77071.42503344345
77388.47344338133
77706.06804256725
78024.2182102001
78342.93166095509
78662.21434057974
78982.07086008565
79302.50555973074
79623.52149686485
79945.12154764138
80267.30796797585
80590.08255693587
80913.44679423884
81237.40151118129
81561.9475908407
81887.08555630721
82212.8159618386
82539.13898089202
82866.05520493384
83193.56470457633
83521.66798342335
83850.36512101264
84179.65648655372
84509.5422053363
84840.02253632246
85171.09753070003
85502.76750352498
85835.03253610728
86167.89274376624
86501.34818984382
86835.39911234626
87170.04556753952
87505.2876510905
87841.12547865698
88177.55922939663
88514.58901434942
88852.21503234621
89190.43742615897
89529.25628482254
89868.67179540163
90208.68406818519
90549.2933080551
90890.49954163811
91232.3029361707
91574.70366426991
91917.70171706205
92261.2972295674
92605.49015371095
92950.28079699785
93295.66916844436
93641.65532054439
93988.2393651821
94335.42129640914
94683.2012057918
95031.57912708448
95380.55512971243
95730.12927793166
96080.30157744167
96431.07214940932
96782.44097420128
97134.4081151084
97486.97371194683
97840.1376806426
98193.90010675834
98548.26109050414
98903.22051789693
99258.7786094445
99614.93524815315
99971.69065792229
100329.04486852424
100686.99775998222
101045.54955572594
101404.70033710446
101764.44977969248
102124.79853747452
102485.7459382251
102847.2927256049
103209.43861797424
103572.18355230926
103935.527631485
104299.4709994574
104664.01402711633
105029.15577927257
105394.89757307676
105761.23806058305
106128.17867497283
106495.71888305497
106863.85851985402
107232.59768462827
107601.9362825208
107971.87457625878
108342.41364805435
108713.5517411917
109085.2900165212
109457.62771104542
109830.56675399459
110204.1049813737
110578.24297738625
110952.98141499222
111328.32040982114
111704.25993978736
112080.79891517395
112457.93762705167
112835.6793554428
113214.01871459889
113592.96145726804
113972.50163872441
114352.64441771284
114733.38878018038
115114.73318358338
115496.67808483978
115879.22381130185
116262.37001928984
116646.11625790605
117030.46467101353
117415.41695535612
117800.96557200457
118187.11986386792
118573.87099508055
118961.2289040724
119349.18380059244
119737.7397058127
120126.89946589738
120516.66130716127
120907.02417863223
121297.98795906323
121689.5529993416
122081.72128564023
122474.49436181648
122867.86590658572
123261.83635277835
123656.41730573127
124051.59037297485
124447.37602022075
124843.75509499936
125240.73930042087
125638.33096042612
126036.52168956786
126435.31254254107
126834.70635823261
127234.70405830927
127635.30573389096
128036.51136040763
128438.3187114714
128840.7242817745
129243.73320313837
129647.35519561819
130051.57085920358
130456.39168480145
130861.8194610522
131267.84667800757
131674.47587688878
132081.71884378805
132489.55255649367
132897.99116551914
133307.04083835252
133716.6952499649
134126.95141244517
134537.8101291839
134949.27210854524
135361.3369120157
135774.00337004053
136187.2731633175
136601.15394803765
137015.64614772913
137430.7295086309
137846.41542397073
138262.72445699078
138679.61302093725
139097.13226328974
139515.2298157456
139933.95904771806
140353.2729660722
140773.19385941446
141193.73642253753
141614.8745658946
142036.60859812045
142458.9499728686
142881.90131694105
143305.45996561716
143729.6238244857
144154.3925064678
144579.76737079187
145005.75169204085
145432.34732579903
145859.5467901397
146287.33698930242
146715.73194309775
147144.7586529833
147574.37414864576
148004.58698106656
148435.4363664131
148866.85284126713
149298.91822440806
149731.54911327836
150164.82028985396
150598.68556537037
151033.1403088213
151468.23417591664
151903.92775590994
152340.20769114603
152777.09767924275
153214.60689124002
153652.72889788396
154091.45753504965
154530.79098472255
154970.72925772762
155411.27248695583
155852.42041114756
156294.17487689425
156736.54263547584
157179.53186185815
157623.13496889506
158067.32422445092
158512.10573226935
158957.53250614705
159403.56588421387
159850.16639561654
160297.43248194794
160745.26016690827
161193.72856160972
161642.78312947493
162092.4726730379
162542.73179135233
162993.65747068345
163445.13138514024
163897.24714247635
164349.9943125393
164803.3052658218
165257.22915286644
165711.7957486705
166166.97636462958
166622.75013111488
167079.12173761838
167536.1019065747
167993.69613294123
168451.9049153579
168910.72732534716
169370.16332277952
169830.2141740274
170290.88061300406
170752.1595011739
171214.04065714314
171676.51347079425
172139.58794899922
172603.30057493807
173067.65638780146
173532.5878665281
173998.09580000865
174464.2819803084
174931.06057490277
175398.4014245281
175866.4431209826
176335.0049775634
176804.25639388536
177274.05661985834
177744.52930125844
178215.54503408828
178687.2608297814
179159.48796108915
179632.4172023151
180105.9249038654
180580.0008346241
181054.77057038518
181530.13093048657
182006.04766036264
