2.248312348526164e-5
0.0006833034702310651
0.0013441356819347645
0.0020049916695498347
0.002665883330801799
0.003326822565048373
0.0039878212727881245
0.004648891318862158
0.005310044884767918
0.005971293561775952
0.006632649528184525
0.007294124674203097
0.007955731009857844
0.008617480620145128
0.009279385159161952
0.009941457080651483
0.010603708048849723
0.01126615058301246
0.011928796759519522
0.012591658175625386
0.013254747525604776
0.013918076897930023
0.014581658529913815
0.015245504372966814
0.01590962725845395
0.016574038792765786
0.017238751828051607
0.01790377934508363
0.018569132433647915
0.019234824531416783
0.01990086823302072
0.020567275523482937
0.021234059590676382
0.021901233250164232
0.0225688087553616
0.023236798827769113
0.023905216774607246
0.02457407557038571
0.025243387743108206
0.025913166940982963
0.026583425037763272
0.027254177063198277
0.027925434933275414
0.02859721210295846
0.02926952265620667
0.029942379361123466
0.030615795987650223
0.03128978619271732
0.031964363956300604
0.0326395427520903
0.03331533683512589
0.03399175960137633
0.03466882563738176
0.0353465491267312
0.03602494399103075
0.03670402548970603
0.03738380604970143
0.038064303097327744
0.038745529496040765
0.039427500053106496
0.04011023119054869
0.04079373642059948
0.041478031112093375
0.042163132120141056
0.042849052590098385
0.04353581012757873
0.04422341901271047
0.04491189615341369
0.04560125676074735
0.046291517685622646
0.04698269495115364
0.04767480460069096
0.048367864138394584
0.04906189031556655
0.04975689901238949
0.050452908367652954
0.05114993522435696
0.05184799874297416
0.052547113917206525
0.05324729936654264
0.05394857496582561
0.0546509576125568
0.05535446641324843
0.056059119693752976
0.05676493666457411
0.05747193576032257
0.05818013787106982
0.058889562690646546
0.05960022842272082
0.0603121556578198
0.06102536646727235
0.061739880598572806
0.06245571837909471
0.06317290273025128
0.06389145525416305
0.06461139364907093
0.06533274588480757
0.06605553157955134
0.06677977463305047
0.06750549593366331
0.06823272314242261
0.06896147676182515
0.06969178262606826
0.07042366510502726
0.07115714891166997
0.07189226061058474
0.07262902461048466
0.07336746948554097
0.07410761971637485
0.07484947780832146
0.07559309339239809
0.07633850266762922
0.07708572495440386
0.07783479563034998
0.07858574327133018
0.07933860095851328
0.0800933939216028
0.08085015768194626
0.08160892405008188
0.08236972210919222
0.0831325878584062
0.08389752582275159
0.08466459817496608
0.0854338335311477
0.08620528252452386
0.08697897140674511
0.08775494520860554
0.08853324144055177
0.08931389673258151
0.09009696216950035
0.09088246369942501
0.09167045501928628
0.09246096952089049
0.09325406603482803
0.0940497844233988
0.09484816275503798
0.09564926501886338
0.09645313077938568
0.0972598100946028
0.0980693645513093
0.0988818361309424
0.09969729513551057
0.10051578234279605
0.10133736749099666
0.10216211246277583
0.1029900758226424
0.10382131650894222
0.10465591138595041
0.10549392471868108
0.10633543314663745
0.10718050311330532
0.10802921072445157
0.10888163826568073
0.10973787439614056
0.11059799668283944
0.11146210545524271
0.11233026815307816
0.11320258362236164
0.11407916231606288
0.1149600701532836
0.11584543132472978
0.11673537128548779
0.11763001071196383
0.11852947112998224
0.11943388715286696
0.12034338644661961
0.12125821428662754
0.12217840501861453
0.12310411028508834
0.1240355103320703
0.12497278906358729
0.1259161292708668
0.12686573149504105
0.12782180120541384
0.12878458175380345
0.1297542976843176
0.13073120664467996
0.13171559335760008
0.13270775318674977
0.1337079957679173
0.13471661684455313
0.13573409311682794
0.1367607922833076
0.1377971906908021
0.13884379279742406
0.1399011662769452
0.14096994867156865
0.14205086497939137
0.1431447657837033
0.14425261965843802
0.14537554228255398
0.1465148700551425
0.1476723288158256
0.14885006819748894
0.15005098997362054
0.15127924624338562
0.15254196165457978
0.15388902506201588
0.156357335215214
0.16073860849739932
0.1665393194209953
0.1732958364751468
0.18062504764157156
0.18822369545523596
0.19587565900810325
0.2034400028441145
0.21083213881439597
0.21800669615185003
0.22494389379867408
0.23164024193040111
0.2381021330598205
0.24434124629645093
0.25037235128292096
0.2562111937844194
0.261873536897459
0.2673746339081094
0.27272893893605854
0.2779497066094747
0.2830492377239426
0.28803877389469174
0.29292858300985497
0.29772793009410875
0.3024452412034688
0.3070872900315819
0.31166163159786436
0.31617581310621534
0.3206339956836451
0.32504162284491833
0.32940359118932194
0.3337242039524878
0.3380073568688209
0.3422551361077979
0.34647185356890453
0.35066084816828275
0.35482494802444875
0.3589669626065942
0.36308953218416967
0.3671950600688453
0.37128567695026804
0.37536208624892603
0.3794274055455967
0.3834830587594325
0.38753065117608476
0.3915716165744027
0.39560733465747994
0.39963906356381224
0.4036680133432875
0.40769531175287677
0.41172202376396727
0.415749164882752
0.4197761097263787
0.4238006016002168
0.4278293316486086
0.4318621814872721
0.43589983336881194
0.4399428854461381
0.4439921765149218
0.44804821532223105
0.4521116139756539
0.4561828865462631
0.4602631656800528
0.4643506986499778
0.4684521328383314
0.47256085518572527
0.4766806865007974
0.48081172575977676
0.48495445616545263
0.4891092228385245
0.4932764304252571
0.49745637142056315
0.501649432112386
0.5058559384239816
0.5100761772079403
0.5143104373275095
0.5185589807776186
0.5228220209062887
0.5270997808121183
0.53139239982294
0.5357000057244522
0.5400226682583883
0.5443612591202049
0.5487172097137678
0.5530890620268463
0.5574774466544252
0.5618825835312381
0.5662975127076593
0.5707306629276577
0.5751822186739509
0.5796519696784574
0.5841400451041379
0.5886465440491687
0.5931716094847036
0.5977154044912781
0.6022780587183459
0.6068596866979611
0.6114604291462594
0.6160782298260542
0.6207119275174451
0.6253654010866755
0.6300384639720057
0.6347312906421917
0.6394439825551619
0.6441764969945538
0.6489290201807784
0.6537015660877488
0.6584942389777971
0.663297277037851
0.6681219756694592
0.6729680091333179
0.677835065848125
0.6827230532376938
0.6876319342818261
0.6925617273393869
0.6975124668659118
0.702484162526262
0.707476758552319
0.712490185019736
0.7175315758080429
0.7225838066460061
0.7276676650510828
0.732763942111712
0.7378861310557514
0.7430282796218302
0.7481925836287864
0.75337861634162
0.7585865479553945
0.7638162538213684
0.7690693752920194
0.7743454160726143
0.7796421538037379
0.7849598086171391
0.790298477127833
0.7956584476741712
0.8010396385910658
0.806442288717879
0.8118665619153778
0.8173126759548072
0.8227809030670411
0.8282713247159159
0.8337841505107119
0.8393192363722694
0.8448767143516407
0.850456615321071
0.8560589233159934
0.8616836132705812
0.8673305406403097
0.8729997370287577
0.8786910571313261
0.8844045388047549
0.8901401158611537
0.895897611531662
0.9016771969809677
0.9074532592996999
0.9132621720649123
0.9190961780761151
0.9249546451429295
0.9308371141025833
0.9367433274160506
0.9426654115449918
0.9486108531841478
0.9545798480569647
0.9605721046124529
0.9665875807545999
0.9726260968818481
0.9786877339486162
0.9847756195063317
0.9908864856536695
0.997015561422323
1.0031670380515465
1.009342252360605
1.0155492998361462
1.021771035763699
1.0280206466002304
1.0342912640376103
1.0405822051169078
1.0469008275811915
1.0532407921451534
1.0595996391819615
1.065976105879763
1.072362677983565
1.0787938242264314
1.0852317715592195
1.0916937607026218
1.0981844499083466
1.1046995302389013
1.1112382611916707
1.1178005534587805
1.1243860373559853
1.130994595513306
1.1376263270732718
1.1442810408725732
1.1509582527079274
1.1576583552484887
1.1643808398047808
1.17112563957869
1.177892924915252
1.1846818460865136
1.1914918725440815
1.198322057957004
1.2051797252079437
1.2120627764517493
1.2189566928814204
1.2258894841026522
1.2328366024723052
1.2398111327737669
1.2468096268924351
1.2538298120673201
1.260871052914125
1.2679333851876606
1.2750164248373115
1.2821205304811052
1.2892458290710345
1.2963927746258097
1.3035623069325795
1.3107555783464895
1.3179736925137777
1.3252169202193738
1.3324856653990558
1.339776058311553
1.3470822416690709
1.3544126404909647
1.3617668609464724
1.3691448278015927
1.3765470510735542
1.3839740773018585
1.3914258727934476
1.3989023782627454
1.4064032642341193
1.413928730216167
1.421478321183308
1.4290521540601273
1.436650155555812
1.4442721714957627
1.4519181147636349
1.4595880239411905
1.4672807795910525
1.4749841814276368
1.4827106879749516
1.4904614391910942
1.498236520056858
1.5060355477039835
1.513858930256744
1.52170673403946
1.5295786080797216
1.537474410719171
1.5453974660454564
1.5533451613088198
1.561315821493228
1.5693093783979277
1.5773264138650989
1.5853680866645494
1.5934333410998487
1.6015232524458665
1.6096345522551574
1.617773520987307
1.6259347902938306
1.6341220410577495
1.642330846743518
1.6505636285748109
1.6588190945334123
1.66709781215755
1.67539606530261
1.6837189248474347
1.692065970745297
1.7004388742030883
1.708833603818391
1.7172527269988191
1.725695726524792
1.7341614098228386
1.7426421169450876
1.7511484303227436
1.759682507117978
1.7682410208171249
1.7768235417315112
1.785429711784763
1.7940597954346094
1.8027134549209074
1.8113619643722407
1.8200213027428815
1.8287134057310812
1.8374335932937436
1.8461810268633823
1.8549550673085238
1.8637557942663556
1.8725827247229514
1.8814361214406827
1.8903158052132834
1.899221494893674
1.908153035312716
1.9171105725254702
1.9260935681868403
1.935101976286559
1.944135625917873
1.9531943421854758
1.9622780938371813
1.9713939451027096
1.9805370197401715
1.9897069223362287
1.9989034523970506
2.0081265992011685
2.017375299144887
2.0266497858650148
2.0359514373585865
2.045257332731776
2.0545934428471746
2.0639570588957135
2.07334567520196
2.0827713146546074
2.092221440736231
2.10169655058042
2.111197088936618
2.1207226381245587
2.1302757380295074
2.1398436148185005
2.1494375848358085
2.159056543664845
2.1687004105312977
2.178369068445069
2.1880619282078544
2.19777885689877
2.207518813934072
2.2172889347079128
2.2270752862717442
2.2368742374057424
2.246702908535047
2.2565759547907773
2.2664733991838624
2.276402143814303
2.286357945075664
2.2963412274831865
2.3063504200530094
2.31638571096585
2.3264459795726258
2.336532161561638
2.346643063783596
2.356779466646902
2.366941790641373
2.3771357908191293
2.3873544313423936
2.3975991966425543
2.407869479831681
2.4181656063593895
2.4284884721158133
2.4388368379006695
2.4492112112680817
2.4596117857450657
2.4700386697282832
2.480491501518247
2.490971078642298
2.501476776340336
2.5120087358188874
2.5225670953010306
2.5331516151337277
2.5437626548396697
2.5544001043378906
2.565064100959101
2.575700084394611
2.5863751606217527
2.597088527077783
2.607837448892036
2.618619202424858
2.6294307710793063
2.6402688652970876
2.6511346062464454
2.6620274818219425
2.672948511965397
2.683896235801904
2.6948699157562217
2.705870928022361
2.7168981947313493
2.727953309895216
2.739036282913782
2.7501474584905927
2.7612869821802963
2.772454510415831
2.783650502337923
2.7948751945425485
2.806129047747739
2.8174116300267404
2.828723629185349
2.8400642253004067
2.8514342255723086
2.8628334667175164
2.8742620720691705
2.8857199804741445
2.8972070491794386
2.908723944040997
2.9202706084527374
2.931846693088274
2.943451940718198
2.9550873482945264
2.9667526429759765
2.978449534732751
2.9901792976415207
3.001943975526848
3.013745323381904
3.0255852467785136
3.037466218788891
3.049389727428523
3.061359041161947
3.0733757837571316
3.0854432953526154
3.0975637834249197
3.1097412534298168
3.12197865947037
3.134280187098088
3.146650402250435
3.159095262260916
3.1716207630816533
3.184234364788585
3.1969455909622972
3.209764540867435
3.222704316226107
3.235779993620474
3.249009472609346
3.262414353119545
3.276019755415468
3.289857626357798
3.303965623741086
3.3183911435727294
3.333194470869346
3.3484657186663473
3.36427618853273
3.3807575965389036
3.3980778928939177
3.416462597329481
3.4362252737544305
3.4578105901570706
3.4818723771679316
3.5094183610827545
3.5420939341353406
3.582822418403367
3.6375218142797663
3.7212807588599865
3.8969597985737643
4.40564932733661
5.28393009338009
6.412821521480892
7.723208837061595
9.169503818969682
10.716125119230096
12.330283063358484
13.976402113645191
15.608648578933899
17.15546519462374
18.495370392604798
19.409455160808466
19.51701285130703
18.3250881656139
15.716983654030074
12.565557159795786
9.950564101524531
8.165010306422802
7.016017957600611
6.271711609251699
5.775269122824362
5.432859844260313
5.189439004982541
5.011747380917582
4.879080899380721
4.778169212640718
4.700088452547851
4.638703635103204
4.589668065923425
4.5498887364776
4.517041168373145
4.489556390853619
4.466281901459459
4.446587055931559
4.430093223756924
4.416614460030208
4.406139061095154
4.398570078805406
4.393882430189093
4.391887233847388
4.392467159754191
4.39542325158753
4.400658487200661
4.407929041634803
4.4170935609801925
4.428012587151598
4.440522938895602
4.454555544537859
4.469955601819743
4.4866086266975715
4.504472526832452
4.523386901115382
4.543278065335326
4.564034301949921
4.585533684577713
4.607701605399495
4.630412852446082
4.653565152576674
4.677074511378882
4.700837834759021
4.724799147147767
4.748871528777076
4.773011185001248
4.797194898592819
4.821373336537424
4.845546295173905
4.869718698071915
4.893866530845213
4.918001732415812
4.942169431524565
4.96634342354974
4.990568520838132
5.0148462890029295
5.039207964548997
5.063655631385982
5.088212760278584
5.11290764950388
5.137726323201836
5.162707721322389
5.187863077289245
5.213178088620851
5.238668198479573
5.264363265253815
5.290255723172737
5.316366879400831
5.342702827387926
5.36910582722232
5.395793459131445
5.422729337726696
5.44988369404336
5.477278287664149
5.504947916718948
5.532895842948874
5.561060794058079
5.589486109770859
5.618178899416844
5.647063319580642
5.676357808078094
5.705760631097892
5.735581697851059
5.765658381198627
5.795971303509428
5.82650814458243
5.857240216036478
5.888444210206941
5.919846406199395
5.951617300059069
5.98340879660573
6.015659415559856
6.048214104541168
6.0810276017351175
6.114283794965785
6.147934966336794
6.181253317363163
6.215690765789927
6.249671381603169
6.284152244383626
6.319127920909303
6.354398503129611
6.389773613028038
6.425550561084967
6.462307844694608
6.498419632772858
6.535384667312471
6.572072708058579
6.610234889259412
6.648039195797712
6.68592216118453
6.72432653753478
6.763337147801597
6.802344373681485
6.840751533574544
6.880913334795583
6.921142836531131
6.961570161677475
7.001456055618625
7.043612981056676
7.085470129110828
7.127109732535466
7.16920213698855
7.211750372851534
7.253927582342991
7.295639263979653
7.340331877957235
7.384156753561558
7.427749565868152
7.47200650059177
7.518557421798343
7.562235391662152
7.606683293915448
7.6524993774948165
7.69876677393752
7.745099671419626
7.792559956044554
7.841842409816082
7.889373644691835
7.934545907134432
7.986447760347215
8.031534995600055
8.08445284658529
8.131426307567198
8.180114985759094
8.232670644541
8.284816286108512
8.336206817103987
8.38764422583545
