-696.2390051594963
-695.9612200883128
-695.1280085289713
-693.7392048075278
-691.7948842022055
-689.2950008751429
-686.239527932881
-682.6283810615491
-678.4615383852965
-673.7388779495245
-668.4603844680355
-662.6259117971608
-656.2354809291419
-649.2888541059302
-641.7860272867299
-633.7267492330102
-625.1109671332024
-615.9385625383401
-606.209389577303
-595.9232572916509
-585.0799378241226
-573.6792285684031
-561.7209269110513
-549.204933351788
-536.1308473224054
-522.4984991957274
-508.30760119950907
-493.5579761795014
-478.24918003234905
-462.3807926599853
-445.95274051732827
-428.9644402963602
-411.4156129422068
-393.3058104369556
-374.6346045803872
-355.4014399651044
-335.60589291129907
-315.2473059958456
-294.3252988563519
-272.8390210292914
-250.78786500296937
-228.17108643835257
-204.98787984162638
-181.23731548831563
-156.9184844584206
-132.0302430625126
-106.57142017726227
-80.54068454016726
-53.93641952159903
-26.756861280467508
1.0001319716574155
29.337181444664303
58.257800054145804
87.76689864762712
117.87638344059162
148.60893404770158
179.98727616335924
212.02916393305944
244.7463109984204
278.1454421657529
312.23043360700296
347.0029126914923
382.4631821957824
418.61083012675977
455.4447372106613
492.96356473591516
531.165603320396
570.0491340691354
609.6121440135836
649.8528483471408
690.7692275142697
732.3593469735093
774.621225297919
817.5530411537733
861.1527671396473
905.4187780216266
950.3490899311043
995.9419845579164
1042.1957139392196
1089.1086537236386
1136.6791727850211
1184.9056446795264
1233.7866042131388
1283.3204432368943
1333.50572503155
1384.3410971947199
1435.8251425221758
1487.956515119643
1540.7339208542303
1594.1561112163658
1648.2218099637041
1702.929847530063
1758.2790356797764
1814.2683231899928
1870.896484392914
1928.162575297542
1986.0654424571594
2044.6041395923505
2103.777602193058
2163.5849794495703
2224.0252595033294
2285.09749280372
2346.8008487094103
2409.134416809735
2472.097407871688
2535.6889403518417
2599.908258940066
2664.754513158397
2730.2269789757524
2796.3249196006514
2863.047573678644
2930.3942298837687
2998.364199062597
3066.956835817603
3136.17139507408
3206.0072919730205
3276.4638454366695
3347.5404424197686
3419.236488316458
3491.551377268715
3564.4845132103374
3638.0353291826705
3712.2033237961755
3786.9878803432925
3862.3884589730624
3938.404596419928
4015.035751771134
4092.281371393445
4170.141011994672
4248.614183242599
4327.700429479648
4407.399258968042
4487.710188924955
4568.632824869309
4650.166761533907
4732.311483380285
4815.066641604436
4898.43173772651
4982.406457983696
5066.990375855226
5152.183076251754
5237.984188478215
5324.393310992937
5411.410155187669
5499.0342752189945
5587.26531453117
5676.102991438665
5765.546924063273
5855.596751390998
5946.252164666206
6037.51282971923
6129.378451895979
6221.848669247439
6314.923171380081
6408.601737460541
6502.883957937171
6597.769661058207
6693.258420220638
6789.3500681892165
6886.044279142836
6983.340772683511
7081.239314611229
7179.739597717406
7278.841384740082
7378.544462787034
7478.848567574095
7579.7534841422985
7681.258986468118
7783.364940995239
7886.071132347816
7989.377431790464
8093.283627197405
8197.789637264223
8302.895240535689
8408.600521681221
8514.905296314852
8621.809709556499
8729.313659456866
8837.417288840905
8946.120691910533
9055.42399430752
9165.327524275326
9275.831590071231
9386.936551265728
9498.642959387073
9610.951565179183
9723.863151085949
9837.379028792582
9951.500359545511
10066.228841118174
10181.566628648476
10297.516398685495
10414.081644691427
10531.266794526508
10649.07769318717
10767.522185173573
10886.610872755298
11006.358311819225
11126.785607476186
11247.923661010336
11369.819757510291
11492.550708670298
11616.24827878792
11741.158213166074
11867.782183281173
11997.164314741365
12128.372662080812
12235.14768441447
12342.643177279184
12462.84388968962
12590.825001038738
12720.922315599539
12851.276670981808
12981.70637857452
13112.32303151908
13243.239205825786
13374.537291892177
13506.273387848716
13638.48574133728
13771.201351107307
13904.439077446748
14038.2131394441
14172.534037715166
14307.409874521185
14442.84695830252
14578.850006170873
14715.42253610265
14852.567272438811
14990.286102674496
15128.580415787987
15267.45139268842
15406.899924310972
15546.926650396359
15687.53221849927
15828.717259464856
15970.48207563184
16112.827090653233
16255.752584592687
16399.258671258238
16543.345796716145
16688.014027739817
16833.263389458407
16979.094218887312
17125.506496856986
17272.50053583935
17420.076309464686
17568.234046913665
17716.973869808036
17866.29586847212
18016.20029436572
18166.687119508177
18317.75658700819
18469.408585975252
18621.643175731333
18774.460524451817
18927.860671716648
19081.843623770306
19236.409188854705
19391.557615309066
19547.288868447093
19703.602692524655
19860.49926073042
20017.978582805827
20176.040455169863
20334.684874705392
20493.91183346758
20653.72129771366
20814.113273198782
20975.087589524723
21136.644027994
21298.783145309608
21461.504242108695
21624.807637732225
21788.693010063977
21953.161019155043
22118.21032797475
22283.84176656526
22450.055277508574
22616.850893775427
22784.228165876317
22952.187186700106
23120.727869670554
23289.85075650951
23459.555582790414
23629.840532284234
23800.707718604634
23972.157364082726
24144.186365056215
24316.799018891954
24489.991729724523
24663.764902578812
24838.12184709794
25013.059101602914
25188.576131983475
25364.67423261306
25541.35387741955
25718.61492281619
25896.457171280363
26074.880937741025
26253.88627124791
26433.47152363086
26613.63507776842
26794.380579088585
26975.71109133144
27157.616682174903
27340.105732361597
27523.175891393123
27706.82475167862
27891.055114789997
28075.868605258245
28261.255547326575
28447.230359722773
28633.785195188728
28820.915066737187
29008.625567584175
29196.91911648312
29385.794379919447
29575.24963559689
29765.284431601907
29955.898636300833
30147.09208613462
30338.865133128333
30531.219169506283
30724.1567147918
30917.67668070391
31111.77141252356
31306.439840839306
31501.6981260545
31697.5383205959
31893.94448087866
32090.947550002504
32288.516904264477
32486.67554665389
32685.40610488773
32884.72655520612
33084.611349871746
33285.09620821861
33486.14304963836
33687.7730807908
33889.99620422938
34092.78752445931
34296.15132037118
34500.10279071703
34704.64065187569
34909.7575877893
35115.45035448969
35321.72016931821
35528.568971944915
35735.99791299136
35944.00754540469
36152.59775940098
36361.768023936274
36571.51642482318
36781.84064889663
36992.74002592686
37204.219574931514
37416.28858232027
37628.94592764433
37842.17077173482
38055.959922022535
38270.34766149315
38485.32416251172
38700.84911814839
38916.9769805495
39133.68556088766
39350.948464830835
39568.82968794229
39787.24587297153
40006.28705453322
40225.86130966889
40446.062038018135
40666.79616407662
40888.147000396886
41110.06020231216
41332.53921804005
41555.63583363461
41779.27751460643
42003.49587103938
42228.326592662605
42453.72313909738
42679.67445247814
42906.215535277224
43133.356491897604
43361.0782960808
43589.36711247941
43818.22454630565
44047.659160469324
44277.67637332928
44508.27731720715
44739.4602585359
44971.22346665907
45203.56568496794
45436.486300963734
45669.98557860182
45904.064434112086
46138.724711361625
46373.96852530138
46609.79674299221
46846.20646907508
47083.189136178655
47320.73621122799
47558.85105568617
47797.55486673282
48036.86507798041
48276.760257692724
48517.19947531905
48758.20410385981
48999.83319870146
49242.04615291549
49484.78283327526
49728.13313774384
49972.094057395145
50216.56339595692
50461.667757686686
50707.34664796315
50953.55751723663
51200.428137238305
51447.787547657186
51695.81221879834
51944.34113790426
52193.51558041094
52443.207158317804
52693.54386291586
52944.38460531868
53195.893491767034
53447.88294951928
53700.54881681508
53953.722328459335
54207.496298489525
54461.893321310716
54716.78211351941
54972.32533478293
55228.446174858145
55485.07558772495
55742.349162098704
56000.222988192065
56258.606090570924
56517.577153172
56777.188230101754
57037.36890901814
57298.077200371816
57559.36013136911
57821.26343119304
58083.77179201378
58346.84646090937
58610.47117298179
58874.65898084946
59139.43120288807
59404.79939465388
59670.76220680689
59937.312455343665
60204.44312638984
60472.150350555276
60740.433078817805
61009.292242019255
61278.72889259899
61548.7445613264
61819.33976408992
62090.51467305589
62362.26883763654
62634.60130323834
62907.5104813964
63180.99512968853
63455.05514694695
63729.69274194613
64004.91379534167
64280.72667848795
64557.13816293431
64834.146001464665
65111.73334937214
65389.87660581551
65668.56605933054
65947.82496615677
66227.697523704
66508.1993514382
66789.28045768282
67070.87965505097
67353.02719537789
67635.81657258936
67919.24270513104
68203.18332233836
68487.64217594011
68772.76680380404
69058.51819220875
69344.73533646656
69631.54733073544
69919.05623013504
70207.03748451943
70495.57605835362
70784.83431333158
71074.5415901859
71364.84884412478
71655.84671932833
71947.2535084576
72239.38729131917
72532.04546555727
72825.23459729452
73119.14291498347
73413.44481898409
73708.52839326396
74004.00780840107
74300.2241629888
74596.9001374468
74894.24941396854
75192.11010400833
75490.61151138674
75789.63466673423
76089.31188390117
76389.47452862171
76690.34803048139
76991.63640105816
77293.7078383229
77596.13977817622
77899.3664294091
78203.01092631908
78507.31023280552
78812.23813322959
79117.58960956668
79423.73548646962
79730.29387196683
80037.46994722784
80345.35110523121
80653.61382189859
80962.58588309659
81272.19303037773
81582.19967849129
81892.91606821852
82204.28005592294
82516.05122586295
82828.4650223696
83141.59230575697
83455.17858453061
83769.27402334615
84084.0928378105
84399.53034539038
84715.416023409
85031.85586736814
85349.00104843316
85666.7719780716
85985.02639431984
86303.79168377929
86623.20084842449
86943.28531737873
87263.9533906055
87585.12485176718
87906.81971704811
88229.11938707306
88552.07104179291
88875.65247833128
89199.80749380126
89524.49758263463
89849.72387280027
90175.51735034506
90501.91204740721
90828.92502889707
91156.5530750976
91484.78147921106
91813.59337287812
92142.97667810558
92472.92668665615
92803.44442253864
93134.53435015633
93466.20215892745
93798.45233277773
94131.28817967516
94464.71190710638
94798.72397121042
95133.32416791355
95468.51167112727
95804.28647174625
96140.6485824213
96477.59743600285
96815.13347506971
97153.25716704865
97491.96891160056
97831.26973196786
98171.15962982702
98511.6382481721
98852.703845802
99194.35310902761
99536.58137503052
99879.38257820414
100222.75182863981
100566.68730300084
100911.19279418942
101256.27930167143
101601.96365840138
101948.26314721303
102295.18735081791
102642.7276882697
102990.85508480758
103339.53173605785
103688.7350806245
104038.47909433155
104388.81438742386
104739.79807436948
105091.44518646777
105443.69997485405
105796.47452932912
106149.73729142928
106503.55934170174
106858.05336877689
107213.2446752185
107569.01580142853
107925.24288442663
108281.973735348
108639.38281120226
108997.52456283856
109356.2200509067
109715.32826793879
110074.99869775088
110435.43901454312
110796.53206154109
111158.02037361123
111520.01294517473
111882.79744334157
112246.24581809499
112610.0499461112
112974.40696831136
113339.60628340219
113705.34439347823
114071.42017606097
114438.24821589331
114805.8418199067
115173.74473883875
115542.22946774715
115911.59619177433
116281.33166543698
116651.52999151206
117022.65201367259
117394.17829242248
117766.12806410181
118139.02521215708
118512.28821087706
118886.02512932375
119260.71263405023
119635.65854282425
120011.24690559282
120387.6855356321
120764.30196993377
121141.8218607319
121519.88618047412
121898.28977292961
122277.70643029515
122657.30168023841
123037.71570534604
123418.75138279698
123800.09645123842
124182.46832717866
124564.95914129577
124948.42461778427
125332.2608821463
125716.7007599587
126101.91485113169
126487.37243798065
126873.8747960994
127260.4601365102
127648.1431020194
128035.94641406523
128424.74407503766
128813.80674544147
129203.70026211963
129594.0234271125
129985.02712466825
130376.58987891923
130768.72801985867
131161.50439353523
131554.8044878153
131948.76823765514
132343.25884733995
132738.37761590205
133134.09072247645
133530.33768282083
133927.29924018562
134324.6498120992
134722.88167324604
135121.32423281073
135520.82177160578
135920.38106813192
136321.09639303593
136721.84783526426
137123.68191753884
137525.74241569583
137928.57874497832
138332.04303970048
138735.83657934208
139140.6731036049
139545.54624214303
139951.54828230935
140357.76115664627
140764.68285691072
141172.38958544523
141580.23894710818
141989.2364198848
142398.37191726617
142808.2688648706
143218.9556705777
143629.75514535146
144041.6791648876
144453.88967846072
144866.60383876643
145280.34880411625
145694.16518425
146108.84499720237
146524.28628683716
146939.8313555368
147356.41665422532
147773.5417129232
148190.87715218586
148609.3005506769
149028.15115597818
149447.28224892027
149867.49904606535
150288.1299309448
150709.03959852175
151131.01455176855
151553.47897080018
151976.15996983967
152399.8462422588
152824.183277047
153248.66876730957
153674.00361233982
154100.20533025157
154526.5862024798
154953.53249821073
155381.49867345716
155809.87925874948
156238.51952946998
156668.07504557152
157098.43062841846
157529.0025488375
157960.08189237583
158392.1514113922
158824.81470473227
159257.69040733384
159691.21983622503
160125.7108593773
160560.71927361554
160995.9700770955
161431.8917663079
161868.75430925286
162306.17229045616
162743.84827001422
163182.1065609063
163621.28571555746
164061.15018399892
164501.3264727546
164941.92360503584
165383.33556475068
165825.5916021292
166268.3429345344
166711.4067154778
167155.02854797055
167599.5011347811
168044.74533726976
168490.4525301269
168936.50468881105
169383.11976264542
169830.5502772211
170278.76446509347
170727.51364843262
171176.6342474983
171626.22804182488
172076.53277666686
172527.6491384446
172979.4507129487
173431.7326810586
173884.41654786133
174337.6163562769
174791.51799802497
175246.20081558506
175701.58127153045
176157.50170500652
176613.8617452552
177070.69186030622
177528.1207491884
177986.26850111916
178445.15984022612
178904.72046046462
179364.83795530617
179825.43518590622
180286.5130082659
180748.14355438677
181210.42081455482
181673.40463465455
182137.09315057882
182601.43374462536
183066.35498266705
183531.80103012905
183997.75362731097
184464.23586133748
184931.29793149774
185398.99354178735
185867.3583533157
186336.4000171262
186806.10043941945
187276.42616523046
187747.34100530384
188218.81645231083
188690.83791298835
189163.40683963543
