2.0907377828499934e-5
0.0008131359108574351
0.001605400614170147
0.0023977392043157512
0.003190187308560215
0.003982782360294704
0.004775560079068861
0.005568559507887962
0.006361815210119596
0.007155366432052547
0.007949249400246708
0.008743501950662263
0.009538163119290838
0.01033326733654965
0.011128857050044606
0.011924968348690227
0.012721638110058027
0.013518907749242757
0.014316819381637192
0.015115408676125574
0.015914716199382697
0.01671478419147791
0.01751565352751181
0.018317365526010328
0.019119960533414294
0.01992348411612261
0.02072797813518016
0.02153348335641373
0.022340049018782594
0.02314772254940596
0.02395654327391036
0.024766558050364082
0.025577812135523858
0.026390354623332567
0.02720423508338592
0.02801950008083965
0.028836199655130106
0.029654390900557683
0.030474119934136578
0.03129544222568478
0.0321184131097604
0.032943087285297795
0.033769172877536745
0.03459722018396956
0.03542721540548786
0.03625915029526029
0.03709308618212523
0.03792908439862267
0.038767210287943256
0.03960752566411836
0.04045010648488066
0.041295017456014806
0.042142333266045044
0.042992131588438835
0.04384448595212184
0.04469947793010502
0.04555718919749321
0.04641770928000833
0.047281119444740644
0.04814728858975186
0.04901664658119657
0.0498892398843887
0.050765114108692055
0.051644375133740365
0.05252710493335466
0.053413446669576675
0.05430352162695106
0.055197452337450735
0.05609536653772957
0.05699739157342636
0.0579036759101422
0.058814369499695644
0.05972954782939394
0.06064948135859148
0.06157431184223046
0.06250422353452366
0.06343942226909383
0.06438009709975807
0.06532646925735136
0.06627875711788173
0.06723716896991569
0.06820202219907646
0.06917358517461221
0.07015215313614657
0.0711380504740707
0.07213162717352513
0.07313326077362757
0.07414335479516412
0.07516235815282252
0.07619077047005159
0.07722913226448057
0.0782780071609107
0.07933809725487254
0.08041010428656906
0.08149487279297904
0.08259334565080208
0.08370667034916526
0.08483611420195503
0.08598320857231113
0.08714980360159841
0.08833810843715977
0.0895510074204398
0.0907923741836817
0.09206761361881188
0.09338525616185614
0.0947627860047541
0.09676549236209238
0.1014966555768973
0.10848697556198945
0.11683679444228373
0.12585646105160114
0.13505684612302463
0.14413796465172093
0.15293826306785996
0.16138477575989607
0.16945660920917277
0.17716144164942993
0.18452148342820712
0.1915654727691042
0.19832389351337965
0.20482655753115114
0.2111014949027065
0.21717406514710952
0.22306758108050675
0.228802753180225
0.234397633240876
0.23986876727081663
0.24523122670328187
0.2504973392299348
0.25567866916744664
0.26078582813543655
0.2658273681272522
0.2708101807308191
0.275742919051071
0.2806322219349737
0.28548392187163085
0.2903033922114579
0.2950954552474064
0.2998644502688147
0.30461434947220656
0.3093487726947156
0.3140709840622909
0.31878417805699055
0.3234900786037264
0.3281920026689679
0.3328920035553983
0.3375925483575993
0.34229507664230335
0.34699838384837123
0.3517098736632127
0.3564248526483154
0.36114693567581974
0.3658778782630139
0.37062126522922145
0.37537755247240584
0.3801476437827326
0.38493243162352814
0.38973273178878626
0.3945494498584135
0.39938062675591324
0.40422990237996154
0.4090973776570311
0.41398364892112555
0.4188892067555962
0.42381456427395187
0.42876020723724984
0.43372657863971287
0.43871405716978473
0.44372298743993766
0.4487537793273119
0.4538066695904335
0.45888199144218916
0.4639799961368009
0.4691008631563016
0.4742448324851162
0.47941211578137877
0.484602840598651
0.48981717627743016
0.49504882104304965
0.5002998036241187
0.5055755716071423
0.5108750568558013
0.5162025361007315
0.5215559184213797
0.5269389583541582
0.5323365522666775
0.5377616359912991
0.5432094398689142
0.5486829348769248
0.5541815552766335
0.5597049974206851
0.5652535208890217
0.5708266293675313
0.5764247489046603
0.5820454725523345
0.5876898679777742
0.5933676630654494
0.5990675182664984
0.604790778767955
0.610537756060787
0.6163084766353335
0.6221028512521934
0.6279209585675046
0.6337628284579838
0.639628483804183
0.6455180278862922
0.6514316955439965
0.6573693755948067
0.6633309651291669
0.6693165265908335
0.675325997777428
0.6813594437036996
0.6874166472290386
0.6934975445550932
0.6996019654046582
0.7057295720744923
0.7118801581405975
0.7180542762227691
0.7242517818025233
0.7304722832060775
0.7367157722044393
0.7429821080284549
0.7492713119821002
0.7555830983218287
0.7619174267699398
0.768274194298597
0.7746532669012169
0.7810545928689432
0.7874605701904112
0.793886121813004
0.8003358050517198
0.8068132395602767
0.8133199137371195
0.8198410123731306
0.8263900709802698
0.8329632391151874
0.8395607433519746
0.8461783839436533
0.8528136246583312
0.8594735547747021
0.8661549660396388
0.8728556459256829
0.8795796830510801
0.8863284250776043
0.8930954901112306
0.8998816203895863
0.906687782667486
0.9135136278443734
0.9203593781380042
0.9272252742446123
0.934111088054097
0.9410168455104321
0.9479427594477141
0.954888635913007
0.9618546971826624
0.9688405982774037
0.9758463650979938
0.9828720177459678
0.9899178153805182
0.9969831928884433
1.0040684426374757
1.0111736382323302
1.0182983252619997
1.0254429397148939
1.0326070288729703
1.0397907214892774
1.046994019979599
1.0542170375886524
1.0614593965533783
1.0687213189980518
1.0760024437057851
1.0833028005794771
1.0906226993906163
1.0979617412449199
1.1053198158096549
1.1126970484748184
1.1200933963354436
1.1275086803199568
1.1349429301831908
1.142395980600556
1.1498679127361788
1.1573587536195322
1.1648682988931942
1.1723964402477067
1.1799429630508491
1.1875080024237163
1.1950914770823102
1.2026931285262927
1.2103130822156385
1.217951032780433
1.2256070385805533
1.2332808579549996
1.2409728319971336
1.2486826608007238
1.2564097081086374
1.2641550862278803
1.2719184075519365
1.279699130871532
1.2874973127878715
1.2953122535103359
1.3031436622833836
1.3109926952219728
1.3188584853322136
1.3267414552579475
1.3346414291199198
1.3425586401034928
1.3504926026429216
1.3584432766706005
1.3664106973507761
1.3743991223980638
1.3823973510108476
1.3904276325695677
1.3984596416629176
1.4065177344138626
1.4145724059693494
1.422659247743117
1.4307550040608068
1.4388738868431743
1.4470282297550372
1.4551827592488376
1.4633901592858505
1.4716045148064747
1.4798569082714343
1.4881366674246046
1.4964191808407583
1.5047588045176417
1.5131307399115117
1.5215496819140892
1.530018203690601
1.5385393120825612
1.5471170522573563
1.5557568241001782
1.5644459010863019
1.573212676882083
1.5820634465563514
1.591008310007475
1.6000598989752874
1.6092330377715673
1.6185459982737518
1.628019944565263
1.63768143078833
1.6475620486031868
1.6577006687263522
1.6681454601280508
1.6789562264827287
1.6902079420024734
1.7019957434104096
1.7144415886106463
1.727704191561897
1.7419922954923122
1.7575862487123588
1.774868111145849
1.7943700000217144
1.8168582836310518
1.8434635937357031
1.8759230764644061
1.9170437286671675
1.9716982998673465
2.049133693758985
2.169602669072225
2.390485451777847
2.964262296693342
4.525651410920188
6.870659129798914
9.56247482444162
12.361274371385175
15.106954056098425
17.640347375179957
19.726976663698363
20.936043116299757
20.521140892567832
17.786290394983116
13.517191222316098
9.729598562521486
7.222105161709897
5.695699488297385
4.754299488500947
4.1488053988579185
3.741801626736806
3.457345162643498
3.2515260931604972
3.0984307248240452
2.981789587409058
2.8907577113793677
2.818294123711144
2.759415685138958
2.710480286638978
2.6691026284367227
2.633602743030704
2.603016216695388
2.5765931876881916
2.5541103851227995
2.535305614931022
2.5202348373601207
2.508451372976902
2.499936302095012
2.494400653636611
2.4916039644813006
2.4914450467046505
2.493544290593273
2.4977078254607457
2.5038715192082823
2.5117335681810617
2.521252221433664
2.532271239679739
2.5445644367081375
2.5581873738478222
2.5727011342721093
2.588330413900351
2.6046943683809456
2.621706515716387
2.639275158458155
2.6572868597854975
2.675586583396699
2.6940959128071107
2.712746945970292
2.7314630279106757
2.7502036762885056
2.768927010879877
2.7876178188689424
2.806311756655263
2.8249758461152457
2.8435729856043928
2.8621814628169044
2.8807862648584748
2.8994127888677808
2.9180832906690393
2.9368401161489395
2.955632031001694
2.974561068298406
2.993572129510394
3.0127244240406172
3.0319630966594393
3.051393165591287
3.0709531522580935
3.0907426285739668
3.1106857870500333
3.1308349192256277
3.1511486090088763
3.1716055951905333
3.1924566189210686
3.213272129348044
3.234525355912489
3.255949270388011
3.2775046889509847
3.299243597905776
3.3213783040163043
3.343779943794358
3.366257681095427
3.388717178667946
3.412085873002948
3.4349219934979467
3.458730093197838
3.482407247445422
3.5061170286264454
3.5301495587745544
3.5545249049340732
3.579271980791735
3.604565592244837
3.629883315816863
3.654482100970802
3.6807245635352195
3.7061382387389203
3.7329754502261276
3.758289617078875
3.785309628921023
3.812970034656405
3.840258149002546
3.8676242977831983
3.8952933251142863
3.922959010875819
3.9501044069095417
3.977816621396149
4.008140643463888
4.035970789084714
4.065427643274217
4.094369129411536
4.125456746847656
4.153091776940236
4.183772088555456
4.215834387120488
4.2470923668143925
4.2780179857910765
4.309289560233902
4.34089635035798
4.37204290363154
4.40192589357704
4.433274279821724
4.469163324182755
4.500284205626547
4.5324949205200395
4.567735639364687
4.599758247929205
4.63293215931885
4.670772594880184
4.701699081339347
4.734398178836827
4.771146872566594
4.808461558559541
4.844931904749453
4.880847388254828
4.916242155338911
4.950661315589067
4.984324628551083
5.020704524784675
5.06278278121119
5.100760491827621
5.131869769622325
5.176746377500329
5.2098651028976946
5.252280771131941
5.285966141340474
5.332450074412053
5.363423400459724
5.4057454853494775
5.451611311687102
5.488163811343848
5.52326184898073
5.562456533025412
5.604324579592413
5.646508608714939
5.687913924383656
5.728473887011111
5.769283470349063
5.813076654119482
5.861898101088979
5.909841266696682
5.946107094178547
5.983525024730394
6.0392386704690955
6.076830092151826
6.119454658745342
6.171305275247263
6.207073731481778
6.260195534675043
6.3028701870167945
6.342616657801403
6.402638065300314
6.438836549009736
6.479314715848846
6.536777931235599
6.590726270552489
6.6345143287076835
6.675404200030864
6.718750772469606
6.765069795874479
6.813171269302433
6.86248256403503
6.913676671053905
6.968173379621816
7.025973505865692
7.081685964826983
7.126060726830955
7.162851458720512
7.216798582272188
7.285770269107076
7.325132261624055
7.3693859146652745
7.443065363773322
7.472037414792469
7.545087171247412
7.581414469599715
7.651742702177127
7.685356267780429
7.764596440029935
7.79347843898487
7.86240500768345
7.926244774872203
7.957911264232639
8.020832457962932
8.096226592467795
8.1473038719271
8.18671598021173
8.23628056796818
8.29828727509975
8.364926746131621
8.430301543697745
8.492807007031654
8.552906190583872
8.611033752477276
8.666785135046686
8.719296468123385
8.769122164048204
8.820998688526288
8.883999761394193
8.962345309306494
9.039613876988387
9.088686524375602
9.12523598474648
9.201960452605872
9.28810721937899
9.318715433072509
9.387122505313945
9.475473752316274
9.49925100617059
9.60227870500425
9.634887482429077
9.724096530609343
9.76687797762482
9.857300189786843
9.88979677570008
9.99777913046649
10.019437124258674
10.116288840898779
10.185889014263388
10.216792692596496
10.318875831588556
10.396413793737844
10.426972944614812
10.494023508713434
10.59572944154352
10.676855923308722
10.7263557358953
10.77182959391959
10.833265645984943
10.910389257606015
10.994203660951506
11.077414905771342
11.157129467544655
11.23325113775995
11.306398192691375
11.376700296341829
11.443541074449014
11.50614901665724
11.565448253002636
11.626450370707735
11.698726398260987
11.790661252895054
11.895796805853807
11.985293953910567
12.034778643524279
12.074132782670972
12.165561552836909
12.288034623905588
12.343263585286865
12.377026005089272
12.502973897743205
12.587948603939362
12.609705038996422
12.74856974899874
12.800366352040708
12.863831849211131
12.992552443733226
13.005494563105984
13.160033055147744
13.165066531015881
13.322291304483102
13.326604337488806
13.48580891417177
13.49489555589467
13.634629409896103
13.691650773944072
13.754780658622947
13.901303977899325
13.911907956944457
14.026161427115884
14.152272851129647
14.16783472635247
14.262909911826794
14.410521273559224
14.46689613526542
14.499509004405667
14.608696989847209
14.749966006761225
14.842336263867884
14.887108297478415
14.937710629710056
15.025240641643364
15.14193479047013
15.264529722173902
15.376325328492666
15.473439072599145
15.559987812945208
15.642107562261348
15.724791604863876
15.810473885234606
15.900562769853158
15.99538867543191
16.094673190587184
16.197120162419438
16.29976888500094
16.397305378353813
16.483030421325644
16.55248202586184
16.610079513242095
16.67378264797146
16.768968855740972
16.905929956145062
17.05455031941339
17.15626305359388
17.194089355902854
17.244597688465465
17.38755640810481
17.553436303612273
17.60968459221323
17.636576792280987
17.79802072388725
17.94991874150551
17.954003160491993
18.070702960825386
18.255690565879288
18.25358462471285
18.39134694029397
18.548180464732493
18.5392953672015
18.756175404742393
18.78276799528797
18.908130996718302
19.04195159672437
19.076749862867523
19.27711416256073
19.27159124842623
19.494930842533403
19.481167148129487
19.70340876580432
19.704327702936908
19.895742753877894
19.953505128145064
20.06080065648113
20.229029017404518
20.224934470084627
20.468498193499205
20.475717781480192
20.599963988772412
20.797330301079235
20.778205931555956
20.953711843869836
21.128570226137942
21.116421394850946
21.26279159468049
21.475624176772573
21.503890866169467
21.551722110407397
21.760726749344105
21.92971487337486
21.957049875568128
22.00513648893392
22.178285297424
22.381956615681506
22.49658622393456
22.53392507806419
22.588410541703002
22.71618294942769
22.897930890582742
23.079115883755495
23.22041467161282
23.31755110033316
23.390276297919264
23.46216906965256
23.548161723093543
23.65250687620708
23.772337789561025
23.901916090187264
24.035663990934477
24.169411978242035
24.300567835901262
24.427756082575947
24.550420879963035
24.66859115553838
24.782906918729598
24.894994222658973
25.007855366276097
25.126261114519615
25.25632860676657
25.40392088152274
25.571240808716738
25.752305483338585
25.929832757740773
26.078450575835564
26.17834048994632
26.23560982101465
26.292391886356608
26.406852073092015
26.603802726280136
26.831836198666032
26.988400829033502
27.03245528606017
27.065495029877532
27.226347609126343
27.48678350927967
27.647861282583065
27.6519119952095
27.72918562537006
27.99789175616263
28.192836547560262
28.178025552073237
28.290206733373836
28.593858476112967
28.67676208685773
28.673865678694526
28.964783519948877
29.126605501152387
29.089551318341268
29.379533688522738
29.534501690756205
29.507291491569376
29.84295548527198
29.891536516719768
29.97196824997737
30.294859875454517
30.221640997513703
