-2765.2540496097
-2764.98297583813
-2764.169767588967
-2762.814391838158
-2760.9168834570482
-2758.477183148377
-2755.495364344726
-2751.971334233819
-2747.9051119322216
-2743.2966902809767
-2738.1460538016563
-2732.453193991352
-2726.218055797299
-2719.4406441065476
-2712.120888225406
-2704.2589092103863
-2695.854518836226
-2686.9077855806177
-2677.418604886737
-2667.386984241497
-2656.8128907685295
-2645.6962528958206
-2634.037112985704
-2621.8353694824114
-2609.0909509605367
-2595.8038687250455
-2581.974012493368
-2567.6014867021504
-2552.6860782659846
-2537.227750059581
-2521.226499412614
-2504.6822623142953
-2487.59495907984
-2469.964564104004
-2451.7909314616595
-2433.0740715978504
-2413.813892571223
-2394.0102991309395
-2373.663242779687
-2352.772646513765
-2331.338384629872
-2309.3604753667096
-2286.838975661393
-2263.773497884845
-2240.1640010644414
-2216.0104272063504
-2191.31269669445
-2166.070637764162
-2140.284269767221
-2113.9533980477513
-2087.077951440837
-2059.6577971950496
-2031.6928431841425
-2003.182928817361
-1974.1279768446127
-1944.5278168270597
-1914.3823586336473
-1883.6914178991744
-1852.4548788290779
-1820.6726824249263
-1788.3446364459921
-1755.4703730504461
-1722.0499397678727
-1688.0831122363495
-1653.5697520540061
-1618.5096315543515
-1582.9026162541709
-1546.7485064377267
-1510.047102625948
-1472.7982307459654
-1435.001602460524
-1396.657075102451
-1357.7645207804853
-1318.323505110863
-1278.3339381756186
-1237.7954829433118
-1196.7079078501758
-1155.0710008550798
-1112.8844150718546
-1070.1478770733922
-1026.8610966461763
-983.023833217791
-938.6356172956556
-893.696210427361
-848.2052090725832
-802.1622909681903
-755.567019914068
-708.418999261165
-660.717811977103
-612.4629455847373
-563.6539849118149
-514.2903999002693
-464.3716908198887
-413.8972077944839
-362.86639536263647
-311.2785757687668
-259.1330170308785
-206.42903300618843
-153.16569579049207
-99.34208281055822
-44.95725498371242
9.989986716948758
65.5009788097187
121.57725665727934
178.22070893274025
235.4337953315323
293.2206348805604
351.5912220805061
410.5598191569026
470.14084210267663
530.3468324121499
591.187605929035
652.6706881302048
714.8011749174894
777.5832828654184
841.019494001934
905.1120136332601
969.8620637785327
1035.2705575088532
1101.3379588939297
1168.0645865770614
1235.4503913786818
1303.4953321465512
1372.1990389633643
1441.5611092794813
1511.581107267369
1582.2584346304213
1653.5925535736744
1725.5828600812677
1798.2284110155458
1871.528644136437
1945.4828490724235
2020.0901597958366
2095.3498805821714
2171.2611157801393
2247.8231823102265
2325.035187778375
2402.8964683068148
2481.4059489442984
2560.563138510865
2640.366897959308
2720.816699560997
2801.9117917523504
2883.6511150774345
2966.0341266537857
3049.059897737385
3132.7277761106047
3217.036917458173
3301.9866495615192
3387.576155057536
3473.804762746309
3560.671835317379
3648.1764364830824
3736.3181682559607
3825.0959797866667
3914.50953166753
4004.557947055884
4095.24064646552
4186.556961104858
4278.506228009436
4371.087898046467
4464.301298649158
4558.14568271737
4652.620674049638
4747.725510039788
4843.459715343102
4939.82261456149
5036.813665889332
5134.432278426091
5232.678099661615
5331.550375923507
5431.048638472434
5531.172402614825
5631.921044981683
5733.29420317899
5835.291334587174
5937.911813692405
6041.155295299326
6145.021304357142
6249.509287251729
6354.618883890531
6460.349481154994
6566.70081351991
6673.672317094548
6781.263619586708
6889.474203025073
6998.3037057557085
7107.751670142156
7217.817788532679
7328.5015799456
7439.802605272044
7551.720590189584
7664.255113521977
7777.4057334354675
7891.172175931545
8005.553928050128
8120.550733839808
8236.162232797065
8352.38800547638
8469.227804285163
8586.6812358857
8704.747924893612
8823.427631095177
8942.719921018046
9062.624480400598
9183.14110372769
9304.269353685271
9426.009009270669
9548.359745076612
9671.321178297309
9794.893177160462
9919.075312291676
10043.867256260834
10169.268925556456
10295.279873302206
10421.899919829953
10549.128635178651
10676.966044309189
10805.411597096288
10934.465119232604
11064.126444179157
11194.395182107506
11325.271165478496
11456.754196529964
11588.843918993183
11721.540158761749
11854.842618877168
11988.751132615502
12123.265477863355
12258.38536206169
12394.110621793316
12530.441002527079
12667.376237780176
12804.91621141735
12943.060642814487
13081.809357706932
13221.162119990828
13361.118737380579
13501.679028544813
13642.842805795168
13784.609815646554
13926.979910400123
14069.952864866214
14213.528522084787
14357.70668514373
14502.487227767548
14647.869831475506
14793.854367921815
14940.440857178655
15087.628828009569
15235.418279160212
15383.809012751231
15532.800877543827
15682.393668100665
15832.58713291449
15983.38120817965
16134.775832381378
16286.77060016792
16439.365667248214
16592.560673474243
16746.355475690998
16900.750099038192
17055.744179741836
17211.337668996122
17367.53046301495
17524.3223546976
17681.713208792757
17839.702879122557
17998.291299772638
18157.47829499551
18317.263740917377
18477.647425517738
18638.629327037346
18800.20933232262
18962.38718849995
19125.16285498145
19288.53625552397
19452.507163985825
19617.075511561226
19782.24117910282
19948.00401662027
20114.363974943146
20281.320980345772
20448.874788550864
20617.025344684298
20785.772539383808
20955.116258916976
21125.056351029332
21295.59288106492
21466.72553985499
21638.454409208498
21810.77923932669
21983.70003924662
22157.216545762458
22331.328907451814
22506.036869753734
22681.340348182624
22857.2393041841
23033.733617845475
23210.823193706892
23388.507903099136
23566.787764853812
23745.662620315117
23925.132344879927
24105.196955168245
24285.856221477334
24467.11017612676
24648.95877653585
24831.401880083373
25014.439402986434
25198.07120682496
25382.297291526953
25567.117581026963
25752.532056344233
25938.54059230647
26125.14307393393
26312.339522854745
26500.129665029617
26688.513764274376
26877.491553802432
27067.06288297137
27257.22789907851
27447.98645007523
27639.338625234413
27831.28422307311
28023.823314715115
28216.955910917623
28410.682000522615
28605.001525450236
28799.914608691364
28995.421098784405
29191.52135999899
29388.215118709493
29585.502652829364
29783.384048761956
29981.85933575259
30180.9288725184
30380.592734683265
30580.85121241811
30781.704621527704
30983.15323958233
31185.197418929896
31387.837841308567
31591.074962250237
31794.909706597657
31999.342595335947
32204.374855376976
32410.00781959356
32616.24298312814
32823.08210238705
33030.527913343256
33238.58337387479
33447.25214267453
33656.539658170186
33866.45279832517
34077.00079622853
34288.19745346802
34500.06246111679
34712.62739336499
34925.94593999508
35140.121061103586
35355.33803996318
35571.2726979372
35787.158375718376
36002.85564256532
36218.37422474797
36433.71098913016
36648.82192765586
36863.623443126184
37078.05387176043
37292.35159831995
37507.66748078814
37725.74707475821
37946.68398485593
38169.17554893925
38392.37174867445
38616.011005042354
38840.05821780607
39064.53752367863
39289.480161800195
39514.91329992938
39740.8577768109
39967.32942626121
40194.34048891033
40421.90016292803
40650.015500044916
40878.6925666362
41107.93568218232
41337.74908551234
41568.13551793017
41799.09760344436
42030.63718682057
42262.75558116792
42495.453869936304
42728.732728117764
42962.59295175484
43197.03491402929
43432.058793605494
43667.66522443641
43903.85437510422
44140.62661196175
44377.98209876606
44615.92102142769
44854.443790740435
45093.55024482255
45333.24071693677
45573.51527439623
45814.37402912933
46055.817155130375
46297.84467090987
46540.456719731905
46783.653346247054
47027.43474254608
47271.80078658653
47516.7519303283
47762.288154781774
48008.40955580164
48255.11633815791
48502.40852836021
48750.2863598055
48998.74980911674
49247.799006880814
49497.43398949825
49747.65488468823
49998.461636101834
50249.85442210904
50501.83328064419
50754.39810252563
51007.54901223608
51261.286058200654
51515.60927556066
51770.518571553555
52026.01406330635
52282.09575927055
52538.76360206109
52796.0176219412
53053.857876857044
53312.284221669346
53571.29695622753
53830.895639484756
54091.08068863619
54351.8519229723
54613.209479894525
54875.15304793963
55137.682950678165
55400.79907687575
55664.50141943425
55928.79009876654
56193.66514237593
56459.12601566213
56725.1733612621
56991.8069813543
57259.02708327144
57526.832799786636
57795.22511616463
58064.20396751278
58333.768920016206
58603.919977710786
58874.657491326645
59145.98187853248
59417.89203360617
59690.38788933749
59963.47162346241
60237.13987779219
60511.39557851151
60786.23827626401
61061.66624778323
61337.6803173521
61614.281013494314
61891.46851875544
62169.24276112586
62447.60319242085
62726.54848899952
63006.08103284575
63286.20228136645
63566.90576406199
63848.20042527029
64130.0773556703
64412.542662979424
64695.5964127195
64979.23455103193
65263.45833816799
65548.26906011713
65833.66705195901
66119.65210871944
66406.22447965965
66693.38249798187
66981.12412974657
67269.45464926709
67558.37578656463
67847.87586703134
68137.97101602844
68428.64426954737
68719.91337622206
69011.76211415672
69304.19774411734
69597.22557448465
69890.83945923523
70185.0378502502
70479.822480362
70775.1945411078
71071.15427064925
71367.70098207032
71664.83275351081
71962.54848148017
72260.85406955866
72559.75403137346
72859.23251049011
73159.29730717865
73459.95874982678
73761.1932895753
74063.02972068916
74365.44177618474
74668.44381329221
74972.04215202549
75276.21600741384
75580.97592052077
75886.32993788194
76192.27391970511
76498.8040180971
76805.91991278593
77113.62211235586
77421.9105774266
77730.78458655966
78040.24444325303
78350.29441288774
78660.94034990942
78972.17408585816
79283.97987624086
79596.38025387004
79909.3818428727
80222.94575719173
80537.12416186127
80851.8654408059
81167.21986480868
81483.13372832342
81799.66449978604
82116.76470996645
82434.44789558694
82752.74003194507
83071.61423561
83391.06296332886
83711.09975714574
84031.73112815486
84352.95453764814
84674.76645841684
84997.16502892337
85320.14987776251
85643.7213037839
85967.88105520574
86292.63304517264
86617.98104056813
86943.91968358282
87270.43249878674
87597.52124249302
87925.22038317997
88253.51855075228
88582.36911655791
88911.83738289436
89241.89117763576
89572.51311712472
89903.75864386762
90235.5530841733
90567.97398977325
90900.9579558435
91234.53373297042
91568.725862096
91903.46230669075
92238.81320035542
92574.77256562136
92911.29186618142
93248.38993742046
93586.09542052305
93924.40374316579
94263.30010606264
94602.77879187619
94942.84187269871
95283.49305965031
95624.73488049133
95966.56820677723
96308.99268533019
96652.0064040401
96995.60563211101
97339.78667934606
97684.55194416914
98029.91549136514
98375.89190569153
98722.46500955448
99069.5947733391
99417.29991676242
99765.64394186337
100114.56977025743
100464.03546731072
100814.15763580592
101164.83343985732
101516.09189239536
101867.98493831904
102220.40284362057
102573.48667390955
102927.08475891827
103281.34206070994
103636.14232809936
103991.54377603595
104347.57475453426
104704.12086023457
105061.32344601222
105419.1171063439
105777.44143696893
106136.39265323758
106495.97315074742
106856.11445916258
107216.813587952
107578.11266900944
107940.02956156594
108302.55169574094
108665.6627708821
109029.3563372331
109393.63407781487
109758.50022841166
110123.95823568916
110490.00989767401
110856.65570571816
111223.89470181253
111591.72435663581
111960.14056189307
112329.13912629485
112698.72086871167
113068.89743850933
113439.68861968812
113811.1008742322
114183.10205945262
114555.64851413191
114928.76481394956
115302.53143443698
115676.9224707667
116051.8259019802
116427.32356456971
116803.50628946045
117180.19305293962
117557.47518911898
117935.43888221709
118313.86526906706
118693.00535396957
119072.65662954656
119452.93982946759
119833.81160340903
120215.26336489858
120597.32353993619
120979.97846108401
121363.19298623291
121747.08105842581
122131.43724188452
122516.53458555369
122902.10901150567
123288.30367386214
123675.17591820534
124062.5159613574
124450.49694585873
124839.15212911527
125228.3106686012
125618.03038175112
126008.43022757863
126399.44920854994
126790.99825231524
127183.10093276076
127575.82745454632
127969.19635159163
128363.17658446713
128757.73550651725
129152.86334143038
129548.56872069623
129944.86400446022
130341.75839260565
130739.25466318885
131137.35233483397
131536.0494261842
131935.34455210067
132335.23733700637
132735.72854730114
133136.82007983798
133538.51418307493
133940.81148593166
134343.70881148207
134747.196672718
135151.26108580426
135555.8928835853
135961.10202482622
136366.92309692467
136773.39214003336
137180.49895411354
137588.16904483637
137996.35481164424
138405.13066850227
138814.6033816478
139224.70434007037
139635.28087214244
140046.43703601108
140458.33691133073
140870.77844938452
141283.69198246364
141697.3684004418
142111.61330755806
142526.31406903494
142941.8199664282
143357.78308671774
143774.344498768
144191.63841321916
144609.31105142288
145027.82828124575
145446.7115222196
145866.39009199702
146286.50641646903
146707.35454016848
147128.6787435863
147550.7306558803
147973.2276521071
148396.51446716234
148820.16695423884
149244.68085414404
149669.53591071218
150095.18648137787
150521.36466903592
150948.05232613182
151375.5573115528
151803.4314695946
152231.99620732013
152661.27830838517
153090.93987998096
153521.30085181908
153952.38823246662
154383.89308363656
154815.98229673345
155248.8457007825
155682.27308427187
156116.15020089937
156550.6626832353
156985.90936518466
157421.7591348239
157858.09829314062
158294.98082314798
158732.5213112323
159170.74736731395
159609.59846008592
160049.00854224904
160488.95956060974
160929.47838216895
161370.60341302576
161812.35809518478
162254.74514481382
162697.75452836932
163141.37359049066
163585.59267636834
164030.40696697304
164475.81538993973
164921.81902642132
165368.41969307873
165815.61892023546
166263.41755346573
166711.81548246666
167160.81170950696
167610.404580976
168060.59239734913
168511.37444023698
168962.7526588957
169414.73326951498
169867.3273920723
170320.548876005
170774.4074912567
171228.89859867096
171683.99596913654
172139.65873152154
172595.8591525306
173052.61507229853
173509.99488335865
173968.0687105873
174426.82538965472
174886.15139155093
175345.9530205665
175806.30093122905
176267.36871421934
176729.17337853689
177191.4978457713
177654.2510957357
178117.67655383132
178581.91061588464
179046.65466737677
179511.79716849473
179977.7136801564
180444.3894774844
180911.4020069861
181379.02975183868
181847.5417968883
182316.40893293303
182785.82873526376
183256.17024481317
183726.81249504565
184198.10990652768
184670.2583209562
185142.62619272055
185615.91585254783
186089.7154339475
