2.0471660189633926e-5
0.0010594723284177853
0.002098645369865741
0.0031381652029043093
0.00417820452828994
0.0052189393955566835
0.006260548334726615
0.007303209832590644
0.008347107994436644
0.009392425416331151
0.010439350154458425
0.011488078636045838
0.01253881660807352
0.013591757927603186
0.01464711892282136
0.015705117906377616
0.01676597836592142
0.017829791022964604
0.018896839442965503
0.01996729760864594
0.02104156159651731
0.02212002455039708
0.02320289478423044
0.024290279893022983
0.025382598903706487
0.02648016303439273
0.027583327058508498
0.028692222169624918
0.029807559199411547
0.03092964883337567
0.032058934631216104
0.03319587336890427
0.03434095901790378
0.03549473561056794
0.036657840907122693
0.037830912945408364
0.0390145571943743
0.04020972036949832
0.04141721366722058
0.042638010015370695
0.04387323046391652
0.04512412386319031
0.04639209266175293
0.0476788087273981
0.04898614733347598
0.05031651871883739
0.051672561240883645
0.053057719533901704
0.054476372863488325
0.05593429325184578
0.05743944374191855
0.05900395591548642
0.060649282548709105
0.06247025475126282
0.06736900738391942
0.07654452313620923
0.08788275995128685
0.09991494800005256
0.11179681563694002
0.12314659684999182
0.13384087434212755
0.14388118368552227
0.15332082751461112
0.162231609105988
0.17068342973913153
0.17874536423924925
0.1864740856309575
0.19392230140520406
0.20113261226285764
0.20814797623113335
0.2149910702334076
0.22169275846211095
0.22827528440632366
0.23475918290843217
0.2411630053702918
0.24750020559532743
0.25378321479881155
0.2600226483577504
0.2662278958372496
0.27240684871087967
0.27856670639879816
0.28471335896793204
0.29085228824826653
0.2969882096741626
0.3031264635584985
0.3092701485215061
0.3154228189623183
0.3215868007648748
0.32776430017460023
0.3339573027890002
0.34016792515507954
0.346398268108922
0.3526492872736234
0.35891733275509313
0.3652061766659571
0.3715198757224737
0.3778587134142661
0.3842232895819746
0.3906142738468471
0.3970319424031172
0.4034769391393605
0.4099495190925066
0.4164500125635025
0.4229786052358624
0.4295354823454781
0.4361207211607285
0.44273441913125455
0.4493765699112848
0.4560471707756757
0.4627462254159777
0.46947357576574905
0.4762291611526959
0.48301276214151295
0.48982416845105964
0.4966629930738616
0.5035301998930162
0.5104217200523969
0.5173509894308397
0.5243062461322593
0.5312778638862514
0.5382831561327001
0.5453136389910603
0.5523717562956135
0.5594566654460399
0.5665679660552441
0.5737054344907326
0.5808686790032384
0.588057582968346
0.5952718881672447
0.6025112046736836
0.6097754556951156
0.6170642424588754
0.6243774066201317
0.6317145697258892
0.6390755347604019
0.6464599956979485
0.6538676129981961
0.6612981866078113
0.6687514009675325
0.6762268992944886
0.6837243304500725
0.691243453529161
0.6987839379988318
0.7063456197198701
0.7139280238682956
0.7215310122323807
0.7291542966050959
0.7367976006251613
0.7444607591014399
0.7521434755723205
0.7598455348684664
0.7675667359928625
0.7753069387674402
0.7830657610923661
0.7908431885482188
0.7986389560558182
0.8064529227683723
0.8142849862931869
0.8221350329650519
0.8300030404952142
0.8378896566789505
0.8457961523636123
0.8537242212938199
0.8616760884848987
0.8696548435556806
0.8776686251356686
0.8857123935539484
0.8937922471686746
0.9019127838353438
0.9100789912338912
0.9182965114644749
0.9265718886583141
0.934912371718342
0.943326104177635
0.9518233380233494
0.9604154297180563
0.9691162966028803
0.977942299282657
0.9869131930903905
0.9960531420594785
1.0053915059797647
1.014962868395081
1.0248109929337
1.0349894063348213
1.0455637114232565
1.056616469649609
1.0682518169063224
1.080602982372525
1.0938394519056687
1.1081832037876136
1.1239218497952106
1.141449009300809
1.1612954540066582
1.1841854101703988
1.2111415510888528
1.2436678038121927
1.283974492588246
1.3354071729577528
1.4033754507922729
1.496868345310747
1.631688332754347
1.8376871681683091
2.17755112191818
2.798851417015483
4.121939186194068
7.725034652390183
21.330451577718772
39.62917488167431
32.55584712631054
20.770726581156755
12.405509644481876
8.045968128446743
5.793047561168926
4.532766131567697
3.7694234140954674
3.275598119170681
2.9388019601533495
2.6991653135718128
2.5227808235721536
2.3888416430359256
2.2844197953462473
2.2010166911688507
2.1328396899836335
2.075985787126621
2.0282695741568237
1.987991266963015
1.9542475955363894
1.926421121995092
1.9039283277111527
1.8865064454030613
1.873402692303909
1.8644321607701504
1.8590262200031398
1.8568454723196182
1.8576615961015754
1.8610744377000066
1.8668465448598262
1.8746624127957354
1.8844361641966696
1.8957910659656483
1.908637759125173
1.922722038436055
1.9378287068247917
1.9537217511004
1.9702526638444577
1.9872995719150035
2.0047090313229443
2.0222924131291506
2.0400272552076446
2.0579033852953517
2.0757422428466525
2.093584589725488
2.111443720301652
2.129313465571569
2.147218658377773
2.1651401868063145
2.1830898656176236
2.2011145644118377
2.2192561929099477
2.2374289742777775
2.2558268201118876
2.274233590544906
2.292916076563428
2.3117902867346856
2.3308270781403744
2.350026457193268
2.369404740434314
2.388979542119668
2.4086589518614545
2.428739029488784
2.4491887198096376
2.4693306377067636
2.490390484803061
2.5109333633817648
2.532299186891456
2.5539806875842412
2.5753883983886654
2.5970062056575007
2.6189894335711204
2.6412971387612427
2.6639695584678447
2.6871352807932727
2.7106083519880997
2.73344242880307
2.7562948665783216
2.7812544219289266
2.804170924719735
2.829379123688581
2.852634207578155
2.8789426520348336
2.9026823531966017
2.9273106665038573
2.953971122660871
2.9804047051427016
3.0062210080751437
3.0320941737109917
3.0584410983645807
3.085354253402768
3.1125905230529027
3.1393082861772594
3.164825129964754
3.1913411334485478
3.221742170845786
3.249648513047688
3.2750869634142363
3.3075505345180396
3.332044310893246
3.3653493804170167
3.3899127816365326
3.42321968909099
3.45188383089405
3.478433517509696
3.511772688897826
3.544400710381353
3.573133632767865
3.601247112719389
3.630857126662485
3.6617135174304662
3.693100022347861
3.724650613784723
3.756656975892757
3.789948702589975
3.825322314045666
3.8611756843733316
3.892776893911799
3.9199757796348664
3.9542157388861563
3.9946917929095997
4.021829822206025
4.056434792985595
4.095820521108582
4.121844286314868
4.166307867075599
4.191190203503822
4.23543572470767
4.264957412296509
4.299887017972501
4.344071456950068
4.370246229397162
4.406678948993615
4.452509223332922
4.488085317141289
4.517138605499573
4.550871660211796
4.5908714835407896
4.633129595428524
4.674651678373186
4.714787008712793
4.75395137771488
4.79251814671143
4.830341808848495
4.866773012849036
4.901392920291914
4.935511766013958
4.973416010537295
5.01955487235947
5.069858533986839
5.109427105265035
5.1365114732202155
5.177962871095695
5.234642824769257
5.265273551339985
5.300139701986016
5.360352780204088
5.383196622552444
5.437915258516969
5.475492628710906
5.517221120844214
5.563493363041288
5.604023068122463
5.645479688399844
5.698633780417933
5.723820505145138
5.791695011298448
5.817711137677397
5.861644191047661
5.926240234327593
5.953828431664706
5.990433307573158
6.055263333498049
6.1068411185453595
6.13633880586271
6.171060757025813
6.223634155380845
6.284147816628001
6.339950554633276
6.387277487888266
6.429208569018207
6.4700232489502
6.5122746729626035
6.556755503577875
6.6034456949091815
6.652242740566616
6.703285752572829
6.756880227862695
6.8128199775650025
6.869469996549155
6.922920935715654
6.968121353164933
7.003725354826048
7.038147701630346
7.087472744996093
7.157690108992467
7.226071034676736
7.262989649858166
7.289137069881624
7.354683236233593
7.433085962280046
7.459826127934007
7.498129697813014
7.588093489912743
7.6190890691465745
7.658774360207889
7.750412410753523
7.762201655509402
7.843407134235785
7.890078232101731
7.932504621330446
8.0123041074379
8.032966897051635
8.12591049954902
8.141868381512355
8.233797352164862
8.25906752973095
8.332787001820641
8.389159187491318
8.422076379787606
8.522362303801765
8.528394142420018
8.618381310701523
8.681338368432737
8.696018969598876
8.79658981356107
8.85548244279011
8.869415829113224
8.95504261789157
9.043673012048885
9.0666819700856
9.102080872751603
9.193501020952267
9.281292392225145
9.321498665179185
9.346435853122344
9.400564267359924
9.486084995194902
9.575084480493723
9.644372712192517
9.692126952358677
9.730664653800497
9.772701212640598
9.8243379324357
9.885445607752557
9.952817118369374
10.022865234373004
10.092923282722603
10.161482248875433
10.227852249025077
10.291778311104249
10.353176940852372
10.412088738809793
10.468867819387967
10.524569117102114
10.581343917800128
10.6426477858308
10.712546163741674
10.793717003601168
10.884174225010412
10.974451741523007
11.049344868373948
11.097871756411497
11.12763254743211
11.167796202149825
11.247360175260168
11.359499761524305
11.452732069188823
11.487593852654605
11.506649702496885
11.587805187954393
11.715330446143936
11.780765210431996
11.785044482031823
11.862900708914747
11.999652212068872
12.035943252434674
12.051020323236875
12.188738983178801
12.266750100023465
12.26115361618731
12.396704524046001
12.476031847277094
12.47260086989424
12.629720577997638
12.660042969748066
12.707023918448856
12.85686253781569
12.83219893267783
12.989207367706323
13.01127554928164
13.094129006333915
13.196145589107443
13.211158833708442
13.364909084076668
13.346196152477692
13.521028823004622
13.491424179954727
13.6722093339914
13.641578997175268
13.820243321356605
13.798855880557253
13.959198852108054
13.97171539624055
14.080266386662544
14.165422699428472
14.188526688482254
14.35935230660275
14.323526935219244
14.500072357268913
14.5307233283709
14.57978941681273
14.753299143432072
14.722430761473042
14.85428155020292
14.977085711784655
14.948649132930932
15.105929343993338
15.214434161275129
15.188891805939038
15.330814065224255
15.47055150844267
15.450485918273309
15.530650797854726
15.711924672004832
15.756702207401656
15.7513764509381
15.884537174688855
16.04765058255212
16.080984366428666
16.081867450769046
16.195162124688096
16.365831482879464
16.453725860831437
16.457167026377657
16.49316410860494
16.620975848379192
16.782302993261656
16.888209928539844
16.920899037400787
16.938177174564668
17.001284501252663
17.123594089955812
17.272440367552683
17.402922727842995
17.490066065269435
17.53941619108888
17.57491198435191
17.62094400501887
17.69133247062189
17.78760254959703
17.902506615283848
18.025883133292933
18.148579944143332
18.2646769698048
18.37167504317665
18.470081838026424
18.56173197335129
18.648967086616015
18.734345934599524
18.819441734901662
18.905411574791376
18.993545648846727
19.08436775292502
19.177827052850734
19.273762996161413
19.371907814028763
19.471072823754046
19.570243496046036
19.666971340583256
19.759021326473757
19.843823601052314
19.91922239308132
19.984502910421515
20.042140635950872
20.097755871460283
20.160579552622103
20.241411775508162
20.349052983990926
20.485116214024284
20.639324642441135
20.78932001050039
20.907559446623097
20.97673292902002
21.006025870314254
21.03339729998537
21.106524372999786
21.249186299848102
21.434504933438024
21.59241619171156
21.664322329180347
21.668211164411087
21.696847479844973
21.829204620620306
22.03694113804623
22.19415465200338
22.221970522535162
22.210251602397353
22.314872558581
22.538467495404973
22.699538351881845
22.696783399596697
22.6977580402253
22.87794649666447
23.10697011062679
23.148509437157067
23.113985097048765
23.275711784434527
23.52216723903138
23.55050941235284
23.520174978225363
23.733020641818722
23.94613945055995
23.899594260196913
23.95832324503034
24.242014370259696
24.29848419899798
24.25302360644794
24.51077728367259
24.66301705947352
24.580559445000294
24.800947846309345
24.999897166847234
24.906918385234334
25.12445865193989
25.320433511441315
25.22309566903325
25.48236451494284
25.617947080782223
25.545112530287376
25.865343277488645
25.876741494097725
25.914055597201145
26.227337330376727
26.1169150959155
26.359162255951055
26.488664803769545
26.444819728335236
26.7895780663489
26.677550957576983
26.93533344386248
27.022490666678646
27.040347030163602
27.34598154514466
27.217133152323665
27.579728732107803
27.481260774516716
27.746039628306573
27.788772826949103
27.897273811477188
28.094016766641143
28.068131958929666
28.375447259711677
28.267430766465505
28.63275487273973
28.48855039026633
28.875424169855826
28.721733567329142
29.112901883508975
28.958868783838952
29.352782326767873
29.195282683193206
29.592814290353754
29.433837031478973
29.83416692906957
29.677016755620382
30.068321013437437
29.934615765847926
30.28478949890008
30.21719601671837
30.474395231164884
30.530458835063914
30.639036709143337
30.863187493826935
30.80329824704365
31.177510077486588
31.015506679334152
31.41905277440453
31.32117032062846
31.56417257841411
31.706773564751366
31.67810623393082
32.06236224251139
31.897853058287225
32.258209918838055
32.288893644611974
32.33458134794745
32.69641373251051
32.53252324398688
32.88107219913873
32.967001276064856
32.93451349468593
33.34832281420926
33.229936441028705
33.420605473852426
33.71912012259856
33.56106036295575
33.9011882589617
34.05664650904425
33.94583898253449
34.347136211022786
34.407979553287
34.34916686006992
34.76512509720809
34.790341538566445
34.74930727718698
35.16455341782533
35.207229068652495
35.142567239972244
35.5431488700506
35.65698136654962
35.54327441514163
35.888814598717985
36.125082891803075
35.983672198083426
36.19830385838695
36.56733895669163
36.49686262070102
36.5131555958309
36.916353720446594
37.06022132682835
36.93358631238842
37.16336049154761
37.53901707090782
37.52139080031792
37.467724679199534
37.802596081595645
38.106077423609534
38.03318755805633
38.034807189244226
38.39373397584675
38.67487901377836
38.60593609122552
38.600131541166675
38.934692970918405
39.25529243863161
39.24138021425347
39.17995461797564
39.425749120866755
39.80499197726091
39.92766747248056
39.83633232210098
39.910627409411056
40.25717438296269
40.57163003517193
40.60635713225435
40.5315643422143
40.660736141496535
41.01479875462591
41.316597699041864
41.36698440285978
41.299465195052726
41.38423940924846
41.694184546612526
42.03953136908133
42.19724200417719
42.1657099425791
42.14827237459548
42.31950977409792
42.65482353323727
42.971515909394434
43.11317381141643
43.09721634041475
43.08222541690648
43.212861705300575
43.50341023355051
43.839979726374125
44.07866860883098
44.15958145361046
44.14532027140145
44.160805446072814
44.299502243517246
44.567891008703285
44.89167796600156
45.167960030351395
45.329068455480616
45.379305865232695
45.383990325111014
45.42565083566433
45.56002905409038
45.7942420041725
46.09029357103898
46.38669515940132
46.62705111097363
46.7829312645498
46.86203678345399
46.89994646910573
46.9425617126114
47.02862878431816
47.17876561914887
47.39260953083503
47.652426754539626
47.93048719274605
48.19770479618636
