-0.042243543739561074
-0.04223517812978509
-0.04222470446986114
-0.042212073219951476
-0.042200144069822226
-0.0421872675509438
-0.042172868683582755
-0.04216151997982189
-0.04214480206404218
-0.04213262674423735
-0.042115195868667916
-0.042093321905818916
-0.042078601088000864
-0.04205757590600578
-0.04203804788842626
-0.042014114569436246
-0.041992323309098877
-0.04196985749463867
-0.04194374312166978
-0.041917200289896636
-0.041889124958072524
-0.041858137002478944
-0.041826447522327496
-0.04179553845000877
-0.04175915159392115
-0.0417224309066623
-0.04168603394551625
-0.041641715921134505
-0.04160019343061105
-0.04155638575311479
-0.0415058447046283
-0.04145545079166188
-0.04139982865607547
-0.04134423799516603
-0.04128602881201232
-0.04122406058730571
-0.041158294368452204
-0.04108969384385222
-0.041015467842279246
-0.04093926622366282
-0.04085532924304811
-0.040769896937789145
-0.04068149840033393
-0.040587757260509685
-0.04048510539871448
-0.040379562311733744
-0.040263387333443514
-0.040145319233083454
-0.040024382108282144
-0.0398900623931209
-0.0397519378365615
-0.03960374493851722
-0.03945109430191672
-0.039289453142172776
-0.039115154725500964
-0.03893563509372354
-0.038743940465771905
-0.03854347897182505
-0.03833027225795331
-0.038108538360775095
-0.03787363397625148
-0.037624051403923824
-0.0373615627930466
-0.03708329391436083
-0.036792573705122816
-0.03648525124441553
-0.03616074113620345
-0.03581761607507538
-0.03545688810333468
-0.03507701802638416
-0.034674263744357066
-0.03425024980775788
-0.03380442709832496
-0.03333295907358736
-0.032838438778706035
-0.03231161649468937
-0.031759551272078385
-0.03117727397355996
-0.030565136374402065
-0.02991768350205356
-0.02923109614051257
-0.028511457206803807
-0.02775131941858377
-0.02694681087015315
-0.02610458406057099
-0.025212706210040608
-0.024270342127237853
-0.02328204526022814
-0.022234458294080058
-0.021129271195605162
-0.01996691904254605
-0.018744263184014696
-0.017445924340630595
-0.0160806281271946
-0.014641045712696895
-0.013122770668969242
-0.011520157612432212
-0.009831079525906634
-0.008048999846927186
-0.006171430960925099
-0.00418942247627192
-0.0020981550989920884
0.0001057755348910828
0.0024329960168821317
0.004885701386796726
0.007473100297238775
0.010208166882061652
0.013086933488943889
0.016123398918465724
0.01932843930712353
0.02270990454226341
0.02627581039408965
0.030036812595084426
0.03400642394781768
0.0381921524384409
0.04260878621405238
0.04727172112693078
0.052191824626519646
0.05738786049520206
0.06287595682556037
0.06867522134582794
0.07480595370735077
0.08128779788439952
0.08813744419033663
0.09537480208585115
0.1030303224023686
0.11111434118262262
0.11965761151163055
0.1286824930861004
0.1382090152354918
0.1482640965649671
0.1588794211530791
0.17007941665703297
0.18189740178836608
0.19436189454200398
0.20750847697473102
0.2213725108616117
0.23599526760536726
0.25141168043127265
0.26766750956703866
0.28480519438372653
0.30286536318364243
0.321912021304741
0.34198115189474954
0.3631299014607344
0.3854176068734596
0.4089065610357509
0.433649999662235
0.4597256101057862
0.4871935767158005
0.5161392026473395
0.5466298083458537
0.5787526804995393
0.6125934793727966
0.6482449837187767
0.6858034628578982
0.725371836709378
0.7670546156938348
0.810971070204245
0.8572373201717837
0.9059806742205909
0.9573372703490903
1.0114394725888054
1.0684444539615117
1.1285019269767376
1.1917692752586877
1.258421792912809
1.328640869138078
1.4026122524083182
1.4805331075652868
1.5626221090435304
1.6490891321383108
1.7401715890747005
1.8361138227339573
1.937171437689367
2.0436132737902755
2.1557302428131475
2.27381782658238
2.3981901928954783
2.529177636056869
2.6671321983576224
2.8124154760658158
2.9654230599648197
3.126553718510585
3.2962343636608287
3.4749170639271165
3.6630719019509774
3.8611993637714304
4.069819623714537
4.289488361081962
4.520777937770374
4.76429962963937
5.020692983373841
5.290629752790436
5.57481927431882
5.874011317879024
6.188978715386342
6.520549860810965
6.869591493918809
7.237006119834105
7.623759072670983
8.030852465325573
8.459339991035764
8.910340367053589
9.385014489274923
9.884594547472918
10.410374643258574
10.963710812507333
11.54602964899732
12.158827751284868
12.803689638905253
13.48226850638675
14.196305955744224
14.94763984391683
15.73818851283318
16.56998051056424
17.445140208155806
18.36590691608826
19.33462250695913
20.35377346635709
21.42594064659995
22.553868773764066
23.74041108030135
24.988592447741187
26.301580287234323
27.682703830421314
29.135466785108157
30.663550426866504
32.27081840527805
33.96134681032605
35.73939739192881
37.60947178654127
39.576287518353936
41.644811684724644
43.82025156884392
46.108099306357396
48.51411643396882
51.04435743766884
53.70519633408234
56.50332425385743
59.445778568310985
62.53994897870351
65.79362524866046
69.21496929700939
72.81257616838714
76.5954761131022
80.57316788408032
84.75562672941099
89.15335601733221
93.77737850665761
98.63929884281418
103.7513053253752
109.12621887794465
114.77752606540423
120.71939185971965
126.96672025471277
133.53517979653452
140.44124417531788
147.7022422870072
155.3363928047717
163.36285439761974
171.8017804348302
180.67436166646556
190.00287812109036
199.81078643166066
210.1227319591162
220.96465779955338
232.36384318482064
244.3489984756579
256.95032154184617
270.19958910822635
284.13024842226304
298.77749659598334
314.17838439033767
330.3719188305367
347.3991738772229
365.3034068314584
384.1301940228659
403.9275491015994
424.74610985374926
446.6392645021822
469.66336387897377
493.87793646371307
519.3459265805213
546.1339723773913
574.312797712911
603.9576565492749
635.1489584028485
667.9731405033771
702.5240283518409
738.9049417939239
777.2323929593765
817.6426897379297
860.3037969786059
905.428442221735
953.1722771975247
1002.3118407340316
1050.8650163142306
1102.7829921135633
1158.3660389285471
1217.203130874729
1279.2574876998392
1344.622036143185
1413.4372735092834
1485.86692270245
1562.0895721218244
1642.2957822337182
1726.6874736601706
1815.478220053672
1908.8938842185412
2007.1732682139955
2110.5687563453566
2219.3469505251396
2333.7891247802504
2454.1917767193277
2580.86714484755
2714.143969129192
2854.368304725531
3001.904430920353
3157.1359251317353
3320.46668933112
3492.3220691212946
3673.1500009625775
3863.422281794967
4063.635779009223
4274.313809092586
4496.007592984289
4729.297677458081
4974.795555106791
5233.1453599379765
5505.025458713226
5791.150566672961
6092.2733984072065
6409.186958860693
6742.726443454765
7093.771936830056
7463.250301233207
7852.1380802018
8261.463867407545
8692.311778563679
9145.823634460738
9623.202233362596
10125.714989528778
10654.697603015855
11211.557068155314
11797.77576238919
12414.916188083509
13064.624434734289
13748.634647712368
14468.774575911586
15226.9711252233
16025.252787632271
16865.760874649306
17750.748130382446
18682.59062693575
19663.79326452669
20696.995295675195
21784.979044697488
22930.676428838702
24137.180142278175
25407.7473529184
26745.812250155657
28154.998393385653
29639.122515661646
31202.208708584298
32848.50457923893
34582.48367956537
36408.86293477156
38332.622919319554
40359.010544166944
42493.5627964287
44742.11115084496
47110.823674165054
49606.18687452335
52235.06545201932
55004.67888701527
57922.66119897336
60997.069711743614
64236.3939941165
67649.59720917628
71246.1581511542
75036.06108232551
79029.86763865969
83238.70567216002
87674.34681647595
92349.2123998018
97276.45341912948
102469.90805136717
107944.2676686578
113714.99863716646
119798.48451462618
126212.03846719762
132973.95798059998
140103.63314868353
147621.5094201905
155549.2825138025
163909.87525273464
172727.56514066068
182028.02602875608
191838.47404654723
