-9664.458677873818
-9664.191180301803
-9663.388814230753
-9662.051481482518
-9660.17924245076
-9657.772062111271
-9654.829956141877
-9651.352904780593
-9647.340882985265
-9642.793941901667
-9637.712041168532
-9632.095196743672
-9625.943357386906
-9619.256582343434
-9612.034814745888
-9604.278053858307
-9595.98635380678
-9587.159583556388
-9577.797811371647
-9567.901036138155
-9557.469210221656
-9546.502334493076
-9535.00039353021
-9522.963416623648
-9510.391336483131
-9497.284165104053
-9483.641876769198
-9469.464412070001
-9454.751875437736
-9439.504161886372
-9423.721245330804
-9407.403164651332
-9390.549836585806
-9373.161291455654
-9355.23748725226
-9336.778406251804
-9317.784028350812
-9298.254347006796
-9278.189328915232
-9257.588934868369
-9236.45318975207
-9214.78200612572
-9192.575401340373
-9169.833342140502
-9146.55578688336
-9122.742721082412
-9098.394126535975
-9073.509978607583
-9048.090199771184
-9022.134803865436
-8995.643775519293
-8968.617041748097
-8941.05458959505
-8912.956400456591
-8884.322421601926
-8855.152627115129
-8825.446983317435
-8795.205444235407
-8764.427979774944
-8733.114593847518
-8701.265171412724
-8668.87972635149
-8635.958221243774
-8602.500564630485
-8568.506801191057
-8533.97684020675
-8498.91061920291
-8463.308135695492
-8427.169334209395
-8390.494150021119
-8353.282583159073
-8315.53452500673
-8277.249978233222
-8238.428869593392
-8199.071185314131
-8159.176829018385
-8118.745788129615
-8077.777984106049
-8036.273397965999
-7994.2319571419575
-7951.653606856224
-7908.538273337992
-7864.885939053334
-7820.696535743017
-7775.969980540967
-7730.7062686528725
-7684.905275680203
-7638.566978018086
-7591.691325928753
-7544.27826157023
-7496.327683955402
-7447.839526554851
-7398.813763114343
-7349.250307888838
-7299.149048079054
-7248.510056067811
-7197.333105603291
-7145.618220873367
-7093.365260930964
-7040.574234757998
-6987.244983766568
-6933.377493979574
-6878.971641020955
-6824.027409937742
-6768.544689588045
-6712.523357247155
-6655.963409409637
-6598.86469367018
-6541.227177411457
-6483.0507964753915
-6424.335396987355
-6365.08091036788
-6305.287297284558
-6244.954387387227
-6184.0821499051435
-6122.670435445851
-6060.719217440859
-5998.228337697602
-5935.197733602189
-5871.62727585438
-5807.516910616115
-5742.866504345766
-5677.675968850416
-5611.945216034763
-5545.674067617466
-5478.862458581478
-5411.51026906851
-5343.617363349397
-5275.183680732242
-5206.20901474011
-5136.693359781284
-5066.636476682134
-4996.038311110144
-4924.898707505565
-4853.217571504238
-4780.99471966825
-4708.2300642406335
-4634.92346009627
-4561.074767439897
-4486.683832588246
-4411.750522177183
-4336.274667014467
-4260.256148637034
-4183.694804284648
-4106.590505244324
-4028.9429885789637
-3950.7522701444777
-3872.018028454125
-3792.7401780366035
-3712.9184857366376
-3632.552862941999
-3551.6430659732746
-3470.1889077026894
-3388.1902314313015
-3305.646848809757
-3222.558475844012
-3138.9250564131867
-3054.7463299780106
-2970.02207157461
-2884.7520507204435
-2798.9361105612797
-2712.573969766451
-2625.6654186577066
-2538.2101938970136
-2450.2080861940044
-2361.65883960396
-2272.562164322991
-2182.917811555672
-2092.7255672612846
-2001.9850492572907
-1910.696081156584
-1818.858343422678
-1726.471398703686
-1633.5351418686266
-1540.049106092491
-1446.0129724134795
-1351.4263947549755
-1256.288992612051
-1160.6004420554773
-1064.360356233525
-967.5682807306289
-870.2238004190083
-772.3264431752158
-673.8757753397249
-574.871216248587
-475.31243174021563
-375.1986885425624
-274.52944272896895
-173.30408889477147
-71.52196214730131
30.817654563672722
133.71556786003615
237.17262503046715
341.18977161973123
445.76810401741534
550.9088536112364
656.6135605513707
762.884252893478
869.7250867447877
977.1441408412966
1085.151455320401
1193.7571527376986
1302.9705392344106
1412.799579393526
1523.2509355526845
1634.3298882793245
1746.0408982153717
1858.3874494579281
1971.3724726575426
2084.998288798561
2199.266864229359
2314.179804748406
2429.7386248378702
2545.94429156322
2662.797738010182
2780.2997167714243
2898.4508181631063
3017.251580114932
3136.702406474862
3256.803588053239
3377.5554243717074
3498.9580198486246
3621.0115502951626
3743.7159934699366
3867.0714347159287
3991.0777980285484
4115.73500687506
4241.042951504657
4367.0015778885045
4493.610616411432
4620.8699267484335
4748.7793041357745
4877.338535172499
5006.547351576137
5136.405491656032
5266.912678416635
5398.068630056483
5529.873075037778
5662.325684680405
5795.4261070451985
5929.174063764465
6063.569187560792
6198.611149349325
6334.299605207456
6470.634198142044
6607.614587617145
6745.2403912224545
6883.5112556279555
7022.426829473537
7161.986761121919
7302.190595231331
7443.038114927095
7584.528789790798
7726.662331978892
7869.438371650528
8012.856470267243
8156.9163309070955
8301.617586355862
8446.959774508015
8592.942627549748
8739.565725644961
8886.828711331766
9034.731246370919
9183.272935694233
9332.453413199642
9482.272328191963
9632.729361621614
9783.824092053828
9935.55619139985
10087.925318453003
10240.931090304563
10394.573190936087
10548.85130540614
10703.764989957584
10859.313980479723
11015.49793235058
11172.316463409099
11329.769323472072
11487.856093326584
11646.576533721816
11805.930225787884
11965.916921021659
12126.536237641581
12287.78808852278
12449.671684266545
12612.187179788101
12775.333933632948
12939.11186368228
13103.520474426017
13268.559673065738
13434.229068487724
13600.52837387479
13767.457260174895
13935.015510732199
14103.20284636143
14272.018904571485
14441.463345130183
14611.536084094023
14782.236668642383
14953.564900052637
15125.52052038026
15298.103245211574
15471.31273967788
15645.148828846342
15819.61119493865
15994.699794590597
16170.41411517608
16346.754027605512
16523.71924607046
16701.309514358294
16879.52461319823
17058.36428418027
17237.828343793433
17417.91640113692
17598.62840453347
17779.96402045192
17961.92306961497
18144.50528857435
18327.710496020874
18511.538416960375
18695.988813744425
18881.061563460556
19066.75644820158
19253.073089832204
19440.011429858863
19627.571243323353
19815.752265760617
20004.55432754657
20193.977207501783
20384.020792856583
20574.684797455186
20765.969030672917
20957.873433838588
21150.397591554214
21343.54142826916
21537.30481983323
21731.68749500199
21926.68925552999
22122.31010761259
22318.549548277704
22515.407703463556
22712.88425337515
22910.97904341392
23109.691885631524
23309.022666746598
23508.971158862554
23709.537193120817
23910.720745911
24112.52144810375
24314.93928649903
24517.973995699565
24721.62555771962
24925.893727844566
25130.77832886289
25336.27927875097
25542.39632908544
25749.12946705764
25956.478429191415
26164.443210696216
26373.02355412158
26582.21934950619
26792.03040384636
27002.45674135725
27213.49800644298
27425.15406879756
27637.42503313632
27850.310638682502
28063.810766995084
28277.925249840693
28492.65393696705
28707.996766232605
28923.953594893952
29140.52434443206
29357.7088450733
29575.50703343356
29793.918743903796
30012.943841803874
30232.58223200072
30452.833816190072
30673.698545198265
30895.17614562159
31117.266626357083
31339.969887523228
31563.285751080766
31787.214187939135
32011.75496130859
32236.908164123102
32462.67356646206
32689.05101046559
32916.04055363603
33143.64203091344
33371.85531601255
33600.68038307704
33830.11703224632
34060.16532715673
34290.824993005765
34522.09605050754
34753.97841069228
34986.47195525802
35219.576624473746
35453.29229936474
35687.61894466058
35922.55639606638
36158.10463497584
36394.26366017762
36631.03321830692
36868.413299230524
37106.403858753736
37345.00482403061
37584.2160411366
37824.03748947678
38064.46913485401
38305.51092253493
38547.16265785209
38789.4244098105
39032.295985423334
39275.777499608645
39519.8685924152
39764.56939773113
40009.8798721716
40255.79983372443
40502.32934746632
40749.46828010026
40997.216582243724
41245.574191620864
41494.54104951327
41744.1171048477
41994.30231858127
42245.09653512323
42496.4998378182
42748.51210553007
43001.13324734897
43254.36315402663
43508.202039732205
43762.64956066379
44017.70589405581
44273.37085347586
44529.644359670034
44786.52645616546
45044.01707396683
45302.116193027214
45560.82376560352
45820.13965461259
46080.06392786846
46340.59651829567
46601.73733904662
46863.486433455
47125.84370131642
47388.80908496206
47652.38258431753
47916.56417701171
48181.35380684867
48446.75137928806
48712.75698855828
48979.37049010337
49246.5919213464
49514.421229076135
49782.85831508873
50051.90332566408
50321.556037288356
50591.81650681295
50862.68474592673
51134.16059583883
51406.24411396135
51678.93531383505
51952.23415846332
52226.140490614474
52500.65448711201
52775.77607321084
53051.50506206373
53327.84163254222
53604.785594100584
53882.33709518828
54160.49598089729
54439.2623509045
54718.63609742156
54998.61721645598
55279.205612571575
55560.401397228605
55842.20462496157
56124.615058241456
56407.632907362036
56691.25796047078
56975.490352281784
57260.32998245497
57545.77690423987
57831.83091940397
58118.492341600235
58405.760842795986
58693.63667241515
58982.11971479288
59271.20993382062
59560.9072746391
59851.21189656158
60142.12368523168
60433.64269477025
60725.768882386306
61018.5022523879
61311.842751272816
61605.790376817815
61900.34523224684
62195.50723285779
62491.2764484878
62787.65272731432
63084.636247344024
63382.226796338466
63680.42463796758
63979.22959957927
64278.64180352322
64578.66115283979
64879.28766161385
65180.52139490997
65482.362276181186
65784.81035786413
66087.8656681649
66391.5281032559
66695.79786344142
67000.67475353942
67306.1589708908
67612.25021622486
67918.94901515132
68226.25492128375
68534.16809930124
68842.68851932944
69151.8163945937
69461.5514468004
69771.8938767506
70082.8436536623
70394.40077832897
70706.56528157987
71019.33709433663
71332.71629993407
71646.70296295384
71961.29716156598
72276.49852590535
72592.30756918054
72908.7240268481
73225.74800599238
73543.3794246613
73861.61848674266
74180.46504450052
74499.91925335149
74819.98103032097
75140.65038489025
75461.9274347511
75783.81218385078
76106.30461727855
76429.4047174825
76753.11267397257
77077.42837296952
77402.35181236322
77727.88311915191
78054.02226213859
78380.76933230448
78708.12429997676
79036.08715476232
79364.65800637538
79693.83687313292
80023.62371370925
80354.0186668363
80685.02157399843
81016.63265920531
81348.85181671707
81681.67915231944
82015.1147692175
82349.15858706817
82683.81070995933
83019.07115554505
83354.93988975258
83691.41704478419
84028.5025665591
84366.1964887807
84704.49899250873
85043.40993633671
85382.9294970632
85723.0576530829
86063.79446630506
86405.13985353394
86747.09399845106
87089.6568987865
87432.8286104467
87776.60914380141
88120.9985453161
88465.99686023436
88811.60412433103
89157.8203749613
89504.64570658324
89852.08009227981
90200.12363749903
90548.77636203081
90898.03828315916
91247.90949789234
91598.39006309463
91949.47991177771
92301.17920935522
92653.48806774213
93006.40637967872
93359.93446629343
93714.07218877778
94068.8196864417
94424.17707738711
94780.14449663152
95136.72197001538
95493.90969746924
95851.70772068473
96210.11623845172
96569.13536668257
96928.76536837051
97289.00631119194
97649.85848884145
98011.32205597761
98373.39731122015
98736.0845649572
99099.38403866571
99463.29619313928
99827.8214283203
100192.96016468975
100558.71309634834
100925.08070391067
101292.06379982186
101659.66318225439
102027.87994865513
102396.71513182843
102766.17034752468
103136.24740866983
103506.948407336
103878.27646742851
104250.23502607584
104622.82887809965
104996.06454045413
105369.95118675195
105744.50249725198
106119.74017327614
106495.70355211459
106872.47233848333
107250.02670778867
107628.08970216534
108006.56645206934
108385.42883133021
108764.65727996132
109144.23123599798
109524.12466744255
109904.30304365647
110284.71920554916
110665.3088898067
111045.99558005802
111426.70925349786
111807.48535884682
112188.7104642415
112571.33385689661
112956.1526225008
113342.87064239496
113730.72494576323
114119.25757818932
114508.30951372592
114897.85061508478
115287.89070133615
115678.4483069702
116069.54112051165
116461.1837731411
116853.38782381383
117246.16240164582
117639.51467235872
118033.45037489389
118427.97419786082
118823.08995618374
119218.8008995905
119615.10978404486
120012.01885066288
120409.52998742995
120807.64459453056
121206.3637598494
121605.68833663652
122005.61893822056
122406.15599777964
122807.2999710211
123209.0511297655
123611.4099104518
124014.37654640646
124417.95133466959
124822.13452435369
125226.92634111826
125632.32708948592
126038.33691395273
126444.95598148274
126852.18460889015
127260.0228030128
127668.47076686371
128077.52867911168
128487.19664849402
128897.47482287709
129308.36336261644
129719.86247939861
130131.9723056837
130544.69300783833
130958.02476600008
131371.96771609643
131786.52202538188
132201.68794844448
132617.46562289147
133033.85526474303
133450.8569546032
133868.47093115756
134286.69723925344
134705.53608952733
135124.98754530447
135545.05181697747
135965.72892049726
136387.01903965772
136808.92220102166
137231.4386009873
137654.56824730113
138078.31133538784
138502.66788498967
138927.63805847234
139353.22185111715
139779.41940069536
140206.23074696856
140633.6559909076
141061.69526879775
141490.3485726985
141919.61611881343
142349.4979057803
142779.99405851084
143211.10463565477
143642.8296307326
144075.1692990619
144508.1235755346
144941.6925905116
145375.8764659769
145810.67530653585
146246.08898535505
146682.1178047707
147118.76188921992
147556.02124176538
147993.8958421515
148432.3858828266
148871.49151732458
149311.21264596618
149751.54930505107
150192.50208469728
150634.07026982147
151076.25464205132
151519.05516090477
151962.47170627117
152406.50433255368
152851.15317519245
153296.4187549687
153742.30062083039
154188.7990311466
154635.9136749727
155083.6456457129
155531.9943104553
155980.95972723092
156430.54198892767
156880.74105620943
157331.55760662115
157782.99210865182
158235.04257536208
158687.7118041076
159140.99797080547
159594.9011921579
160049.42244396108
160504.56168522194
160960.3189622121
161416.69476257823
161873.68807427582
162331.29828739024
162789.5291995824
163248.37569529683
163707.84320564236
164167.92860268612
164628.63148009937
165089.95332258168
165551.8944349646
166014.45500607186
166477.6349266838
166941.4325853073
167405.8485712243
167870.88744238537
168336.5413755072
168802.819356197
169269.71320588948
169737.22691323445
170205.36242361812
170674.1178230827
171143.49255576578
171613.48670420822
172084.10044690687
172555.335717193
173027.19397742843
173499.66853354077
173972.76488822067
174446.48331526396
174920.82156138628
175395.778148635
175871.36114584917
176347.56348242398
176824.38482698952
177301.82761600692
177779.89272556402
