2.4617410181445187e-5
0.0006532021056470992
0.001281794340538973
0.0019104016976801794
0.0025390317491945473
0.0031676921084425025
0.0037963901876926086
0.004425133868662899
0.00505393039974529
0.005682787462455608
0.006311712900256618
0.006940713937576772
0.007569798383750221
0.008198973720510925
0.008828247667475891
0.009457628017656945
0.010087121918598382
0.010716737100650565
0.011346481439772106
0.011976362511962657
0.012606387919455252
0.013236565398326548
0.013866902529186015
0.014497406979815889
0.01512808665926139
0.015758949127529367
0.01639000132467266
0.01702125249252716
0.017652709368384797
0.018284379653997027
0.018916271820369705
0.019548392969304735
0.02018075114927035
0.020813354238584384
0.02144621007291789
0.022079325901675086
0.022712710356010992
0.02334637113495411
0.023980316151242468
0.02461455299932285
0.025249089430329344
0.025883934460299973
0.026519094752521257
0.027154579288714772
0.027790395487149986
0.028426551750735867
0.0290630559847368
0.02969991630124544
0.030337140732885917
0.030974737407762423
0.03161271436591523
0.03225108017255173
0.03288984273024076
0.03352901012534923
0.034168590925961466
0.03480859333733733
0.035449025467503024
0.03608989581790755
0.03673121348986259
0.037372985158534856
0.03801522073291348
0.03865792802456902
0.039301116169249216
0.039944793111509794
0.04058896708105731
0.04123364789318862
0.04187884302850975
0.04252456163271559
0.043170812565101746
0.04381760373489735
0.044464945106309425
0.0451128443565102
0.045761311993226514
0.04641035453525155
0.047059983366850494
0.047710205789423074
0.048361031766080316
0.049012469777882484
0.049664529520707976
0.05031721936698567
0.05097054934404018
0.0516245282699361
0.05227916556469647
0.052934470603059794
0.05359045325404409
0.05424712158156343
0.054904486362596254
0.05556255688511912
0.056221342832110055
0.056880853748692624
0.05754109917738416
0.05820208899280526
0.05886383385826033
0.059526342171663346
0.06018962539650369
0.06085369174385594
0.061518553446368765
0.062184219235386154
0.06285069928505994
0.06351800534110154
0.0641861459484919
0.06485513306241264
0.06552497622941086
0.06619568603577598
0.06686727342937904
0.06753974874404638
0.06821312383294399
0.0688874085066691
0.06956261352752978
0.0702387508735036
0.07091583105331177
0.07159386557536333
0.0722728651395347
0.07295284173528488
0.0736338065104585
0.07431577130048365
0.07499874767675282
0.07568274653749435
0.07636778097010256
0.07705386202758926
0.0777410022105614
0.0784292127849182
0.07911850738118527
0.07980889738653427
0.08050039535533403
0.08119301387618562
0.08188676561985113
0.08258166302957017
0.08327771925526119
0.08397494774903591
0.08467336104196184
0.08537297225111208
0.08607379561064193
0.08677584326184898
0.08747913037447046
0.08818366950758119
0.08888947489174921
0.08959656063434056
0.09030494025679879
0.09101462998601667
0.0917256425567781
0.09243799259489073
0.09315169551038946
0.09386676587132138
0.09458321858464314
0.09530106967387243
0.0960203343057412
0.09674102733624504
0.0974631649299293
0.0981867627988346
0.09891183787352116
0.09963840499743852
0.10036648254472168
0.10109608559805272
0.10182723281483695
0.10255993904496054
0.10329422185316409
0.10403010033029507
0.10476759241164985
0.1055067127733668
0.10624748357303151
0.10698992015452036
0.10773404517656343
0.10847987268720016
0.10922742466706811
0.10997671960037365
0.11072777794793152
0.11148061902973
0.11223526257602236
0.11299172965507363
0.11375004185279826
0.11451021941048581
0.1152722836297561
0.11603625815673999
0.11680216254380413
0.1175700194079507
0.11833985192908465
0.11911168491768902
0.11988553634244754
0.12066143463334399
0.12143940309832649
0.12221946538930063
0.12300164749389916
0.12378597311782764
0.12457243991312136
0.12536110060951017
0.12615197896871885
0.126945104718678
0.12774050012879568
0.12853820324407306
0.1293382114507623
0.13014059960723953
0.1309453815533977
0.1317525901953558
0.132562241531293
0.13337437922258008
0.13418903585598832
0.1350062354345771
0.13582601196099708
0.13664840763718572
0.13747344737272343
0.13830117414902662
0.13913161495570334
0.13996481147369166
0.14080080257429586
0.1416396268494809
0.1424813225203125
0.1433259242991241
0.1441734807724455
0.1450240314426855
0.14587761272284
0.1467342738797148
0.14759406708511175
0.1484570255905404
0.14932320292129916
0.1501926475717566
0.1510654066584605
0.15194153230061744
0.15282107572855066
0.15370409625066575
0.15459063858623154
0.15548077227622245
0.15637454123767128
0.15727201401179466
0.1581732528888767
0.15907832601382202
0.15998729182727872
0.16090021995206646
0.16181717938549
0.16273824841423823
0.16366326821138982
0.16459264778580363
0.16552640412893624
0.16646463289117977
0.1674075230774507
0.16835508298752247
0.16930711320210876
0.17026388874948448
0.17122554824638714
0.17219217770614045
0.17316392712809162
0.17414088528747027
0.17512315617720536
0.17611087078533721
0.17710414506052452
0.17810313137469747
0.1791079563958887
0.18011876621148798
0.1811357367784962
0.18215901904158488
0.18318880063161508
0.1842252510048751
0.18526857242433317
0.18631898125374635
0.18737669079720418
0.1884419032152878
0.18951488780457337
0.1905959244607646
0.19168527784352182
0.19278328405586928
0.19389028420594978
0.19500665831323924
0.1961327501319196
0.19726906525159918
0.19841608336911187
0.19957435760277953
0.20074450158481913
0.20192724679187463
0.20312333552578413
0.2043337476604469
0.20555958307305566
0.20680218724400537
0.20806325218201221
0.20934490920323276
0.21065022135217243
0.21198387803212052
0.21335569404696073
0.21516043016988676
0.21852765024766202
0.22336646208071537
0.2292594548150277
0.23587028982100042
0.24291215868905508
0.25015833682083827
0.2574448920715031
0.26466191546012174
0.27174049955509705
0.2786415272998221
0.28534597946246026
0.2918478782457249
0.2981498442664188
0.3042597049571433
0.3101879375304692
0.31594653945344525
0.32154786468825935
0.3270043309381287
0.33232755874502373
0.3375285735414974
0.34261800157648586
0.34760502942003524
0.3524991124862625
0.35730836509710845
0.36203989832460165
0.366700497257912
0.37129628456855984
0.37583282659070827
0.3803152118714975
0.38474810350526534
0.38913571928059754
0.3934819944019767
0.39779029819443346
0.4020640390654745
0.4063047465078174
0.41051743197738605
0.41470459449976427
0.41886756346570303
0.423008724872054
0.4271300697618605
0.4312333894819052
0.43532039777038084
0.43939261559073717
0.44344804852921194
0.4474921919049403
0.4515259708028531
0.45555070316878465
0.4595676790494308
0.4635781293489289
0.4675831081039627
0.47158362682059307
0.47558060337851693
0.4795748952920675
0.4835673152265259
0.48755867417666293
0.491549666839348
0.49554101412477014
0.4995334107066057
0.5035274753829898
0.507523810622555
0.5115230351605016
0.5155256841915931
0.5195322708242884
0.5235433272145369
0.5275593531443201
0.5315807857475577
0.5356080404935902
0.5396415105519625
0.5436815005389098
0.5477283101814234
0.5517827791368782
0.5558445653386517
0.5599145923273413
0.563993245008651
0.5680808801083186
0.5721778849409431
0.5762845794718504
0.5804011338807754
0.5845277024847627
0.5886648741396703
0.5928128936278902
0.5969721039938509
0.6011427549991237
0.6053250788557671
0.6095192539792972
0.6137252369378837
0.6179423875197164
0.6221714186828444
0.6264134384116535
0.6306684675128722
0.6349366268701367
0.6392180857295557
0.6435129725993007
0.6478212482817511
0.652143752186265
0.6564829589695572
0.6608360127025852
0.6651988980107211
0.669574320584477
0.6739753636990873
0.6783890855692174
0.682816505772555
0.687260809134694
0.6917209590085281
0.6961984813378634
0.7006910669644189
0.7051973681632487
0.70972033721215
0.7142615502337963
0.7188176339636166
0.7233890909851125
0.7279772645365745
0.7325830650349482
0.7372068194277721
0.7418486790891464
0.7465087263155971
0.751186983955055
0.7558834774510056
0.7605883301353551
0.7653137419600895
0.7700589144968983
0.774823495926483
0.7796074803098555
0.784410871722858
0.789243530891399
0.7940949543611888
0.79896504481618
0.8038538671857292
0.8087612840973118
0.8136869968070358
0.8186308603747136
0.8235928445808852
0.8285729805185003
0.833571570861112
0.8385892685018898
0.8436270660083373
0.848696536109936
0.8537817824130834
0.8588866533084366
0.8640113618390922
0.8691560899035655
0.8743209328281782
0.879506154735787
0.884711925162338
0.8899385169450352
0.895186248294627
0.9004551950042664
0.9057457463421112
0.9110578695372954
0.9163916977276452
0.9217472987766646
0.9271247524849915
0.9325241547698565
0.9379454648723201
0.9433886297915137
0.9488536760301213
0.9543405750628894
0.9598493239164215
0.9653800564404835
0.9709327486374226
0.9764914529180686
0.9820705618770617
0.9876757681170258
0.9933054445875573
0.9989592193590038
1.0046369200466911
1.010338525130608
1.0160640108352765
1.021804231303284
1.0275695305287538
1.033358856187856
1.0391718452233865
1.0450085962727524
1.0508689545982297
1.0567531862587767
1.062661130491575
1.068592895563316
1.0745485466469915
1.0805344085781559
1.086541707895919
1.0925717840577356
1.098624674105379
1.1046999856140103
1.1107965772686919
1.116910700709678
1.1230530728881665
1.1292163007152718
1.135413171245449
1.1416366641058109
1.1478849696728548
1.1541564897939902
1.160449948730854
1.1667656753319042
1.1731032592769635
1.1794670402294392
1.1858585149408185
1.1922725567018964
1.198709799441466
1.205170270135099
1.2116539881651527
1.2181609843743242
1.2246916075850083
1.231246017549876
1.2378248064315143
1.2444286200703476
1.251058558976539
1.2577154046619543
1.2643998819491769
1.2711120506547113
1.2778517091259292
1.2846183143875838
1.2914054833532789
1.298212715699692
1.3050476901562043
1.311910213415119
1.3188005546503654
1.32571877319506
1.3326645906898373
1.3396372714922289
1.3466356293573571
1.353659154457687
1.3607047365388933
1.3677768114395659
1.3748735467938054
1.381995445014812
1.389144150820903
1.3963222570471079
1.4035274289801647
1.4107593456132461
1.4180175906574233
1.4253024622327635
1.4326139021344086
1.4399517175410632
1.4473163665989557
1.4547073961523185
1.4621250972414597
1.4695694126876908
1.4770403819055264
1.4845380296589195
1.4920624882731284
1.499613632559247
1.5071919383347903
1.5147968602907589
1.5224286589828293
1.5300875672436038
1.5377734015224802
1.5454863533659047
1.5531841674709703
1.5609164765578063
1.568680952920494
1.5764760281738013
1.5843011518698318
1.5921560463301192
1.600040891895993
1.6079553083582736
1.6158994867287266
1.623873261073159
1.6318765357851763
1.6399095346325476
1.6479720598685659
1.6560594353659146
1.6641762346339402
1.672322576095524
1.6804990098151942
1.6887057022291867
1.6969431749747064
1.705211841086388
1.7135115506927259
1.721842680276105
1.7302048813779929
1.7385980580804616
1.7470220145767699
1.7554766189865625
1.763961437342285
1.7724762030677241
1.7810204366470297
1.7895850130529094
1.798172973991378
1.8067931144181
1.8154446042351542
1.8241272168684353
1.8328413114519335
1.8415861747399636
1.850362088918113
1.8591691307016038
1.8680066778470803
1.8768748780700497
1.8857733068441183
1.8947016200352
1.903659595770482
1.9126479627730673
1.9216664306607265
1.9307156292952956
1.9397954435095517
1.9489061264306664
1.9580476968403722
1.9672199066044755
1.9764193215391423
1.9856490498114363
1.9949101056458078
2.004202870844297
2.013527083393653
2.022882989916287
2.032271118900084
2.0416918890347477
2.0511447183046494
2.0606234200206903
2.0701102251497767
2.0796608586203966
2.089238165517423
2.098844215114539
2.1084804395372907
2.118147105770948
2.127844588483143
2.1375731374004996
2.1473329550534204
2.157111106346229
2.1668704743437894
2.1766853351993314
2.186538979548745
2.196477050398198
2.2064339939670012
2.216421993261717
2.2264418265862815
2.236463324879461
2.246487277083464
2.256557457185883
2.2666655330225316
2.2768106174299545
2.286991412192205
2.297208277982194
2.3074608466212077
2.317748943959284
2.328072492594203
2.338431051280067
2.348824624594813
2.359253347679214
2.369717038685876
2.380215379626765
2.390748534498965
2.401316121879961
2.4119185583730443
2.422555331429522
2.433226877239694
2.4439327652134537
2.4546732855614968
2.4654483975549395
2.4762578485277005
2.4871015149886055
2.497979706406489
2.5088921686028076
2.519839662798513
2.5308224373834207
2.541843472349518
2.5529057195693245
2.5640126696971373
2.5751919562068997
2.586393664532217
2.597625603970984
2.608870503706384
2.620164730127671
2.6314973694390926
2.6428761632537867
2.6542932798391683
2.6657484534287073
2.6772409280559106
2.688770771915949
2.70033815052883
2.7119428123419125
2.7235840850744837
2.7352628907173573
2.7469792070627785
2.758732078866926
2.7705226617872856
2.7823499981818554
2.7942156314685906
2.8061181419136263
2.818059097818102
2.8300370614787353
2.8420536799709106
2.8541083389534787
2.866200987781659
2.8783320027392154
2.8905016894403266
2.9027095766494035
2.9149562771213513
2.927242449881053
2.9395671485084796
2.9519309911564697
2.964334849414533
2.9767776944591375
2.989260762037227
3.0017836161037597
3.014239074495974
3.026763983887279
3.0393376511703374
3.051956945142835
3.064621013953461
3.077329674047123
3.090082523501487
3.102879327414752
3.1157194560299546
3.1286036152367247
3.1415313798772724
3.154501395296761
3.1675158874129883
3.180573255085565
3.193673700449879
3.2068172194395452
3.2200036208371197
3.233233945485214
3.2465066900127257
3.2598223630450622
3.273181303757178
3.2865837084500984
3.300031027503361
3.313521142668114
3.3270548198845313
3.340634309502738
3.354257787560761
3.36792474420626
3.38163653004875
3.395391560296811
3.4091911990557975
3.4230340850111225
3.436921653746958
3.4508530334890493
3.4648287888046148
3.4788484752594075
3.4929112033286422
3.5069962329507356
3.521144246764111
3.535351043468099
3.549604640233297
3.5639097393642856
3.5782705915676507
3.5926874191024347
3.6071596373367236
3.621686614463495
3.636266342453397
3.6508970492606374
3.665578770580389
3.680309649870309
3.695089815588435
3.7099177888671275
3.7247925078897373
3.7397126997988104
3.7546873370525877
3.769701901804619
3.784763773617787
3.7998868542294924
3.8150583322063465
3.8302782395593855
3.8455457791004055
3.860859304604675
3.8762316242426476
3.8916454444190047
3.907109879955301
3.92262680142139
3.9381947160611785
3.953813381823663
3.969379759587388
3.984975755182276
4.000646113713231
4.016381043383809
4.032177285629179
4.048034288753048
4.063950914194111
4.079927513236816
4.095963314773785
4.112054225483197
4.128183678702774
4.1443640889214794
4.160597272247637
4.176882341954174
4.19322146899343
4.209615822360915
4.22606337136483
4.242566612035064
4.259125070514163
4.275740102011442
4.29241079485649
4.309137291055872
4.325921305189328
4.342761065144892
4.359658244530374
4.3766132054695
4.393625562612599
4.410696562416615
4.427825537361124
4.445012174030793
4.46225780164623
4.4795625493811
4.496927556378541
4.514351458956095
4.531836323513237
4.549382078281198
4.566989555680963
4.584658328435469
4.602390237871451
4.620186441703596
4.638046803468274
4.655972141494379
4.673963168319062
4.692020366296424
4.710144274042613
4.728334989021054
4.746592757243069
4.764918032952123
4.783312729793686
4.801774586399814
4.820302847139722
4.838899570163187
4.857562833383872
4.876293467346454
4.895089758120393
4.913953110494688
4.9328811957802285
4.951873600242109
4.970929427982485
4.990045439114937
5.009238760286638
5.028486435853557
