0.0001906270870320655
0.00019521009127942553
0.0001999166057042492
0.00020474992662991855
0.00020971335674966861
0.00021481045311128247
0.00022004502988312173
0.00022542021239467877
0.00023094035297111694
0.00023660919201388882
0.00024243077318103335
0.0002484091733065144
0.00025454864734735666
0.0002608535077288592
0.0002673282210436246
0.00027397737443762143
0.0002808057068862568
0.0002878181408876812
0.00029501950097441374
0.00030241500778873016
0.0003100098031552569
0.00031780934150314115
0.0003258191334883652
0.00033404490190500416
0.00034249244882342993
0.0003511678213482046
0.00036007716156578494
0.00036922678529879654
0.0003786232747264446
0.00038827317489045977
0.0003981836721142195
0.000408361469656188
0.0004188140514956854
0.0004295487744102293
0.0004405733185087381
0.00045189566345035646
0.00046352371981516025
0.0004754659194137042
0.00048773083335005354
0.000500327206799813
0.0005132641016487491
0.000526550838488615
0.0005401969408716695
0.0005542121429496042
0.0005686066872605244
0.000583390926811521
0.0005985754125087304
0.0006141713101331286
0.0006301897212051497
0.000646642350649727
0.0006635412167514343
0.0006808985866950854
0.0006987269045717393
0.0007170395353017892
0.0007358496341133353
0.0007551710422736703
0.0007750179255347777
0.0007954050911691984
0.0008163472299692088
0.0008378602887350656
0.000859959672931123
0.000882662294648202
0.0009059849481958399
0.0009299451320470208
0.0009545608121419764
0.0009798505790280553
0.0010058335259761414
0.001032529466789586
0.0010599588129001389
0.0010881424770678447
0.0011171024067037423
0.0011468608520790904
0.0011774410607285864
0.0012088671026123815
0.001241163707053207
0.0012743565492698715
0.0013084722077764993
0.0013435381753324283
0.001379583036430672
0.0014166363629944626
0.001454728710753816
0.001493892050874433
0.0015341594923371997
0.0015755655194129904
0.001618145920097746
0.0016619382598615248
0.0017069812299500145
0.0017533156655445757
0.0018009844358865903
0.001850032210934687
0.0019005056389679706
0.0019524540672720473
0.0020059295146174507
0.0020609867213519065
0.002117683685465557
0.0021760819939804286
0.0022362471489681523
0.0022982490661189155
0.0023621628745405456
0.0024280696149466823
0.00249605693833044
0.0025662203753821283
0.0026386645698398274
0.0027135055746084365
0.0027908728717438566
0.002870912795297257
0.002953792557943783
0.0030397068245203982
0.0031288864837973065
0.0032216120705106286
0.0033182353849076107
0.0034192140510681075
0.0035251789481504335
0.003637054658568458
0.0037562969384017392
0.0038852534645292935
0.00402729236615178
0.004186250398543201
0.004365811719732455
0.004568903185292613
0.004797804094184324
0.005053740790328562
0.0053375606789655885
0.005649639497791311
0.005990067653603297
0.006359063094848051
0.006756600487523406
0.007182763711789206
0.007637676565970399
0.008121631035906702
0.008635134235027608
0.00917887590844343
0.009753701552949643
0.010360588975903251
0.011000629883078063
0.01167501179887657
0.012385002782156304
0.013131838449822934
0.013917086150825292
0.01474195679255771
0.015608036410861415
0.016516506802891007
0.017468868380187713
0.01846607199415239
0.019508682665102
0.020597416286397354
0.021733054086190463
0.022916271845680625
0.02414796393774281
0.025428614454509092
0.02675898278502272
0.028139439991801723
0.029570551474405748
0.031052676839065454
0.03258636299276544
0.03417222734569108
0.03581113002671432
0.0375044868365287
0.039253861191642536
0.04106059151091126
0.042925707651086574
0.04484991805434244
0.046833869801650344
0.048877854890354865
0.05098207342969408
0.053146485126137136
0.05537109912749503
0.05765565566892748
0.0599999754760163
0.06240379997264663
0.0648668266237058
0.06738876119888776
0.06996949228647178
0.07260875105676043
0.07530619895255913
0.07806143986053693
0.08087409950228255
0.08374369329417868
0.08666967841536717
0.08965135785517124
0.09268789459043486
0.09577842005790863
0.09892189164956103
0.10211754850734923
0.10536468841042665
0.10866237990224224
0.11200954424268321
0.11540520212451648
0.11884841057933344
0.12233816284409053
0.12587357304104774
0.12945355273096118
0.13307718837037905
0.13674362866026063
0.1404519588860792
0.1442011367756434
0.14799020008701003
0.15181840877747363
0.15568470450781308
0.1595883613145664
0.16352869588053978
0.16750495554985603
0.17151641969736098
0.1755627423047237
0.17964326426024438
0.1837576967141996
0.18790572041266748
0.19208695291787925
0.19630139625934936
0.20054879022766212
0.20482915421245598
0.20914251924801397
0.21348897594465996
0.21786873464188442
0.22228207528035915
0.22672936264176455
0.23121100328487273
0.23572761079336282
0.2402797457153376
0.24486809965773232
0.249493542406458
0.2541568728723966
0.2588590432145207
0.2636012230392148
0.26838440369843797
0.2732098425729593
0.27807887924311697
0.28299288310109966
0.28795336041732617
0.2929617893791548
0.2980199125397273
0.3031293989174056
0.30829219292455623
0.3135101114853891
0.31878535325477253
0.32411987740919296
0.3295161111317309
0.3349762309312645
0.34050261417992295
0.34609802320076577
0.35176511865334587
0.35750653044655195
0.3633252578401956
0.36922449505464916
0.3752072269049026
0.381277144405349
0.3874375099362217
0.3936923699588704
0.40004526696083004
0.406500426751185
0.41306251686007256
0.41973589481918405
0.4265255207161891
0.4334369053117626
0.4404754564706412
0.44764736189326193
0.45495914994998987
0.4624179862239687
0.47003176643075545
0.47780910798961806
0.48575958579524775
0.4938940596212578
0.502224530501027
0.5107646292286903
0.5195300694222907
0.5285381583746618
0.5378085035244256
0.5473626217194211
0.5572237542060572
0.5674173672105787
0.5779707719355577
0.5889150077354389
0.6002855860162445
0.6121244642391839
0.6244820631987276
0.6374195238983122
0.6510120166440174
0.6653518627924216
0.6805541291593802
0.6967636736979009
0.7141654465595009
0.73299867155988
0.7535780006458757
0.7763251140571266
0.8018172640418453
0.8308640030687172
0.8646324943484077
0.9048610385746569
0.954241126872761
1.0171394596312875
1.1010608330862004
1.2198731010375095
1.4017159915067172
1.7111819644652984
2.3223122558388645
3.7825422899335814
7.153758834860082
9.390801810188174
9.400762272459579
9.229419480644973
9.143755759333
9.121354184856182
9.134864635850146
9.168572619310389
9.21466138588125
9.269760383473395
9.332597239171891
9.402513076927073
9.478762691479082
9.560326769431873
9.645934542915866
9.73424474172141
9.824071822580112
9.914586706172033
10.005360766590725
10.096347868458201
10.187759386097607
10.27988515574771
10.373084746138574
10.467701555999977
10.564053041828242
10.662419081943888
10.763049250856657
10.866163974393098
10.971999622752625
11.080735433662667
11.192566572233188
11.307650091778887
11.42620764627049
11.548390781657105
11.674414240424236
11.80446406383815
11.938680142222635
12.077363442250963
12.220572571011932
12.368628988527046
12.52176834803036
12.68024987617039
12.844206362317282
13.014001433005335
13.189672807404163
13.37196727466941
13.56078661204247
13.75628858255238
13.959582718821792
14.17012878637746
14.38891921947378
14.615928143321693
14.85165386403756
15.09704201708874
15.351571743469938
15.616473536415016
15.89259371451799
16.179181304614293
16.478689529843983
16.790083035613662
17.114567470204115
17.451974642499763
17.805365495250147
18.174591713515767
18.558560422801115
18.961221683894127
19.380994767247525
19.819825300698774
20.280109411032612
20.761222270728062
21.264933165434957
21.791713281758767
22.34495676980199
22.924567381918514
23.536180511514
24.174031481094016
24.84889281315777
25.55402343961692
26.296145369466693
27.07839701157525
27.90443079714502
28.772421072565674
29.690490064068552
30.66185356094137
31.678911020317617
32.76487695902298
33.90409344954555
35.11338923654826
36.393840188974856
37.75697514369192
39.19732356602522
40.72846676627304
42.356419811301386
44.07745232331579
45.9290625400061
47.880619855343475
49.98084624543092
52.20827196889947
54.598530669051364
57.1546987004006
59.89444982056335
62.842365688333956
65.98269087775807
69.38615133847414
