-0.35294047224007213
-0.3529312298288511
-0.35292153344978416
-0.35291163186330565
-0.3529028230981061
-0.3528904524188602
-0.35287940173155474
-0.3528649893465328
-0.3528528685805382
-0.35283827133925794
-0.3528238546682327
-0.352807152953027
-0.35279311354159265
-0.35277376346837547
-0.3527580569232837
-0.35273932332574714
-0.3527182120599948
-0.35269910727053916
-0.3526755966125969
-0.35265324473161913
-0.35262808598826123
-0.35260233120246104
-0.35257475401453814
-0.352546733875815
-0.3525146235844497
-0.3524845619750572
-0.3524480681274436
-0.3524126090577131
-0.35237571905894355
-0.3523343204180975
-0.35229411527115634
-0.35225191252701604
-0.3522019405724873
-0.352153078326271
-0.35210061626996164
-0.3520490423143514
-0.35198828504505214
-0.35192834684541263
-0.35186580230175374
-0.3517966312606091
-0.3517269802123033
-0.3516504273394658
-0.3515722696702805
-0.35148715576402745
-0.3513966698686159
-0.3513063986448362
-0.3512093736199454
-0.35110184781182274
-0.3509929276626414
-0.35087826681409506
-0.3507567919762421
-0.3506323245891978
-0.3504948521338681
-0.35034878939262554
-0.35020112635151757
-0.35004188070541004
-0.3498772716585312
-0.3497000295975309
-0.34951507079079547
-0.34931768385187284
-0.34911150721914974
-0.34889350410140046
-0.34866390039840944
-0.34842126973396387
-0.34816588000557736
-0.34789614571089333
-0.34761215251441335
-0.34731322295416867
-0.34699693844755775
-0.3466643731443853
-0.3463162879862375
-0.3459402819059901
-0.3455494406474396
-0.34513659516112355
-0.34470251306916
-0.34424366529729605
-0.3437609706443407
-0.3432504410387666
-0.34271506821916314
-0.34214653365935443
-0.3415503243594047
-0.34091925177725957
-0.34025132061979574
-0.33955141918518406
-0.3388123363763784
-0.33803165285932446
-0.33721225889411277
-0.33634240580629127
-0.33542909517454816
-0.33446494370768765
-0.33344487409713386
-0.3323730829298703
-0.331246047998191
-0.3300492975030909
-0.32879255477490144
-0.3274661618897635
-0.32606872206351295
-0.3245923720393643
-0.3230336237746787
-0.32139314823805537
-0.31966211184108934
-0.31783655543406164
-0.315912589296322
-0.3138811158281648
-0.311743745316092
-0.30948271701161073
-0.30710757266128325
-0.30459292391832093
-0.30194674304300956
-0.29915085279669906
-0.29620551492896
-0.293099996453787
-0.2898243663266497
-0.28636522187651386
-0.28272221479564247
-0.27887887705545056
-0.27482348523582756
-0.2705499902255932
-0.2660397074988237
-0.26128499735873895
-0.2562712076973268
-0.25097784251461125
-0.24539792618197329
-0.23951506514348087
-0.2333059113617131
-0.22675890468921842
-0.2198575358548141
-0.21257038474120585
-0.20488799117801254
-0.1967820041578788
-0.18823432367151538
-0.17921802216294708
-0.16970652807774872
-0.15967401907172687
-0.14909233587117712
-0.13792356799218528
-0.12614464516378504
-0.11372164776325637
-0.10061294323338482
-0.0867795328758159
-0.07218548980561881
-0.05679021451247079
-0.04054600562599876
-0.023408277579960477
-0.005318338912059037
0.013765372735012191
0.03390813500938456
0.055162742348250395
0.07759772117225215
0.10127453763463883
0.12626964729231957
0.15265268609349167
0.18050271911273877
0.20990786256558794
0.24095942250266844
0.27374496999831377
0.308380651305874
0.3449846911862367
0.3836942327842801
0.42463183679214744
0.4679350676032101
0.5137338442500613
0.5621596029407516
0.6133568608771842
0.6674677995042805
0.7246502524683442
0.7850746466636075
0.8489058078663284
0.9163334054995127
0.9875449483362271
1.0627471430277304
1.142159520985965
1.2260078388807718
1.3145308473373156
1.4079833578863987
1.5066259316963528
1.610748504341351
1.720639014816909
1.8366105313081482
1.958994403669766
2.0881328871785247
2.224385515427379
2.3681420383373166
2.519801040917951
2.679785446506825
2.848539783093566
3.0265359885549397
3.214267278472628
3.4122509667409653
3.621035092881365
3.8411923719829364
4.073330994451052
4.318084395955391
4.576120208104265
4.848146169574943
5.134900154260193
5.43716546410097
5.755761710175325
6.091556423701046
6.445456865033871
6.8184193464202405
7.2114496017839596
7.625601470153082
8.06198013382409
8.521755142209825
9.006148861751043
9.516444102409743
10.053995401961016
10.620234109356542
11.216639419778327
11.844791273640768
12.506340187179088
13.20301521422628
13.936655293183664
14.709168663178977
15.522567960382592
16.378987800595777
17.28064231522429
18.229880413012687
19.22916256075069
20.281077809083136
21.388345875003854
22.553830614730007
23.78053183710125
25.07161176181474
26.430391450670452
27.86036264103285
29.365196550594007
30.948749784991534
32.61507800375554
34.368445245231115
36.21332592182969
38.15443492376131
40.19672293058417
42.34538935274574
44.60591517200938
46.9840369574665
49.485806366960105
52.11757459401705
54.88602412020785
57.79817679259781
60.86140900212174
64.08348435587209
67.47255509049583
71.03719821752462
74.78642395951195
78.72971722914403
82.87704048900439
87.23886272125539
91.82619137751895
96.65061582072063
101.72429831188545
107.06004045579192
112.6712985751648
118.57222038916117
124.77767929329212
131.30332693841376
138.16560017170696
145.3818082424336
152.97012938330104
160.949702427301
169.34063257809578
178.16409404647342
187.44232595642598
197.19873893097898
207.45795249136063
218.24585667037493
229.5896983494458
241.5181320551597
254.06131040212523
267.25095375651375
281.1204440305471
295.70491234933627
311.0413351718592
327.1686367243621
344.1278010108886
361.9619837612394
380.71663605940984
400.4396486336332
421.18148635973006
442.99535842159463
465.9373830740192
490.0668071833162
515.4462070499974
542.1417704762637
570.2236071437544
599.7661478703919
630.8486212020331
663.5558048964408
697.9789469373648
734.2173454234911
772.380837979882
812.5942055965678
855.0053047692616
899.799804861122
947.2139111461837
997.3268077849417
1048.0687315990065
1098.8702486973436
1153.7099280013979
1212.1929850986594
1274.0155865764887
1339.192154429698
1407.8377480749098
1480.106464928593
1556.1728832339036
1636.2256717132848
1720.465527431254
1809.1049982368886
1902.3689902968174
2000.495382816424
2103.735755346136
2212.356000024588
2326.6369104195846
2446.874645983554
2573.3812768449056
2706.4854064221995
2846.532947070132
2993.8880669122336
3148.934174052118
3312.075006260915
3483.735714926312
3664.3640670021514
3854.43163464219
4054.4351350265383
4264.897665347741
4486.370245781154
4719.433246688861
4964.697956950666
5222.808291528639
5494.44246114659
5780.314895134055
6081.178122397228
6397.824929932938
6731.090442677163
7081.8542092794605
7451.04318604865
7839.633357046057
8248.653616370266
8679.187175409546
9132.375951712307
9609.42222925086
10111.593950586905
10640.225373337204
11196.724005310538
11782.57205444129
12399.331124027662
13048.647000980342
13732.25403239113
14451.979126039425
15209.74916956833
16007.59346676392
16847.650758457523
17732.174557728038
18663.5403556734
19644.253988472214
20676.952304088783
21764.417661147618
22909.583054786774
24115.537800722734
25385.5411578964
26723.028486071882
28131.61816171378
29615.128857596013
31177.58735249674
32823.235926330155
34556.54870022333
36382.24261163022
38305.29991875695
40330.96421832695
42464.76870365199
44712.55160505211
47080.47583109172
49575.03093397514
52203.073045051104
54971.83041745642
57888.93365920255
60962.43372360065
64200.82746250527
67613.07234098235
71208.64961734552
74997.54158222406
78990.29503350377
83198.06342347852
87632.60233121375
92306.33393673644
97232.39579935555
102424.66750828327
107897.78221982307
113667.23753524465
119749.41621978745
126161.62902529127
132922.16877393032
140050.40274076432
147566.82217466098
155493.07986597554
163852.11724772325
172668.2037163597
181967.03035964115
191775.77222908614
