-19043.731236724627
-19043.464700265693
-19042.665089338956
-19041.332422580388
-19039.46667637039
-19037.067834583406
-19034.135976040587
-19030.67098340529
-19026.672943467613
-19022.14182807293
-19017.077587077914
-19011.480301472613
-19005.349898174332
-18998.686413121744
-18991.4898155854
-18983.760110568724
-18975.49728438884
-18966.701367944625
-18957.372313468346
-18947.510126237285
-18937.114807778293
-18926.186339594693
-18914.724716123845
-18902.729932866547
-18890.201971754697
-18877.140836778854
-18863.546542895125
-18849.41901615852
-18834.758293688566
-18819.564364067643
-18803.83719924972
-18787.576781714968
-18770.783130742086
-18753.45620429285
-18735.59599837792
-18717.202534363678
-18698.27574851997
-18678.81564344302
-18658.822208679587
-18638.295434031104
-18617.235329461793
-18595.641803237548
-18573.514919703404
-18550.854622716433
-18527.66091169796
-18503.933769724277
-18479.673152975036
-18454.879075499117
-18429.551502763512
-18403.690429288978
-18377.29583600421
-18350.367678414896
-18322.905967010563
-18294.910678198892
-18266.381769488275
-18237.31923827305
-18207.723069192667
-18177.593226017252
-18146.929684363564
-18115.73244161861
-18084.001457998464
-18051.7367187324
-18018.93818939895
-17985.605856808816
-17951.739701022336
-17917.33967240394
-17882.40578142498
-17846.93797040652
-17810.93622677536
-17774.400535664106
-17737.330836403355
-17699.72714661451
-17661.589394908922
-17622.917587437052
-17583.71167188444
-17543.97162635545
-17503.697424287453
-17462.889035599866
-17421.546417275924
-17379.669563513584
-17337.258422449355
-17294.312960970932
-17250.83315903064
-17206.818982836736
-17162.270375631626
-17117.1873408378
-17071.569821989702
-17025.417779204396
-16978.731192885094
-16931.51001186153
-16883.75421256395
-16835.463761846386
-16786.63859086791
-16737.27871200155
-16687.38404265984
-16636.95458547142
-16585.990254069675
-16534.491044995244
-16482.456908623895
-16429.887787182204
-16376.783665967912
-16323.144483254673
-16268.970203403622
-16214.26078529711
-16159.01618905139
-16103.236370410232
-16046.921272569603
-15990.070853375502
-15932.685093504844
-15874.76391795403
-15816.307287299442
-15757.315152928148
-15697.78748282986
-15637.724209184176
-15577.125284112657
-15515.990676843994
-15454.320317868513
-15392.114169365448
-15329.372171856052
-15266.094276463016
-15202.280433943362
-15137.930593488634
-15073.044693092603
-15007.622676548888
-14941.66450119422
-14875.17010592232
-14808.139433322493
-14740.572436512717
-14672.469042070352
-14603.829196791627
-14534.652855685388
-14464.939945312666
-14394.69040992854
-14323.904197273134
-14252.581225496184
-14180.721453535287
-14108.324809857362
-14035.391229533601
-13961.920665774363
-13887.913013015408
-13813.368249035888
-13738.28629434304
-13662.667068699855
-13586.51052436974
-13509.816580666846
-13432.585177904848
-13354.816229078317
-13276.509673185723
-13197.665453691081
-13118.283483810754
-13038.363685383903
-12957.90600046557
-12876.910338867841
-12795.376635166524
-12713.30479785791
-12630.694783407185
-12547.546480889016
-12463.859833933364
-12379.634733266092
-12294.871135805346
-12209.568934868514
-12123.728065015932
-12037.348415452012
-11950.429935156066
-11862.972512844106
-11774.976087736206
-11686.440544860036
-11597.365813971566
-11507.751809309295
-11417.598424459966
-11326.905581446556
-11235.673187162281
-11143.90114539262
-11051.589351752571
-10958.737728714199
-10865.346171225803
-10771.414589835485
-10676.94287336927
-10581.930929869133
-10486.378665068652
-10390.285958503764
-10293.652721033524
-10196.478838370458
-10098.764214421086
-10000.508779244155
-9901.712374240924
-9802.374909509765
-9702.496265708998
-9602.076324416847
-9501.114997279501
-9399.612155225823
-9297.567678693395
-9194.981444512374
-9091.853329617936
-8988.18321774828
-8883.971005805774
-8779.216544132847
-8673.919712536544
-8568.080388255974
-8461.698447921124
-8354.773750672108
-8247.306158135436
-8139.295562793499
-8030.741813162649
-7921.644790412162
-7812.004281880252
-7701.820220105254
-7591.092456734047
-7479.820821402247
-7368.005168778364
-7255.645359129679
-7142.741256171377
-7029.292663926754
-6915.299453984016
-6800.761475711568
-6685.678551678294
-6570.0505156624195
-6453.877206044283
-6337.158465646069
-6219.894107718832
-6102.083984722934
-5983.72787447727
-5864.82564692475
-5745.377084706808
-5625.382029853664
-5504.840265903745
-5383.751591612606
-5262.115859751308
-5139.932852592328
-5017.2023407918405
-4893.924341969134
-4770.098341571623
-4645.724184958035
-4520.801653722103
-4395.330458014185
-4269.310461396614
-4142.741592488159
-4015.6235053980567
-3887.955927715608
-3759.7386375393676
-3630.97133844516
-3501.6538206411506
-3371.7858094835624
-3241.3670487301583
-3110.3972492343614
-2978.876132124282
-2846.803417340636
-2714.178839455351
-2581.0020426735623
-2447.2727490420843
-2312.990620838812
-2178.1553561216656
-2042.766595531573
-1906.823987280025
-1770.3271975834741
-1633.2758428735103
-1495.6695639894117
-1357.5079287702492
-1218.79056727891
-1079.517044908509
-939.6869310175529
-799.2997418383483
-658.355031094377
-516.8523159691466
-374.7910229056362
-232.17061823856292
-88.99058982583946
54.74979396461731
199.05104171959567
343.91392775757816
489.3391627423419
635.3275579862259
781.879991844331
928.9974205262505
1076.6809603131492
1224.9318634867973
1373.7517177829081
1523.1431867044541
1673.1117195331801
1823.6655049241767
1974.8134578342163
2126.5644270636076
2278.9264230384883
2431.9064205802038
2585.510309721894
2739.743041276209
2894.608780863582
3050.11102543301
3206.2527463839815
3363.0364814238433
3520.4643712172024
3678.53833275804
3837.2599804722836
3996.630746572487
4156.651890659216
4317.3244845453555
4478.649498520253
4640.62779984131
4803.260075611981
4966.547080475266
5130.489308739706
5295.087329364772
5460.341560398196
5626.252459453001
5792.820265291163
5960.0453298898365
6127.927901031525
6296.468208338625
6465.666334501734
6635.522576226373
6806.036883586917
6977.2093409201325
7149.040118679686
7321.529204457449
7494.676590619483
7668.482280254972
7842.946248914316
8018.068438904588
8193.848780099619
8370.287210177325
8547.383631605733
8725.137936633615
8903.549947180501
9082.619614609766
9262.346771167951
9442.731243525768
9623.772997410604
9805.471744372546
9987.827370516912
10170.839657700066
10354.508456174948
10538.83356562497
10723.814750826086
10909.451864609535
11095.744661187224
11282.692974084868
11470.296530095344
11658.555113640254
11847.468563786268
12037.03659735402
12227.259021904298
12418.135608556187
12609.666030931503
12801.850205059241
12994.68778035661
13188.178584194673
13382.322369178019
13577.118824041821
13772.567831834733
13968.669051106403
14165.42223710799
14362.827229476912
14560.883723205225
14759.591470557767
14958.950235773611
15158.959834946947
15359.619911402177
15560.930318592644
15762.890798307093
15965.501020039917
16168.760848857664
16372.669967951588
16577.22828339126
16782.435376074627
16988.291015541803
17194.794960703643
17401.947131447985
17609.747153426448
17818.19486549571
18027.289961960352
18237.03226451845
18447.421524970974
18658.457470386544
18870.1399132399
19082.46859631964
19295.443341062408
19509.063912332025
19723.330022255526
19938.241517654886
20153.79811169882
20369.999593559223
20586.845786984326
20804.336431645945
21022.471351387565
21241.25026724736
21460.672980086394
21680.73931003162
21901.449035298938
22122.801978296113
22344.79791070295
22567.436580655904
22790.71785002226
23014.641381639132
23239.207169987236
23464.414930816583
23690.264363542432
23916.75542951425
24143.887922734848
24371.661455825964
24600.076059185794
24829.13143850647
25058.82738620656
25289.163780555828
25520.14038926085
25751.757039643584
25984.013558919025
26216.90975275828
26450.44543052489
26684.62047218645
26919.43466237821
27154.88779451714
27390.97972781833
27627.71029437984
27865.0793409708
28103.08664733022
28341.732073251453
28581.015454425167
28820.93657599955
29061.495458747304
29302.691754719715
29544.52530615855
29786.99612919999
30030.103853789737
30273.848459457397
30518.229725207537
30763.247519757177
31008.901699219794
31255.192095722025
31502.118609524063
31749.68106413261
31997.879334154113
32246.713255982235
32496.182731837922
32746.287533767027
32997.02758402576
33248.4027497235
33500.41287121536
33753.05783158198
34006.33753119241
34260.25182688487
34514.80053602192
34769.983607670074
35025.80082655771
35282.25213043834
35539.33732647746
35797.05637750429
36055.40922548018
36314.39559543838
36574.01537896659
36834.268545071165
37095.154899225636
37356.67438855585
37618.82691450246
37881.61231275321
38145.03051816181
38409.08129705286
38673.76470734185
38939.08056894789
39205.02882948456
39471.60929318754
39738.82194496533
40006.66672228559
40275.14327528493
40544.25181005901
40813.99201039815
41084.36389041817
41355.36732459478
41627.002244464806
41899.2685502511
42172.166106661054
42445.694884801145
42719.85478210486
42994.64575136915
43270.06748336294
43546.120125466325
43822.80357443933
44100.11776445576
44378.06241205185
44656.63762318934
44935.84328808668
45215.67929126493
45496.14560111909
45777.24215316909
46058.96887993363
46341.325587738786
46624.31232253381
46907.92900455245
47192.17550263845
47477.05182025682
47762.55781395043
48048.69344744056
48335.45867890956
48622.85343102454
48910.87759673541
49199.53122203795
49488.814153772524
49778.72633194312
50069.26770077351
50360.43819867565
50652.237825342985
50944.666492024466
51237.724080441214
51531.41062550981
51825.72598501589
52120.67032973485
52416.24337256909
52712.44510281722
53009.27545746593
53306.734477811064
53604.82205520302
53903.53819209884
54202.88282652452
54502.85588109171
54803.4573608843
55104.68717028231
55406.54536381858
55709.03168277954
56012.14631766052
56315.889139689105
56620.26019502664
56925.25933124538
57230.88648726016
57537.14179318694
57844.02513492694
58151.53631689663
58459.67550059853
58768.44264331203
59077.83763173134
59387.860502662894
59698.51117586075
60009.78966738347
60321.69593774623
60634.22994853439
60947.39173461073
61261.18115323384
61575.59835146751
61890.64308715825
62206.3154826695
62522.61553711178
62839.543163143986
63157.09846554147
63475.28112022164
63794.09141317748
64113.52919299031
64433.59456346962
64754.28738607942
65075.607708085416
65397.55543164979
65720.13068931142
66043.33334660946
66367.16347101075
66691.62106698466
67016.70598733694
67342.41827509395
67668.75802829029
67995.72514416963
68323.31965582927
68651.54152159549
68980.39064971762
69309.86722848019
69639.97116352327
69970.70247179022
70302.06111641435
70634.04714293311
70966.66050900114
71299.90130086892
71633.76941569497
71968.26489810018
72303.38776184105
72639.13797848554
72975.51556344178
73312.5205878043
73650.15302272429
73988.41276113893
74327.29998173697
74666.8146093822
75006.95662559848
75347.7261242915
75689.12307354191
76031.14746322611
76373.79929515974
76717.07868555862
77060.98543524981
77405.51978048217
77750.68163106775
78096.47109132029
78442.88786799177
78789.93234104408
79137.60439301364
79485.90406792033
79834.83132035863
80184.38628449112
80534.56888749504
80885.37915716102
81236.81716580818
81588.88298278797
81941.57643518054
82294.8976836684
82648.84677452249
83003.42355776338
83358.62822995216
83714.4607975412
84070.9212578436
84428.0096121059
84785.72600358643
85144.07038770495
85503.04284801212
85862.64322061143
86222.87171398774
86583.72832501143
86945.2130426177
87307.32599029645
87670.06710597848
88033.43648797538
88397.4341247694
88762.06010958493
89127.31442932584
89493.19708775364
89859.7082050032
90226.84783811703
90594.61585932036
90963.01247532037
91332.03771496548
91701.69151748515
92071.97401925131
92442.88521626477
92814.42512201928
93186.59385322974
93559.39139777815
93932.81775319159
94306.87304954941
94681.5573628289
95056.87069356356
95432.81301207122
95809.3844137599
96186.58504346319
96564.41479508982
96942.87375989507
97321.9621666496
97701.67984457995
98082.02698035492
98463.00344141477
98844.60948896993
99226.84510215957
99609.71028289347
99993.20515996907
100377.32972472059
100762.08412507533
101147.46828498476
101533.48236467753
101920.12629325816
102307.40035109298
102695.3043743618
103083.83851142213
103473.00285885602
103862.79746903232
104253.22237729684
104644.27760351531
105035.9632670462
105428.27922416326
105821.22583652884
106214.80306148817
106609.01095977504
107003.8495648859
107399.3189525631
107795.41916999755
108192.15034200723
108589.51242185682
108987.50560944552
109386.12993536748
109785.38544112435
110185.27230116022
110585.79047123798
110986.9399975227
111388.72099271503
111791.1335135078
112194.17762712014
112597.85346290393
113002.1609564776
113407.10034568736
113812.67159972769
114218.87482233193
114625.71014991186
115033.17752405148
115441.27714735268
115850.00906860025
116259.37329978001
116669.37000065438
117079.9991261902
117491.26084209119
117903.15524074079
118315.68237510348
118728.84244610452
119142.63527329557
119557.0611329918
119972.12007217125
120387.81218848957
120804.1374828603
121221.09614632167
121638.68817068903
122056.91370533835
122475.7727983656
122895.26558113193
123315.39213730693
123736.15242554838
124157.5466305934
124579.57487174332
125002.2371545291
125425.53371237965
125849.46440647345
126274.02949659606
126699.22902223778
127125.06313173438
127551.53179338804
127978.63513950774
128406.37336436455
128834.74642005024
129263.75442532683
129693.39762203261
130123.67601842138
130554.5897054415
130986.13867246601
131418.323190328
131851.14326143262
132284.5989958032
132718.69042586494
133153.41768265856
133588.78089144683
134024.78020297654
134461.41562585178
134898.68731209103
135336.5953673186
135775.13988656778
136214.32082279315
136654.13850167696
137094.59291663626
137535.68414853874
137977.41240058863
138419.77772133952
138862.7802519389
139306.42011404614
139750.69731980065
140195.61193147468
140641.16411137747
141087.35397505772
141534.18166810053
141981.64725366858
142429.75081812573
142878.49253785345
143327.87248884444
143777.89078832662
144228.54754797323
144679.8428872393
145131.77690116887
145584.3497043518
146037.5613638063
146491.41208151067
146945.90192236428
147401.03102599233
147856.7994443263
148313.20734055797
148770.25478003614
149227.941957975
149686.2689668708
150145.23594171676
150604.84286832903
151065.08997651993
151525.97736671966
151987.50517443527
152449.67353696382
152912.48254904215
153375.93228529432
153840.02293631804
154304.75459770852
154770.12737223163
155236.14136557854
155702.7967609091
156170.093639753
156638.03217076015
157106.61244214582
157575.83460720858
158045.69870405435
158516.20489034842
158987.35332692513
159459.14410474486
159931.5773536107
160404.65323047224
160878.3717997418
161352.73328568245
161827.73773814007
162303.38537253172
162779.67629924827
163256.61063098197
163734.1883975682
164212.40986585993
164691.2751466969
165170.78433856825
165650.93759145847
166131.73504359456
166613.17672594546
167095.2628639701
