0.00014284586734453783
0.0001461422313228257
0.00014952732991196734
0.0001530035355301765
0.00015657331277770304
0.00016023917007294985
0.00016400364734118992
0.0001678695657079191
0.0001718394422582065
0.00017591626326135803
0.00018010277265215392
0.00018440198712224828
0.0001888169132596238
0.00019335068342219027
0.00019800648871279837
0.00020278762987790188
0.00020769747671278913
0.00021273946814518105
0.0002179171563338198
0.00022323430506198075
0.00022869454196168773
0.00023430174483302825
0.0002400600213629427
0.00024597330162154455
0.0002520455566584108
0.0002582814063552946
0.00026468518729574463
0.000271261283546365
0.00027801454057273635
0.00028494953483174703
0.0002920712682980985
0.0002993848027276849
0.00030689519727650216
0.00031460787912208514
0.0003225280936808294
0.0003306616707990804
0.00033901422725641264
0.00034759189233961443
0.00035640027150545293
0.00036544598115438137
0.0003747353246367236
0.000384274830026209
0.00039407132921105313
0.00040413165687725437
0.0004144628942471856
0.0004250723992865859
0.0004359677778723704
0.0004471566516248751
0.000458646917666648
0.0004704467097274929
0.0004825645729314685
0.000495008841528796
0.0005077884693694552
0.0005209123456231808
0.0005343902405463792
0.0005482311321733977
0.0005624453375986193
0.0005770422325276738
0.0005920330264891365
0.0006074278853266402
0.0006232378801409732
0.0006394741537274621
0.0006561483692403252
0.0006732723803568546
0.0006908581747389482
0.000708918621442825
0.0007274663336677627
0.0007465143307947373
0.0007660767553391434
0.0007861670760474309
0.0008067998313890635
0.000827989856376857
0.0008497521394837692
0.0008721024089646637
0.0008950564663264559
0.0009186308096159021
0.0009428425381897436
0.0009677088147113183
0.0009932477413299604
0.0010194774094075035
0.001046416838303767
0.0010740855873572917
0.0011025033946067571
0.0011316909845636763
0.0011616694192403735
0.0011924604118367125
0.0012240863129466518
0.0012565701059366453
0.001289935588695561
0.0013242070836989213
0.0013594091473777847
0.0013955682081824381
0.0014327104911856764
0.0014708634392336197
0.0015100551648588884
0.001550314705915364
0.001591671682404973
0.0016341569883897035
0.0016778021894643612
0.0017226401218577853
0.0017687041911313164
0.0018160291435159025
0.001864650787985499
0.0019146059263907558
0.0019659326581789494
0.0020186703142565593
0.0020728592932017006
0.0021285414831507623
0.0021857601023437317
0.002244559851426971
0.0023049868679725512
0.0023670888495247247
0.0024309153038931867
0.0024965172308393955
0.0025639477066439756
0.0026332611675716393
0.002704515024591957
0.0027777676583847313
0.00285308065706731
0.0029305175218067967
0.003010144210514347
0.003092029494952583
0.003176244772161156
0.003262864690964939
0.003351967020396168
0.003443632879294694
0.003537947340108291
0.0036349988197261255
0.003734880724517776
0.003837690989822399
0.003943532207867772
0.004052512827103753
0.004164747180404833
0.004280356384823455
0.004399468639321884
0.004522220718723817
0.004648758077948758
0.004779236681733194
0.004913824067259758
0.005052701156146604
0.005196064389475359
0.0053441280721351556
0.0054971275847244035
0.005655323644340526
0.005819008123559788
0.00598851079732383
0.006164209989739987
0.006346547414902075
0.006536049603778206
0.006733363300753173
0.006939313865071791
0.0071550139831236615
0.007382095346759706
0.007623316893822996
0.00788488500776008
0.00818494759007902
0.008554439195501877
0.009018864718007308
0.009591063257152768
0.010273399565085524
0.0110628090290671
0.01195498124319708
0.01294598744186022
0.014033341246420562
0.015216440606375722
0.016495840530293276
0.017872611185851373
0.019347752527612994
0.020920972752285157
0.02259134729990239
0.024358670546912983
0.02622277476320804
0.02818341516104398
0.030239860588252718
0.032389954581036745
0.034631669537114405
0.03696347170283476
0.039383901936658625
0.04189125546097311
0.04448305809152223
0.0471565816255937
0.049909664713348297
0.052740300655590454
0.05564643451041123
0.058625452922288344
0.06167492977156492
0.06479275247370563
0.06797682175393695
0.07122487334824482
0.07453458549498475
0.07790392071327139
0.08133089749942361
0.08481345751780694
0.08834956702952937
0.09193725259473456
0.09557470686878188
0.0992611330583102
0.10299952564718329
0.10679305393783639
0.11064324893318703
0.11455036286384361
0.11851377373565174
0.12253218997633018
0.1266039874620991
0.13072753206591273
0.1349013351467418
0.13912375973711547
0.14339309983904938
0.14770778862210804
0.1520666668118504
0.15646875794318452
0.160913027907234
0.16539851764137709
0.1699243898614098
0.17449003981546535
0.17909522809863804
0.1837395975473924
0.18842298732736423
0.1931453626389265
0.19790664889363513
0.20270723780806107
0.2075475930729168
0.21242802140843808
0.2173492772806885
0.22231194550072575
0.22731695392507031
0.2323653414726909
0.23745807697569565
0.24259634125830326
0.24778150253622502
0.2530149295825211
0.25829820175060775
0.2636328174083788
0.26902065611808973
0.2744634070478142
0.2799631358401027
0.28552189942927636
0.2911417081687797
0.2968249618062247
0.3025739920270078
0.3083912786648997
0.3142795936273291
0.3202414657690191
0.32628005428797074
0.33239817318401804
0.3385991240014399
0.34488632785224804
0.35126301664579596
0.3577330598184407
0.3643001638405798
0.3709686365242963
0.3777427755260865
0.3846270526511666
0.3916264305449301
0.3987460905739862
0.40599148388361156
0.41336875902251274
0.4208843477669977
0.42854526052326464
0.4363591348999402
0.4443345380252563
0.45248076471387555
0.4608082589611504
0.46932895796514523
0.4780562467285782
0.48700537419931367
0.4961936350477846
0.5056407225650155
0.515368504653951
0.5254009542480629
0.5357640619905145
0.546486123950963
0.5575985281008764
0.5691369606002881
0.5811435152381704
0.5936687967495702
0.6067746267807435
0.6205365291414975
0.6350484373130294
0.6504275735120512
0.6668222061998131
0.6844221742395493
0.7034742600082736
0.7243046850880347
0.7473530295927968
0.7732250029769295
0.8027759609596224
0.8372492962020179
0.878515616278419
0.9295053866339349
0.9950421977025938
1.0835670489059819
1.2110452281062847
1.4108993905566107
1.7632165093170489
2.496791433485401
4.3627396570086665
8.17700305043225
9.615714697275717
9.453375509603234
9.27908153609224
9.195744942071608
9.169028867953031
9.173628535585483
9.196154582949701
9.230421217751164
9.27399482419281
9.325949692861881
9.385613148300218
9.452074882235758
9.52411673660268
9.600302328231912
9.679241408689366
9.75980566633374
9.841246609711694
9.923358820149442
10.006168201936893
10.089923235560565
10.174980921582087
10.261680276706809
10.350341628451012
10.44125360727887
10.534669898668595
10.630830575924879
10.729897026585432
10.832133368990199
10.93763594102786
11.046667866573928
11.159351026806709
11.275867224011236
11.3963815719065
11.52110378762963
11.65016165205122
11.783818080358989
11.922279343544071
12.065624931861835
12.214215219793514
12.368281068435403
12.527952733618553
12.693563066928151
12.865225674045359
13.043443462160672
13.228327038351969
13.420360836605832
13.619844026715894
13.826694045051847
14.041936509875939
14.265612737966233
14.498359768317211
14.740203927154486
14.991864948788384
15.254150660637592
15.526723963315622
15.810908668876175
16.10631560090511
16.414939894665746
16.737480607596705
17.072110887966208
17.42241693179495
17.788233176102896
18.17027773062688
18.57083563147722
18.988827038284537
19.425652090653006
19.88090800368028
20.36012953044562
20.86264648922346
21.387120168292903
21.93750200083849
22.51795752122286
23.122956446918977
23.76335644193329
24.43461306969259
25.135652561280825
25.881698120222424
26.662699024790275
27.485731582071132
28.34834133624871
29.266612691060775
30.229665455072173
31.255433968203157
32.33149472454535
33.46892561521889
34.67798372898313
35.96067777050119
37.312958373939885
38.75708533968973
40.28580372957991
41.906699475001936
43.63292174099576
45.48448834849035
47.44070831805491
49.525611234715065
51.77135539977434
54.159987052421336
56.71205856268759
59.44451376025955
62.38618821783759
65.52402619356498
68.91327896367756
