2.1658291168309842e-5
0.0007218208329633423
0.001422000271102512
0.002122214980150023
0.002822481838162727
0.0035228177091105707
0.0042232399532968175
0.0049237680098932575
0.005624416354507088
0.006325204887453403
0.007026149138719126
0.007727268944716808
0.008428580340394936
0.00913010109089271
0.009831848593449724
0.010533841995035714
0.01123609703767078
0.011938632487208676
0.012641467304375226
0.013344617153851714
0.0140481005295296
0.014751938770997293
0.01545614724817617
0.016160743175123025
0.016865747170576456
0.01757117641301277
0.01827705163759148
0.018983387411076125
0.019690206929533282
0.020397525751125155
0.021105363766819242
0.021813741105516902
0.022522675671744267
0.023232186892489258
0.023942296045087626
0.024653020947267068
0.025364383605596705
0.02607640133689475
0.02678909406827504
0.027502485468603163
0.02821659388039732
0.02893143831688699
0.02964704269462124
0.03036342542249217
0.031080608864775598
0.03179861590994765
0.0325174644854807
0.03323718305960324
0.03395778613862159
0.034679301090394195
0.03540174731955452
0.03612515007568609
0.03684953157676399
0.03757491475714635
0.03830132488506547
0.039028782825882645
0.03975731578405037
0.04048694857551987
0.04121770394371432
0.04194960887587899
0.04268268722895792
0.043416967243805435
0.04415247347222748
0.044889232760537655
0.045627273855875984
0.04636662114671944
0.047107305148529524
0.04784935586101138
0.048592795223449614
0.04933763571452334
0.05008393463352793
0.050831714231265784
0.051581008881277396
0.05233184588741952
0.053084259952929785
0.05383828254638749
0.0545939477716787
0.0553512869200294
0.0561102308267019
0.05687094259117388
0.05763344333381926
0.058397766667982486
0.059163943449412226
0.059932012989198376
0.06070201401463952
0.06147398422121361
0.062247961996868356
0.06302398884087915
0.06380211287988735
0.06458237005137836
0.06536481073821652
0.06614947818591366
0.06693641296388622
0.06772567072359219
0.06851729316957124
0.06931133650385675
0.07010784659216883
0.07090687908068234
0.07170848465349018
0.07251272693530311
0.07331966040805091
0.07412933842022752
0.07494183206776377
0.07575719885441061
0.07657550657015685
0.07739682353067807
0.07822121708253657
0.07904875814123602
0.07987952070827935
0.08071358764636564
0.08155103084540699
0.08239193596486348
0.08323639017214986
0.08408447904320733
0.08493630116153356
0.08579194579686052
0.08665151761097396
0.08751508663605574
0.08838276678452488
0.08925470614360596
0.09013101041164871
0.09101180356305465
0.09189721365968721
0.09278738369692181
0.09368245285927493
0.09458257317284799
0.09548789133608747
0.09639858518571422
0.09731477521352586
0.0982366966806648
0.09916455965935912
0.10009855686252014
0.10103898328311936
0.10198598540165028
0.10293985728062262
0.10390085595204043
0.10486929163155478
0.10584547163194208
0.10682976192406025
0.10782253218510769
0.10882415773481491
0.10983513358740075
0.11085595223294921
0.11188718253670163
0.11292934520391697
0.11398323756857816
0.11504961442849423
0.11612940486786448
0.11722366559028821
0.1183336531366377
0.11946086488038421
0.12060715543746192
0.1217748583015366
0.12296716776893361
0.1241886149277185
0.12544664629678093
0.12676509871386826
0.12906672348986947
0.1335647983907855
0.13971505514437613
0.14693918883951926
0.15477038536481244
0.16285129450553146
0.17093852929062947
0.1788818739051576
0.1865977826701986
0.19404632186859752
0.20121524059604234
0.2081083788489034
0.21473852505237861
0.22112329307441064
0.22728215823853465
0.23323485310098852
0.2390005134293405
0.24459641851013858
0.25003915610718713
0.2553450953798023
0.26052669588872357
0.26559644391005993
0.27056557440554074
0.2754442472833167
0.2802413623666339
0.28496536088474045
0.28962302999470474
0.29422168704594154
0.29876725362741774
0.3032654697102691
0.3077211995075418
0.3121389986861181
0.31652300415439577
0.3208770340601181
0.32520452114385145
0.3295086399035442
0.33379107605196967
0.3380557204262997
0.34230515622239144
0.3465416777427225
0.3507673844551064
0.354984295568938
0.3591942829350492
0.36339900485474314
0.3676001250707036
0.37179907516160154
0.3759972711604438
0.3801960204071819
0.38439646169863195
0.3885996497567988
0.39280194585597483
0.397013760849419
0.40123104630612316
0.4054537335499653
0.40968195847040206
0.4139170612252894
0.4181607678137606
0.42241320774601104
0.4266775471596696
0.430953693302805
0.4352420938979328
0.43954333667532464
0.4438579198021503
0.44818630127262227
0.452529015929025
0.4568864690107414
0.4612591111868427
0.4656473791115684
0.47005159428534055
0.47447218172427214
0.4789094331771738
0.4833637044972903
0.4878352789395361
0.4923244317798241
0.4968314151907071
0.5013555440090087
0.5058978553572178
0.5104587798954446
0.5150385146917794
0.5196372471480362
0.5242551934198681
0.5288925254306721
0.5335494086347607
0.5382260271577558
0.5429225526812228
0.5476391136790266
0.5523758568404471
0.5571329234031236
0.5619104207373053
0.5667084473758295
0.5715271114338147
0.5763663747488682
0.5812262264207998
0.5861065931858053
0.5910073707974287
0.5959285587993751
0.6008702303782789
0.6058325293883947
0.6108156284687474
0.6158198692815913
0.6208456779658704
0.6258993573750515
0.6309695429782323
0.6360617580026408
0.6411746707521155
0.6463139083939208
0.6514748977702651
0.6566576040004387
0.6618619178513555
0.667087755148991
0.6723353663257198
0.6776047642915238
0.6828959894866283
0.6882092390645953
0.6935444323130694
0.6989017092391211
0.7042810184018959
0.7096822223231447
0.7151056468726128
0.7205513896278287
0.7260195928138014
0.7315102859803655
0.737023610426877
0.7425594896785327
0.7481178461418158
0.7536985611931933
0.7593017351923677
0.7649273217445458
0.7705752258916989
0.7762454696451005
0.7819379513311873
0.7876527569777986
0.7933897706356209
0.7991314931920329
0.8048967891965574
0.8106866874408772
0.8165001476072908
0.8223369084671479
0.8281968280434668
0.8340798328784462
0.8399858026978713
0.8459147341004785
0.8518664477991348
0.8578410587851809
0.8638384218611972
0.8698585188069586
0.8759013468403091
0.8819668423680752
0.8880550264352787
0.8941658501452491
0.9002993271914785
0.9064553871891614
0.912634141093156
0.9188354507713645
0.9250593345258871
0.9313058414712762
0.9375748308382046
0.9438663316473268
0.9501800116652687
0.9565155410496322
0.9628688898908447
0.9692455418011863
0.9756444694678679
0.9820656557896962
0.9885089552743959
0.9949743072760387
1.0014616863392272
1.0079710362887195
1.0145022746398988
1.0210552820554581
1.0276299935135993
1.0342266143979673
1.0408458315166664
1.0474855955172402
1.054146473392799
1.0608284104402808
1.067531430777013
1.07425552497964
1.0810005967958776
1.0877666264341341
1.0945536719605904
1.101361739756003
1.1081853190434443
1.1150291466904396
1.121897287655241
1.1287901475902955
1.1357083176841896
1.1426417990822573
1.1495957351247923
1.1565779928194702
1.163572299205531
1.1705836701804522
1.177618473280662
1.1846798474760258
1.191756561066117
1.198853708439204
1.2059727789636183
1.2131140979681763
1.2202779144166944
1.227464367403173
1.2346733795471534
1.241904961897512
1.2491589894775457
1.256435293413142
1.263733533721216
1.27105350149697
1.27839242871074
1.285742417560854
1.2931151666635048
1.300509761618527
1.3079260280899587
1.315364008247038
1.322823852971238
1.3303055573969926
1.3378089973431597
1.345334171790955
1.3528812377298138
1.3604499951657572
1.3680404115915312
1.375652523250527
1.3832860749398102
1.390941183822105
1.3986175448256968
1.4063152041591098
1.4140338854509886
1.4217734474577532
1.429533799039008
1.437314869073024
1.4451165838725561
1.4529388986631289
1.460781873573907
1.4686454164597798
1.4765294234150301
1.4844340340175808
1.4923590304352221
1.5003045474940326
1.508270388277094
1.5162566034108067
1.5242631790541918
1.5322900992305981
1.5403373215063827
1.5484048539005895
1.5564444069127836
1.5645235660556416
1.5726310712420013
1.5807830488970602
1.5889474048131615
1.597130763798386
1.6053335870018097
1.6135561366512157
1.6217981198413425
1.630059934707246
1.638341957236841
1.646644831628581
1.6549695970338731
1.6633172643751564
1.6716867056925588
1.6800722961126822
1.6884787995500308
1.6969057701823573
1.7053533232095095
1.7138215559035308
1.7223104363940116
1.7308203729784593
1.7393511296465676
1.747916236183537
1.756501488141534
1.7651049394298992
1.7737261250560505
1.7823642284895294
1.7910190624514841
1.7996918979021674
1.808397739649253
1.8171129438268945
1.825852051116599
1.834620210902033
1.8434183799265662
1.8522406868792345
1.861080281869075
1.8699315008542396
1.8788084705121901
1.8877067845545825
1.8966221156119394
1.905558553556584
1.9145189878193136
1.9235033361321294
1.932511592682011
1.941542917419094
1.9505945645297047
1.959668450098035
1.968762408203787
1.9778770569149904
1.9870148829882168
1.9961721287315262
2.005350096814118
2.0145480937157205
2.0237672860947895
2.0330071707585913
2.0422684480545272
2.0515510298860797
2.060854615538364
2.0701797523218155
2.079526335475394
2.0888944664944633
2.098284278390224
2.107695678203533
2.1171288358746994
2.126583580870943
2.136060402857058
2.1455591049407334
2.155079749107199
2.164622315409349
2.174187698422858
2.1837773588907785
2.193393016225371
2.2030363575878162
2.2127090931752185
2.222413666908997
2.2321519812688164
2.241926165520911
2.2517393308073403
2.261593506457847
2.271491823081885
2.281437282909254
2.291433487922422
2.30148421442393
2.3115936256155156
2.3217674565903623
2.3320112197086145
2.3423317502686256
2.3527374392363565
2.363238389811005
2.3738454965636357
2.3845729332410137
2.3954371295793586
2.406458377204347
2.417659732657705
2.4290709974189406
2.4407277556932865
2.4526741879755374
2.4649649361180783
2.47766900372177
2.490874023800368
2.504693074593289
2.519274119567785
2.5348127092893633
2.5515743422959813
2.569926762977337
2.5903923876670674
2.613740286659468
2.641150269207981
2.674537927315642
2.717260604139675
2.7759328579018887
2.866398509093218
3.044952453226863
3.572348399931998
4.610570881064039
5.98904630739912
7.593067941719039
9.350012994000206
11.204556240019276
13.105725527366278
14.995858988691255
16.791967610939814
18.357759886500144
19.44703518761464
19.62137826961358
18.29603867976852
15.35766312979115
11.88292499440068
9.095939164987271
7.244832502161769
6.073540349692565
5.321118759329251
4.8207668943312
4.475846179398555
4.230048548169753
4.049890568931498
3.914701353927317
3.811048188797518
3.730069602749261
3.6656656089188564
3.613492340495048
3.5704396114259165
3.5342982545375996
3.503454173979751
3.476911005470004
3.4540311573361007
3.4345148731286645
3.4181721512617345
3.4049818825892766
3.3948478164656652
3.387629674996867
3.3831925949689476
3.38138540602125
3.3819603600723704
3.384761692736952
3.3895922482217395
3.3963222475100037
3.404807666282453
3.4148969129671936
3.4264582343783516
3.4393774129911807
3.4535448306834766
3.4687900001197174
3.4851550375911624
3.5023746642088067
3.520403251944563
3.5391101167654426
3.5583749728224423
3.5781380761226522
3.598260648684017
3.6186607760607807
3.639268105190619
3.660029677816918
3.6808598558981243
3.701703075130941
3.7225591291663034
3.7433674441381726
3.7641492848936586
3.7848911888073524
3.805674723705096
3.8264160507613267
3.847155987631676
3.867914371355333
3.8887155405791707
3.9095798863296585
3.930506451768651
3.951534587426613
3.972652167999997
3.9939123323379584
4.015298981750763
4.036839564662894
4.058523428554677
4.080389412842215
4.102426794677431
4.124659495989738
4.147007300108788
4.169564443241761
4.192329599375129
4.215339762153751
4.23854898809719
4.2619472752604315
4.285635697444169
4.309533487058641
4.333600475657446
4.357918738684352
4.382485269726162
4.4073858525543255
4.432402196703248
4.457589623053519
4.483218312482448
4.5090165135018125
4.534915300705153
4.56116306702257
4.5877190604339715
4.614504826366968
4.6417894294553435
4.6690689950858975
4.696342575585064
4.724477344052348
4.752447222437235
4.780448927111329
4.809077893042733
4.837962893435748
4.866992895755511
4.896223924830929
4.926171570487527
4.956476638286252
4.985922899739625
5.017290776985522
5.047265176825165
5.078228126642037
5.110181776903273
5.141964884718471
5.1738364517398665
5.205983743976034
5.237995937596483
5.269809990084698
5.303493148320431
5.3372057153583725
5.3697276882966465
5.404356754144476
5.438772436284369
5.4717589124464645
5.506534919566712
5.542144083141295
5.577654050003964
5.612897868800096
5.647908197796518
5.684022516693054
5.722458195458179
5.7586850143497115
5.794282152465643
5.833829485127227
5.869527827941995
5.907632195723587
5.948250031309291
5.9854890756566475
6.0226948312465804
6.061295885904995
6.100658344876058
6.140555186861017
6.181662342035483
6.224437125922407
6.265557872751876
6.3028158477831475
6.347063327328937
6.3882194905499805
6.4298769222166525
6.4714175922420125
6.517595954463658
6.555962238455978
6.599270339889706
6.646250883460727
6.691960545381933
6.736525233997115
6.781198336396142
6.826226481790073
6.870411690315834
6.912553261752062
6.955623646042709
7.006508913730774
7.055098985528511
7.095098705830341
7.150445540236839
7.189977602278295
7.246407410558452
7.286726085974787
7.338484627248508
7.392742164430098
7.43699265803636
7.482318938838298
7.532529833140421
7.584624622544646
7.636128349818
7.686458404921276
7.735886376592628
7.7863921810886625
7.84187591130011
7.9016020762856005
7.952645764632037
7.996417510369414
8.059559721963213
8.110271034460602
8.162179276946945
8.221040234729465
8.273754395257363
8.325431275706029
8.39222380748869
8.437016287470179
8.491662835455358
8.558510612085486
8.619392949705974
8.673288178696323
8.726528890638624
8.782087738979504
8.840155561771825
8.900747800034573
8.96425954771042
9.029648927213533
9.091403310560915
9.143076557822834
9.19451683368246
9.266765347811113
9.33566298708653
9.379646058985735
9.458017870019582
9.512026943956673
9.57934927730647
9.639122841054899
9.711968772559421
9.759745256648461
9.845505108219667
9.899792336279269
9.954694051606602
10.036072385085456
10.110763763936331
10.169174320523897
10.225533761939895
10.28804741051576
10.355534569445544
10.42462049614102
10.49335948138893
10.561706222407054
10.63166440783191
10.706973510334983
10.789535030163472
10.871189476109672
10.934991587869069
10.986855453591428
11.066831186659138
11.160512158524725
11.208912474953085
11.288631506898307
11.376393612728462
11.424832081357687
11.530520383941036
11.573543107480326
11.679697298696038
11.732074999709605
11.816023579165861
11.909047092607553
11.954984089283098
12.048626367568346
12.146545837885569
12.205387855133386
12.266496313556972
12.353789079237842
12.45170516934594
12.543307469107635
12.626203917874928
12.70502958939919
12.784265912594153
12.866131899436674
12.950937368865686
13.037211301616763
13.121053063695445
13.19667515324283
13.26238575062237
13.330532805602937
13.423970734428208
13.53966125191658
13.626655060373398
13.67665894637725
13.776228222275149
13.89473900818088
13.938909068741038
14.051976122238846
14.144800292584948
14.20788549840675
14.33652798011988
14.382994065995916
14.517215314412313
14.571544577604811
14.68438205690628
14.78215757704699
14.838281512990513
14.981962320680836
15.050563520657217
15.117282123323692
15.253850444507833
15.35941050601512
