0.010000000000000004
0.010269137878322591
0.010545519276399974
0.010829339144785987
0.011120797680892329
0.011420100470201339
0.011727458631279414
0.012043088964693258
0.012367214105934025
0.012700062682457238
0.013041869474949277
0.013392875582934071
0.013753328594836996
0.014123482762625773
0.01450359918115163
0.014893945972317265
0.015294798474201335
0.01570643943527314
0.0161291592138343
0.016563255982828155
0.017009035940161364
0.01746681352468613
0.017936911637995157
0.018419661872186126
0.018915404743756088
0.019424489933790826
0.019947276534618717
0.020484133303102826
0.021035438920750237
0.02160158226082174
0.02218296266263057
0.022779990213223522
0.023393086036643137
0.02402268259097512
0.024669223973390317
0.02533316623339661
0.02601497769452157
0.026715139284652863
0.027434144875269233
0.028172501629801675
0.028930730361370116
0.02970936590014831
0.030508957470615827
0.031330069078963366
0.03217327991092459
0.033039184740315086
0.03392839434856672
0.03484153595555323
0.035779253662011
0.0367422089038669
0.0377310809187941
0.038746567225324303
0.039789384114855025
0.04086026715689846
0.041959971717928604
0.043089273494192504
0.044248969058861366
0.04543987642390773
0.04666283561710481
0.04791870927455513
0.04920838324916617
0.05053276723550269
0.051892795411455916
0.053289427097182644
0.0547236474317788
0.056196468068164994
0.05770892788667388
0.059262093727842934
0.06085706114492952
0.06249495517667891
0.06417693114089056
0.06590417544934192
0.06767790644464546
0.06949937525962809
0.07136986669984023
0.07329070014981628
0.07526323050372612
0.07728884912107374
0.07936898480811776
0.0815051048257052
0.08369871592423019
0.08595136540644739
0.08826464221888945
0.09064017807265881
0.09307964859438449
0.09558477450815489
0.09815732284926165
0.10079910821060918
0.10351199402267035
0.10629789386789051
0.10915877283046686
0.1120966488824557
0.1151135943071853
0.11821173716097758
0.12139326277421078
0.1246604152927815
0.12801549926105266
0.13146088124740524
0.13499899151353964
0.13863232572870385
0.14236344673005877
0.1461949863304206
0.1501296471746574
0.15417020464604797
0.1583195088239476
0.16258048649414264
0.16695614321331137
0.17144956542904663
0.17606392265693682
0.1808024697162408
0.185668549025732
0.19066559296133384
0.19579712627720694
0.20106676859199754
0.2064782369420004
0.2120353484030362
0.21774202278289445
0.22360228538624008
0.2296202698539335
0.2358002210787681
0.24214649819968173
0.24866357767655234
0.25535605644774934
0.2622286551726663
0.2692862215615218
0.2765337337947792
0.2839763040345941
0.29161918203077003
0.299467758823763
0.3075275705473477
0.3158043023336288
0.3243037923231505
0.3330320357829326
0.34199518933533946
0.3511995753007639
0.3606516861571878
0.37035818911976864
0.3803259308436776
0.39056194225351043
0.4010734435026762
0.4118678490662606
0.42295277297095846
0.4343360341657642
0.4460256620372062
0.4580299020730181
0.47035722167824146
0.4830163161478602
0.49601611480018265
0.509365787275296
0.5230747500030344
0.5371526728450278
0.5516094859155094
0.5664553865857007
0.5817008466767083
0.5973566198460099
0.6134337491727404
0.6299435749471225
0.6468977426695438
0.6643082112649189
0.6821872615181296
0.700547504736498
0.7194018916453943
0.7387637215232639
0.7586466515825108
0.7790647066028559
0.8000322888239652
0.8215641881043295
0.8436755923535513
0.8663820982454098
0.8896997222192538
0.9136449117774813
0.938234557087083
0.9634860028934179
0.9894170607546422
1.0160460216054095
1.043391668658708
1.0714732906549336
1.1003106954675526
1.129924224074931
1.1603347649082132
1.1915637685853464
1.2236332630416578
1.256565869067655
1.2903848162649996
1.325113959431924
1.3607777953896387
1.397401480261604
1.4350108472178476
1.4736324246968584
1.5132934551178863
1.5540219140968747
1.5958465301795584
1.638796805105657
1.6829030346184524
1.7281963298344374
1.7747086391880893
1.822472770967274
1.8715224164551556
1.9218921736949437
1.9736175718942477
2.026735096486227
2.081282214865249
2.137297402815186
2.194820171648991
2.253891096078711
2.3145518428355905
2.3768452000604303
2.440815107484979
2.5065066874256012
2.5739662766111087
2.643241458867209
2.7143810986805903
2.7874353756663726
2.8624558199631895
2.9394953485808926
3.018608302726507
3.099850486134782
3.1832792044303373
3.2689533055492164
3.3569332212483283
3.447281009732063
3.5400603994261655
3.635336833929702
3.7331775181768805
3.8336514658412506
3.936829548015729
4.042784543202788
4.151591188650081
4.263326233067684
4.37806849076417
4.495898897239693
4.616900566275284
4.74115884855865
4.868761391887793
4.9997982029949535
5.134361711034468
5.272546832779321
5.414451039572386
5.560174426079589
5.709819780893445
5.863492659036845
6.0213014564181675
6.183357486290276
6.349775057767294
6.5206715564546105
6.696167527248873
6.8763867593665084
7.0614563736606515
7.2515069122880975
7.446672430789576
7.647090592648175
7.852902766392769
8.06425412531482
8.28129374986896
8.504174732829533
8.733054287277362
8.968093857492741
9.209459232833082
9.457320664675386
9.711852986506086
9.973235737242998
10.241653287876254
10.517294971517709
10.800355216950416
11.091033685772446
11.38953541323175
11.696070952851464
12.01085652494755
12.334114169143687
12.666071900990875
13.006963872802263
13.357030538816716
13.716518824807427
14.085682302255474
14.464781367210978
14.8540834239681
15.253863073683434
15.664402308070875
16.085990708309435
16.518925649304556
16.963512509446794
17.42006488601591
17.888904816382304
18.370363005161884
18.864779057484384
19.372501718539954
19.8938891195728
20.429309030495443
20.97913911930184
21.54376721846217
22.123591598487426
22.719021248856656
23.33047616650496
23.958387652075814
24.603198614146788
25.265363881642852
25.945350524658195
26.643638183912426
27.36071940907368
28.09710000618745
28.853299394455732
29.629850972618748
30.42730249519725
31.24621645886094
32.087170499195544
32.9507577981484
33.83758750243991
34.748285153236
35.68349312738501
36.64387109052931
37.630096462412446
38.64286489470924
39.68289076171608
40.7509076642476
41.847668947095116
42.97394823041183
44.1305399553996
45.31825994468223
46.53794597776047
47.79045838195503
49.07668063925335
50.397520009489725
51.75390817029714
53.14680187428271
54.577183623890235
56.04606236442583
57.554474195735516
59.103483103036744
60.694181707419354
62.32769203654528
64.0051663160912
65.7277877824909
67.49677151755259
69.31336530553843
71.17885051331153
73.09454299417084
75.06179401601186
77.0819912144675
79.15655957170169
81.28696242154601
83.47470248168813
85.72132291364119
88.02840841123945
90.39758631843095
92.83052777715348
95.32894890610437
97.8946120112355
100.52932682882715
103.23495180201799
106.01339539169093
108.86661742264025
111.79663046596865
114.80550125869115
117.89535216154366
121.06836265602884
124.32677088175214
127.67287521513344
131.10903589060797
134.63767666545976
138.26128652946218
141.98242146053124
145.80370622763027
149.7278362421974
153.75757945940308
157.8957783305751
162.1453518081735
166.50929740472563
170.99069330717484
175.59270054813496
180.31856523558076
185.17162084254846
190.15529055846022
195.27308970373213
200.5286282093676
205.92561316328838
211.46785142519286
217.1592523117941
223.00383035432563
229.00570813026292
235.16911917125697
241.4984109493313
247.9980479434492
254.67261478861346
261.5268195097207
268.5654968424507
275.79361164353304
283.2162623927994
290.8386847894845
298.66625544532184
306.70449567703236
314.9590754008839
323.4358171320676
332.1407000917132
341.07986442443945
350.2596155294143
359.6864285079814
369.3669527309874
379.3080165290371
389.5166320089744
399.9999999999999
